time	day	hour	min	sec	vessel_a_x	vessel_a_y	vessel_a_z	vessel_b_x	vessel_b_y	vessel_b_z	vessel_c_x	vessel_c_y	vessel_c_z	vessel_d_x	vessel_d_y	vessel_d_z	vessel_e_x	vessel_e_y	vessel_e_z	vessel_f_x	vessel_f_y	vessel_f_z	vessel_g_x	vessel_g_y	vessel_g_z	suav_1_x	suav_1_y	suav_1_z	suav_2_x	suav_2_y	suav_2_z	suav_3_x	suav_3_y	suav_3_z	suav_4_x	suav_4_y	suav_4_z	suav_5_x	suav_5_y	suav_5_z	suav_6_x	suav_6_y	suav_6_z	
0	22	13	18	57	0	0	0	0	0	0	0	0	0	0	0	0	0	0	0	0	0	0	0	0	0	0	0	0	0	0	0	0	0	0	0	0	0	0	0	0	0	0	0	
0	22	13	18	57	0	0	0	0	0	0	0	0	0	0	0	0	0	0	0	0	0	0	0	0	0	0	0	0	0	0	0	0	0	0	0	0	0	0	0	0	0	0	0	
0	22	13	18	57	0	0	0	0	0	0	0	0	0	0	0	0	0	0	0	0	0	0	0	0	0	0	0	0	0	0	0	0	0	0	0	0	0	0	0	0	0	0	0	
0	22	13	18	57	0	0	0	0	0	0	0	0	0	0	0	0	0	0	0	0	0	0	0	0	0	0	0	0	0	0	0	0	0	0	0	0	0	0	0	0	0	0	0	
0	22	13	18	57	0	0	0	0	0	0	0	0	0	0	0	0	0	0	0	0	0	0	0	0	0	0	0	0	0	0	0	0	0	0	0	0	0	0	0	0	0	0	0	
0	22	13	18	57	0	0	0	0	0	0	0	0	0	0	0	0	0	0	0	0	0	0	0	0	0	0	0	0	0	0	0	0	0	0	0	0	0	0	0	0	0	0	0	
0	22	13	18	57	0	0	0	0	0	0	0	0	0	0	0	0	0	0	0	0	0	0	0	0	0	0	0	0	0	0	0	0	0	0	0	0	0	0	0	0	0	0	0	
0	22	13	18	57	0	0	0	0	0	0	0	0	0	0	0	0	0	0	0	0	0	0	0	0	0	0	0	0	0	0	0	0	0	0	0	0	0	0	0	0	0	0	0	
0	22	13	18	57	0	0	0	0	0	0	0	0	0	0	0	0	0	0	0	0	0	0	0	0	0	0	0	0	0	0	0	0	0	0	0	0	0	0	0	0	0	0	0	
0	22	13	18	57	0	0	0	0	0	0	0	0	0	0	0	0	0	0	0	0	0	0	0	0	0	0	0	0	0	0	0	0	0	0	0	0	0	0	0	0	0	0	0	
0	22	13	18	57	0	0	0	0	0	0	0	0	0	0	0	0	0	0	0	0	0	0	0	0	0	0	0	0	0	0	0	0	0	0	0	0	0	0	0	0	0	0	0	
0	22	13	18	57	0	0	0	0	0	0	0	0	0	0	0	0	0	0	0	0	0	0	0	0	0	0	0	0	0	0	0	0	0	0	0	0	0	0	0	0	0	0	0	
0	22	13	18	57	0	0	0	0	0	0	0	0	0	0	0	0	0	0	0	0	0	0	0	0	0	0	0	0	0	0	0	0	0	0	0	0	0	0	0	0	0	0	0	
0	22	13	18	57	0	0	0	0	0	0	0	0	0	0	0	0	0	0	0	0	0	0	0	0	0	0	0	0	0	0	0	0	0	0	0	0	0	0	0	0	0	0	0	
0	22	13	18	57	0	0	0	0	0	0	0	0	0	0	0	0	0	0	0	0	0	0	0	0	0	0	0	0	0	0	0	0	0	0	0	0	0	0	0	0	0	0	0	
0	22	13	18	57	0	0	0	0	0	0	0	0	0	0	0	0	0	0	0	0	0	0	0	0	0	0	0	0	0	0	0	0	0	0	0	0	0	0	0	0	0	0	0	
0	22	13	18	57	0	0	0	0	0	0	0	0	0	0	0	0	0	0	0	0	0	0	0	0	0	0	0	0	0	0	0	0	0	0	0	0	0	0	0	0	0	0	0	
0	22	13	18	57	0	0	0	0	0	0	0	0	0	0	0	0	0	0	0	0	0	0	0	0	0	0	0	0	0	0	0	0	0	0	0	0	0	0	0	0	0	0	0	
0	22	13	18	58	0	0	0	0	0	0	0	0	0	0	0	0	0	0	0	0	0	0	0	0	0	0	0	0	0	0	0	0	0	0	0	0	0	0	0	0	0	0	0	
0	22	13	18	58	0	0	0	0	0	0	0	0	0	0	0	0	0	0	0	0	0	0	0	0	0	0	0	0	0	0	0	0	0	0	0	0	0	0	0	0	0	0	0	
0	22	13	18	58	0	0	0	0	0	0	0	0	0	0	0	0	0	0	0	0	0	0	0	0	0	0	0	0	0	0	0	0	0	0	0	0	0	0	0	0	0	0	0	
0	22	13	18	58	0	0	0	0	0	0	0	0	0	0	0	0	0	0	0	0	0	0	0	0	0	0	0	0	0	0	0	0	0	0	0	0	0	0	0	0	0	0	0	
0	22	13	18	58	0	0	0	0	0	0	0	0	0	0	0	0	0	0	0	0	0	0	0	0	0	0	0	0	0	0	0	0	0	0	0	0	0	0	0	0	0	0	0	
0	22	13	18	58	0	0	0	0	0	0	0	0	0	0	0	0	0	0	0	0	0	0	0	0	0	0	0	0	0	0	0	0	0	0	0	0	0	0	0	0	0	0	0	
0	22	13	18	58	0	0	0	0	0	0	0	0	0	0	0	0	0	0	0	0	0	0	0	0	0	0	0	0	0	0	0	0	0	0	0	0	0	0	0	0	0	0	0	
0	22	13	18	58	0	0	0	0	0	0	0	0	0	0	0	0	0	0	0	0	0	0	0	0	0	0	0	0	0	0	0	0	0	0	0	0	0	0	0	0	0	0	0	
0	22	13	18	58	0	0	0	0	0	0	0	0	0	0	0	0	0	0	0	0	0	0	0	0	0	0	0	0	0	0	0	0	0	0	0	0	0	0	0	0	0	0	0	
0	22	13	18	58	0	0	0	0	0	0	0	0	0	0	0	0	0	0	0	0	0	0	0	0	0	0	0	0	0	0	0	0	0	0	0	0	0	0	0	0	0	0	0	
0	22	13	18	58	0	0	0	0	0	0	0	0	0	0	0	0	0	0	0	0	0	0	0	0	0	0	0	0	0	0	0	0	0	0	0	0	0	0	0	0	0	0	0	
0	22	13	18	58	0	0	0	0	0	0	0	0	0	0	0	0	0	0	0	0	0	0	0	0	0	0	0	0	0	0	0	0	0	0	0	0	0	0	0	0	0	0	0	
0	22	13	18	58	0	0	0	0	0	0	0	0	0	0	0	0	0	0	0	0	0	0	0	0	0	0	0	0	0	0	0	0	0	0	0	0	0	0	0	0	0	0	0	
0	22	13	18	58	0	0	0	0	0	0	0	0	0	0	0	0	0	0	0	0	0	0	0	0	0	0	0	0	0	0	0	0	0	0	0	0	0	0	0	0	0	0	0	
0	22	13	18	58	0	0	0	0	0	0	0	0	0	0	0	0	0	0	0	0	0	0	0	0	0	0	0	0	0	0	0	0	0	0	0	0	0	0	0	0	0	0	0	
0	22	13	18	58	0	0	0	0	0	0	0	0	0	0	0	0	0	0	0	0	0	0	0	0	0	0	0	0	0	0	0	0	0	0	0	0	0	0	0	0	0	0	0	
0	22	13	18	58	0	0	0	0	0	0	0	0	0	0	0	0	0	0	0	0	0	0	0	0	0	0	0	0	0	0	0	0	0	0	0	0	0	0	0	0	0	0	0	
0	22	13	18	58	0	0	0	0	0	0	0	0	0	0	0	0	0	0	0	0	0	0	0	0	0	0	0	0	0	0	0	0	0	0	0	0	0	0	0	0	0	0	0	
0	22	13	18	58	0	0	0	0	0	0	0	0	0	0	0	0	0	0	0	0	0	0	0	0	0	0	0	0	0	0	0	0	0	0	0	0	0	0	0	0	0	0	0	
0	22	13	18	58	0	0	0	0	0	0	0	0	0	0	0	0	0	0	0	0	0	0	0	0	0	0	0	0	0	0	0	0	0	0	0	0	0	0	0	0	0	0	0	
0	22	13	18	59	0	0	0	0	0	0	0	0	0	0	0	0	0	0	0	0	0	0	0	0	0	0	0	0	0	0	0	0	0	0	0	0	0	0	0	0	0	0	0	
0	22	13	18	59	0	0	0	0	0	0	0	0	0	0	0	0	0	0	0	0	0	0	0	0	0	0	0	0	0	0	0	0	0	0	0	0	0	0	0	0	0	0	0	
0	22	13	18	59	0	0	0	0	0	0	0	0	0	0	0	0	0	0	0	0	0	0	0	0	0	0	0	0	0	0	0	0	0	0	0	0	0	0	0	0	0	0	0	
0	22	13	18	59	0	0	0	0	0	0	0	0	0	0	0	0	0	0	0	0	0	0	0	0	0	0	0	0	0	0	0	0	0	0	0	0	0	0	0	0	0	0	0	
0	22	13	18	59	0	0	0	0	0	0	0	0	0	0	0	0	0	0	0	0	0	0	0	0	0	0	0	0	0	0	0	0	0	0	0	0	0	0	0	0	0	0	0	
0	22	13	18	59	0	0	0	0	0	0	0	0	0	0	0	0	0	0	0	0	0	0	0	0	0	0	0	0	0	0	0	0	0	0	0	0	0	0	0	0	0	0	0	
0	22	13	18	59	0	0	0	0	0	0	0	0	0	0	0	0	0	0	0	0	0	0	0	0	0	0	0	0	0	0	0	0	0	0	0	0	0	0	0	0	0	0	0	
0	22	13	18	59	0	0	0	0	0	0	0	0	0	0	0	0	0	0	0	0	0	0	0	0	0	0	0	0	0	0	0	0	0	0	0	0	0	0	0	0	0	0	0	
0	22	13	18	59	0	0	0	0	0	0	0	0	0	0	0	0	0	0	0	0	0	0	0	0	0	0	0	0	0	0	0	0	0	0	0	0	0	0	0	0	0	0	0	
0	22	13	18	59	0	0	0	0	0	0	0	0	0	0	0	0	0	0	0	0	0	0	0	0	0	0	0	0	0	0	0	0	0	0	0	0	0	0	0	0	0	0	0	
0	22	13	18	59	0	0	0	0	0	0	0	0	0	0	0	0	0	0	0	0	0	0	0	0	0	0	0	0	0	0	0	0	0	0	0	0	0	0	0	0	0	0	0	
0	22	13	18	59	0	0	0	0	0	0	0	0	0	0	0	0	0	0	0	0	0	0	0	0	0	0	0	0	0	0	0	0	0	0	0	0	0	0	0	0	0	0	0	
0	22	13	18	59	0	0	0	0	0	0	0	0	0	0	0	0	0	0	0	0	0	0	0	0	0	0	0	0	0	0	0	0	0	0	0	0	0	0	0	0	0	0	0	
0	22	13	18	59	0	0	0	0	0	0	0	0	0	0	0	0	0	0	0	0	0	0	0	0	0	0	0	0	0	0	0	0	0	0	0	0	0	0	0	0	0	0	0	
0	22	13	18	59	0	0	0	0	0	0	0	0	0	0	0	0	0	0	0	0	0	0	0	0	0	0	0	0	0	0	0	0	0	0	0	0	0	0	0	0	0	0	0	
0	22	13	18	59	0	0	0	0	0	0	0	0	0	0	0	0	0	0	0	0	0	0	0	0	0	0	0	0	0	0	0	0	0	0	0	0	0	0	0	0	0	0	0	
0	22	13	18	59	0	0	0	0	0	0	0	0	0	0	0	0	0	0	0	0	0	0	0	0	0	0	0	0	0	0	0	0	0	0	0	0	0	0	0	0	0	0	0	
0	22	13	18	59	0	0	0	0	0	0	0	0	0	0	0	0	0	0	0	0	0	0	0	0	0	0	0	0	0	0	0	0	0	0	0	0	0	0	0	0	0	0	0	
0	22	13	18	59	0	0	0	0	0	0	0	0	0	0	0	0	0	0	0	0	0	0	0	0	0	0	0	0	0	0	0	0	0	0	0	0	0	0	0	0	0	0	0	
0	22	13	18	59	0	0	0	0	0	0	0	0	0	0	0	0	0	0	0	0	0	0	0	0	0	0	0	0	0	0	0	0	0	0	0	0	0	0	0	0	0	0	0	
0	22	13	19	0	0	0	0	0	0	0	0	0	0	0	0	0	0	0	0	0	0	0	0	0	0	0	0	0	0	0	0	0	0	0	0	0	0	0	0	0	0	0	0	
0	22	13	19	0	0	0	0	0	0	0	0	0	0	0	0	0	0	0	0	0	0	0	0	0	0	0	0	0	0	0	0	0	0	0	0	0	0	0	0	0	0	0	0	
0	22	13	19	0	0	0	0	0	0	0	0	0	0	0	0	0	0	0	0	0	0	0	0	0	0	0	0	0	0	0	0	0	0	0	0	0	0	0	0	0	0	0	0	
0	22	13	19	0	0	0	0	0	0	0	0	0	0	0	0	0	0	0	0	0	0	0	0	0	0	0	0	0	0	0	0	0	0	0	0	0	0	0	0	0	0	0	0	
0	22	13	19	0	0	0	0	0	0	0	0	0	0	0	0	0	0	0	0	0	0	0	0	0	0	0	0	0	0	0	0	0	0	0	0	0	0	0	0	0	0	0	0	
0	22	13	19	0	0	0	0	0	0	0	0	0	0	0	0	0	0	0	0	0	0	0	0	0	0	0	0	0	0	0	0	0	0	0	0	0	0	0	0	0	0	0	0	
0	22	13	19	0	0	0	0	0	0	0	0	0	0	0	0	0	0	0	0	0	0	0	0	0	0	0	0	0	0	0	0	0	0	0	0	0	0	0	0	0	0	0	0	
0	22	13	19	0	0	0	0	0	0	0	0	0	0	0	0	0	0	0	0	0	0	0	0	0	0	0	0	0	0	0	0	0	0	0	0	0	0	0	0	0	0	0	0	
0	22	13	19	0	0	0	0	0	0	0	0	0	0	0	0	0	0	0	0	0	0	0	0	0	0	0	0	0	0	0	0	0	0	0	0	0	0	0	0	0	0	0	0	
0	22	13	19	0	0	0	0	0	0	0	0	0	0	0	0	0	0	0	0	0	0	0	0	0	0	0	0	0	0	0	0	0	0	0	0	0	0	0	0	0	0	0	0	
0	22	13	19	0	0	0	0	0	0	0	0	0	0	0	0	0	0	0	0	0	0	0	0	0	0	0	0	0	0	0	0	0	0	0	0	0	0	0	0	0	0	0	0	
0	22	13	19	0	0	0	0	0	0	0	0	0	0	0	0	0	0	0	0	0	0	0	0	0	0	0	0	0	0	0	0	0	0	0	0	0	0	0	0	0	0	0	0	
0	22	13	19	0	0	0	0	0	0	0	0	0	0	0	0	0	0	0	0	0	0	0	0	0	0	0	0	0	0	0	0	0	0	0	0	0	0	0	0	0	0	0	0	
0	22	13	19	0	0	0	0	0	0	0	0	0	0	0	0	0	0	0	0	0	0	0	0	0	0	0	0	0	0	0	0	0	0	0	0	0	0	0	0	0	0	0	0	
0	22	13	19	0	0	0	0	0	0	0	0	0	0	0	0	0	0	0	0	0	0	0	0	0	0	0	0	0	0	0	0	0	0	0	0	0	0	0	0	0	0	0	0	
0	22	13	19	0	0	0	0	0	0	0	0	0	0	0	0	0	0	0	0	0	0	0	0	0	0	0	0	0	0	0	0	0	0	0	0	0	0	0	0	0	0	0	0	
0	22	13	19	0	0	0	0	0	0	0	0	0	0	0	0	0	0	0	0	0	0	0	0	0	0	0	0	0	0	0	0	0	0	0	0	0	0	0	0	0	0	0	0	
0	22	13	19	0	0	0	0	0	0	0	0	0	0	0	0	0	0	0	0	0	0	0	0	0	0	0	0	0	0	0	0	0	0	0	0	0	0	0	0	0	0	0	0	
0	22	13	19	0	0	0	0	0	0	0	0	0	0	0	0	0	0	0	0	0	0	0	0	0	0	0	0	0	0	0	0	0	0	0	0	0	0	0	0	0	0	0	0	
0	22	13	19	0	0	0	0	0	0	0	0	0	0	0	0	0	0	0	0	0	0	0	0	0	0	0	0	0	0	0	0	0	0	0	0	0	0	0	0	0	0	0	0	
0	22	13	19	1	0	0	0	0	0	0	0	0	0	0	0	0	0	0	0	0	0	0	0	0	0	0	0	0	0	0	0	0	0	0	0	0	0	0	0	0	0	0	0	
0	22	13	19	1	0	0	0	0	0	0	0	0	0	0	0	0	0	0	0	0	0	0	0	0	0	0	0	0	0	0	0	0	0	0	0	0	0	0	0	0	0	0	0	
0	22	13	19	1	0	0	0	0	0	0	0	0	0	0	0	0	0	0	0	0	0	0	0	0	0	0	0	0	0	0	0	0	0	0	0	0	0	0	0	0	0	0	0	
0	22	13	19	1	0	0	0	0	0	0	0	0	0	0	0	0	0	0	0	0	0	0	0	0	0	0	0	0	0	0	0	0	0	0	0	0	0	0	0	0	0	0	0	
0	22	13	19	1	0	0	0	0	0	0	0	0	0	0	0	0	0	0	0	0	0	0	0	0	0	0	0	0	0	0	0	0	0	0	0	0	0	0	0	0	0	0	0	
0	22	13	19	1	0	0	0	0	0	0	0	0	0	0	0	0	0	0	0	0	0	0	0	0	0	0	0	0	0	0	0	0	0	0	0	0	0	0	0	0	0	0	0	
0	22	13	19	1	0	0	0	0	0	0	0	0	0	0	0	0	0	0	0	0	0	0	0	0	0	0	0	0	0	0	0	0	0	0	0	0	0	0	0	0	0	0	0	
0	22	13	19	1	0	0	0	0	0	0	0	0	0	0	0	0	0	0	0	0	0	0	0	0	0	0	0	0	0	0	0	0	0	0	0	0	0	0	0	0	0	0	0	
0	22	13	19	1	0	0	0	0	0	0	0	0	0	0	0	0	0	0	0	0	0	0	0	0	0	0	0	0	0	0	0	0	0	0	0	0	0	0	0	0	0	0	0	
0	22	13	19	1	0	0	0	0	0	0	0	0	0	0	0	0	0	0	0	0	0	0	0	0	0	0	0	0	0	0	0	0	0	0	0	0	0	0	0	0	0	0	0	
0	22	13	19	1	0	0	0	0	0	0	0	0	0	0	0	0	0	0	0	0	0	0	0	0	0	0	0	0	0	0	0	0	0	0	0	0	0	0	0	0	0	0	0	
0	22	13	19	1	0	0	0	0	0	0	0	0	0	0	0	0	0	0	0	0	0	0	0	0	0	0	0	0	0	0	0	0	0	0	0	0	0	0	0	0	0	0	0	
0	22	13	19	1	0	0	0	0	0	0	0	0	0	0	0	0	0	0	0	0	0	0	0	0	0	0	0	0	0	0	0	0	0	0	0	0	0	0	0	0	0	0	0	
0	22	13	19	1	0	0	0	0	0	0	0	0	0	0	0	0	0	0	0	0	0	0	0	0	0	0	0	0	0	0	0	0	0	0	0	0	0	0	0	0	0	0	0	
0	22	13	19	1	0	0	0	0	0	0	0	0	0	0	0	0	0	0	0	0	0	0	0	0	0	0	0	0	0	0	0	0	0	0	0	0	0	0	0	0	0	0	0	
0	22	13	19	1	0	0	0	0	0	0	0	0	0	0	0	0	0	0	0	0	0	0	0	0	0	0	0	0	0	0	0	0	0	0	0	0	0	0	0	0	0	0	0	
0	22	13	19	1	0	0	0	0	0	0	0	0	0	0	0	0	0	0	0	0	0	0	0	0	0	0	0	0	0	0	0	0	0	0	0	0	0	0	0	0	0	0	0	
0	22	13	19	1	0	0	0	0	0	0	0	0	0	0	0	0	0	0	0	0	0	0	0	0	0	0	0	0	0	0	0	0	0	0	0	0	0	0	0	0	0	0	0	
0	22	13	19	1	0	0	0	0	0	0	0	0	0	0	0	0	0	0	0	0	0	0	0	0	0	0	0	0	0	0	0	0	0	0	0	0	0	0	0	0	0	0	0	
0	22	13	19	1	0	0	0	0	0	0	0	0	0	0	0	0	0	0	0	0	0	0	0	0	0	0	0	0	0	0	0	0	0	0	0	0	0	0	0	0	0	0	0	
0	22	13	19	2	0	0	0	0	0	0	0	0	0	0	0	0	0	0	0	0	0	0	0	0	0	0	0	0	0	0	0	0	0	0	0	0	0	0	0	0	0	0	0	
0	22	13	19	2	0	0	0	0	0	0	0	0	0	0	0	0	0	0	0	0	0	0	0	0	0	0	0	0	0	0	0	0	0	0	0	0	0	0	0	0	0	0	0	
0	22	13	19	2	0	0	0	0	0	0	0	0	0	0	0	0	0	0	0	0	0	0	0	0	0	0	0	0	0	0	0	0	0	0	0	0	0	0	0	0	0	0	0	
0	22	13	19	2	0	0	0	0	0	0	0	0	0	0	0	0	0	0	0	0	0	0	0	0	0	0	0	0	0	0	0	0	0	0	0	0	0	0	0	0	0	0	0	
0	22	13	19	2	0	0	0	0	0	0	0	0	0	0	0	0	0	0	0	0	0	0	0	0	0	0	0	0	0	0	0	0	0	0	0	0	0	0	0	0	0	0	0	
0	22	13	19	2	0	0	0	0	0	0	0	0	0	0	0	0	0	0	0	0	0	0	0	0	0	0	0	0	0	0	0	0	0	0	0	0	0	0	0	0	0	0	0	
0	22	13	19	2	0	0	0	0	0	0	0	0	0	0	0	0	0	0	0	0	0	0	0	0	0	0	0	0	0	0	0	0	0	0	0	0	0	0	0	0	0	0	0	
0	22	13	19	2	0	0	0	0	0	0	0	0	0	0	0	0	0	0	0	0	0	0	0	0	0	0	0	0	0	0	0	0	0	0	0	0	0	0	0	0	0	0	0	
0	22	13	19	2	0	0	0	0	0	0	0	0	0	0	0	0	0	0	0	0	0	0	0	0	0	0	0	0	0	0	0	0	0	0	0	0	0	0	0	0	0	0	0	
0	22	13	19	2	0	0	0	0	0	0	0	0	0	0	0	0	0	0	0	0	0	0	0	0	0	0	0	0	0	0	0	0	0	0	0	0	0	0	0	0	0	0	0	
0	22	13	19	2	0	0	0	0	0	0	0	0	0	0	0	0	0	0	0	0	0	0	0	0	0	0	0	0	0	0	0	0	0	0	0	0	0	0	0	0	0	0	0	
0	22	13	19	2	0	0	0	0	0	0	0	0	0	0	0	0	0	0	0	0	0	0	0	0	0	0	0	0	0	0	0	0	0	0	0	0	0	0	0	0	0	0	0	
0	22	13	19	2	0	0	0	0	0	0	0	0	0	0	0	0	0	0	0	0	0	0	0	0	0	0	0	0	0	0	0	0	0	0	0	0	0	0	0	0	0	0	0	
0	22	13	19	2	0	0	0	0	0	0	0	0	0	0	0	0	0	0	0	0	0	0	0	0	0	0	0	0	0	0	0	0	0	0	0	0	0	0	0	0	0	0	0	
0	22	13	19	2	0	0	0	0	0	0	0	0	0	0	0	0	0	0	0	0	0	0	0	0	0	0	0	0	0	0	0	0	0	0	0	0	0	0	0	0	0	0	0	
0	22	13	19	2	0	0	0	0	0	0	0	0	0	0	0	0	0	0	0	0	0	0	0	0	0	0	0	0	0	0	0	0	0	0	0	0	0	0	0	0	0	0	0	
0	22	13	19	2	0	0	0	0	0	0	0	0	0	0	0	0	0	0	0	0	0	0	0	0	0	0	0	0	0	0	0	0	0	0	0	0	0	0	0	0	0	0	0	
0	22	13	19	2	0	0	0	0	0	0	0	0	0	0	0	0	0	0	0	0	0	0	0	0	0	0	0	0	0	0	0	0	0	0	0	0	0	0	0	0	0	0	0	
0	22	13	19	2	0	0	0	0	0	0	0	0	0	0	0	0	0	0	0	0	0	0	0	0	0	0	0	0	0	0	0	0	0	0	0	0	0	0	0	0	0	0	0	
0	22	13	19	2	0	0	0	0	0	0	0	0	0	0	0	0	0	0	0	0	0	0	0	0	0	0	0	0	0	0	0	0	0	0	0	0	0	0	0	0	0	0	0	
0	22	13	19	3	0	0	0	0	0	0	0	0	0	0	0	0	0	0	0	0	0	0	0	0	0	0	0	0	0	0	0	0	0	0	0	0	0	0	0	0	0	0	0	
0	22	13	19	3	0	0	0	0	0	0	0	0	0	0	0	0	0	0	0	0	0	0	0	0	0	0	0	0	0	0	0	0	0	0	0	0	0	0	0	0	0	0	0	
0	22	13	19	3	0	0	0	0	0	0	0	0	0	0	0	0	0	0	0	0	0	0	0	0	0	0	0	0	0	0	0	0	0	0	0	0	0	0	0	0	0	0	0	
0	22	13	19	3	0	0	0	0	0	0	0	0	0	0	0	0	0	0	0	0	0	0	0	0	0	0	0	0	0	0	0	0	0	0	0	0	0	0	0	0	0	0	0	
0	22	13	19	3	0	0	0	0	0	0	0	0	0	0	0	0	0	0	0	0	0	0	0	0	0	0	0	0	0	0	0	0	0	0	0	0	0	0	0	0	0	0	0	
0	22	13	19	3	0	0	0	0	0	0	0	0	0	0	0	0	0	0	0	0	0	0	0	0	0	0	0	0	0	0	0	0	0	0	0	0	0	0	0	0	0	0	0	
0	22	13	19	3	0	0	0	0	0	0	0	0	0	0	0	0	0	0	0	0	0	0	0	0	0	0	0	0	0	0	0	0	0	0	0	0	0	0	0	0	0	0	0	
0	22	13	19	3	0	0	0	0	0	0	0	0	0	0	0	0	0	0	0	0	0	0	0	0	0	0	0	0	0	0	0	0	0	0	0	0	0	0	0	0	0	0	0	
0	22	13	19	3	0	0	0	0	0	0	0	0	0	0	0	0	0	0	0	0	0	0	0	0	0	0	0	0	0	0	0	0	0	0	0	0	0	0	0	0	0	0	0	
0	22	13	19	3	0	0	0	0	0	0	0	0	0	0	0	0	0	0	0	0	0	0	0	0	0	0	0	0	0	0	0	0	0	0	0	0	0	0	0	0	0	0	0	
0	22	13	19	3	0	0	0	0	0	0	0	0	0	0	0	0	0	0	0	0	0	0	0	0	0	0	0	0	0	0	0	0	0	0	0	0	0	0	0	0	0	0	0	
0	22	13	19	3	0	0	0	0	0	0	0	0	0	0	0	0	0	0	0	0	0	0	0	0	0	0	0	0	0	0	0	0	0	0	0	0	0	0	0	0	0	0	0	
0	22	13	19	3	0	0	0	0	0	0	0	0	0	0	0	0	0	0	0	0	0	0	0	0	0	0	0	0	0	0	0	0	0	0	0	0	0	0	0	0	0	0	0	
0	22	13	19	3	0	0	0	0	0	0	0	0	0	0	0	0	0	0	0	0	0	0	0	0	0	0	0	0	0	0	0	0	0	0	0	0	0	0	0	0	0	0	0	
0	22	13	19	3	0	0	0	0	0	0	0	0	0	0	0	0	0	0	0	0	0	0	0	0	0	0	0	0	0	0	0	0	0	0	0	0	0	0	0	0	0	0	0	
0	22	13	19	3	0	0	0	0	0	0	0	0	0	0	0	0	0	0	0	0	0	0	0	0	0	0	0	0	0	0	0	0	0	0	0	0	0	0	0	0	0	0	0	
0	22	13	19	3	0	0	0	0	0	0	0	0	0	0	0	0	0	0	0	0	0	0	0	0	0	0	0	0	0	0	0	0	0	0	0	0	0	0	0	0	0	0	0	
0	22	13	19	3	0	0	0	0	0	0	0	0	0	0	0	0	0	0	0	0	0	0	0	0	0	0	0	0	0	0	0	0	0	0	0	0	0	0	0	0	0	0	0	
0	22	13	19	3	0	0	0	0	0	0	0	0	0	0	0	0	0	0	0	0	0	0	0	0	0	0	0	0	0	0	0	0	0	0	0	0	0	0	0	0	0	0	0	
0	22	13	19	3	0	0	0	0	0	0	0	0	0	0	0	0	0	0	0	0	0	0	0	0	0	0	0	0	0	0	0	0	0	0	0	0	0	0	0	0	0	0	0	
0	22	13	19	4	0	0	0	0	0	0	0	0	0	0	0	0	0	0	0	0	0	0	0	0	0	0	0	0	0	0	0	0	0	0	0	0	0	0	0	0	0	0	0	
0	22	13	19	4	0	0	0	0	0	0	0	0	0	0	0	0	0	0	0	0	0	0	0	0	0	0	0	0	0	0	0	0	0	0	0	0	0	0	0	0	0	0	0	
0	22	13	19	4	0	0	0	0	0	0	0	0	0	0	0	0	0	0	0	0	0	0	0	0	0	0	0	0	0	0	0	0	0	0	0	0	0	0	0	0	0	0	0	
0	22	13	19	4	0	0	0	0	0	0	0	0	0	0	0	0	0	0	0	0	0	0	0	0	0	0	0	0	0	0	0	0	0	0	0	0	0	0	0	0	0	0	0	
0	22	13	19	4	0	0	0	0	0	0	0	0	0	0	0	0	0	0	0	0	0	0	0	0	0	0	0	0	0	0	0	0	0	0	0	0	0	0	0	0	0	0	0	
0	22	13	19	4	0	0	0	0	0	0	0	0	0	0	0	0	0	0	0	0	0	0	0	0	0	0	0	0	0	0	0	0	0	0	0	0	0	0	0	0	0	0	0	
0	22	13	19	4	0	0	0	0	0	0	0	0	0	0	0	0	0	0	0	0	0	0	0	0	0	0	0	0	0	0	0	0	0	0	0	0	0	0	0	0	0	0	0	
0	22	13	19	4	0	0	0	0	0	0	0	0	0	0	0	0	0	0	0	0	0	0	0	0	0	0	0	0	0	0	0	0	0	0	0	0	0	0	0	0	0	0	0	
0	22	13	19	4	0	0	0	0	0	0	0	0	0	0	0	0	0	0	0	0	0	0	0	0	0	0	0	0	0	0	0	0	0	0	0	0	0	0	0	0	0	0	0	
0	22	13	19	4	0	0	0	0	0	0	0	0	0	0	0	0	0	0	0	0	0	0	0	0	0	0	0	0	0	0	0	0	0	0	0	0	0	0	0	0	0	0	0	
0	22	13	19	4	0	0	0	0	0	0	0	0	0	0	0	0	0	0	0	0	0	0	0	0	0	0	0	0	0	0	0	0	0	0	0	0	0	0	0	0	0	0	0	
0	22	13	19	4	0	0	0	0	0	0	0	0	0	0	0	0	0	0	0	0	0	0	0	0	0	0	0	0	0	0	0	0	0	0	0	0	0	0	0	0	0	0	0	
0	22	13	19	4	0	0	0	0	0	0	0	0	0	0	0	0	0	0	0	0	0	0	0	0	0	0	0	0	0	0	0	0	0	0	0	0	0	0	0	0	0	0	0	
0	22	13	19	4	0	0	0	0	0	0	0	0	0	0	0	0	0	0	0	0	0	0	0	0	0	0	0	0	0	0	0	0	0	0	0	0	0	0	0	0	0	0	0	
0	22	13	19	4	0	0	0	0	0	0	0	0	0	0	0	0	0	0	0	0	0	0	0	0	0	0	0	0	0	0	0	0	0	0	0	0	0	0	0	0	0	0	0	
0	22	13	19	4	0	0	0	0	0	0	0	0	0	0	0	0	0	0	0	0	0	0	0	0	0	0	0	0	0	0	0	0	0	0	0	0	0	0	0	0	0	0	0	
0	22	13	19	4	0	0	0	0	0	0	0	0	0	0	0	0	0	0	0	0	0	0	0	0	0	0	0	0	0	0	0	0	0	0	0	0	0	0	0	0	0	0	0	
0	22	13	19	4	0	0	0	0	0	0	0	0	0	0	0	0	0	0	0	0	0	0	0	0	0	0	0	0	0	0	0	0	0	0	0	0	0	0	0	0	0	0	0	
0	22	13	19	4	0	0	0	0	0	0	0	0	0	0	0	0	0	0	0	0	0	0	0	0	0	0	0	0	0	0	0	0	0	0	0	0	0	0	0	0	0	0	0	
0	22	13	19	4	0	0	0	0	0	0	0	0	0	0	0	0	0	0	0	0	0	0	0	0	0	0	0	0	0	0	0	0	0	0	0	0	0	0	0	0	0	0	0	
0	22	13	19	5	0	0	0	0	0	0	0	0	0	0	0	0	0	0	0	0	0	0	0	0	0	0	0	0	0	0	0	0	0	0	0	0	0	0	0	0	0	0	0	
0	22	13	19	5	0	0	0	0	0	0	0	0	0	0	0	0	0	0	0	0	0	0	0	0	0	0	0	0	0	0	0	0	0	0	0	0	0	0	0	0	0	0	0	
0	22	13	19	5	0	0	0	0	0	0	0	0	0	0	0	0	0	0	0	0	0	0	0	0	0	0	0	0	0	0	0	0	0	0	0	0	0	0	0	0	0	0	0	
0	22	13	19	5	0	0	0	0	0	0	0	0	0	0	0	0	0	0	0	0	0	0	0	0	0	0	0	0	0	0	0	0	0	0	0	0	0	0	0	0	0	0	0	
0	22	13	19	5	0	0	0	0	0	0	0	0	0	0	0	0	0	0	0	0	0	0	0	0	0	0	0	0	0	0	0	0	0	0	0	0	0	0	0	0	0	0	0	
0	22	13	19	5	0	0	0	0	0	0	0	0	0	0	0	0	0	0	0	0	0	0	0	0	0	0	0	0	0	0	0	0	0	0	0	0	0	0	0	0	0	0	0	
0	22	13	19	5	0	0	0	0	0	0	0	0	0	0	0	0	0	0	0	0	0	0	0	0	0	0	0	0	0	0	0	0	0	0	0	0	0	0	0	0	0	0	0	
0	22	13	19	5	0	0	0	0	0	0	0	0	0	0	0	0	0	0	0	0	0	0	0	0	0	0	0	0	0	0	0	0	0	0	0	0	0	0	0	0	0	0	0	
0	22	13	19	5	0	0	0	0	0	0	0	0	0	0	0	0	0	0	0	0	0	0	0	0	0	0	0	0	0	0	0	0	0	0	0	0	0	0	0	0	0	0	0	
0	22	13	19	5	0	0	0	0	0	0	0	0	0	0	0	0	0	0	0	0	0	0	0	0	0	0	0	0	0	0	0	0	0	0	0	0	0	0	0	0	0	0	0	
0	22	13	19	5	0	0	0	0	0	0	0	0	0	0	0	0	0	0	0	0	0	0	0	0	0	0	0	0	0	0	0	0	0	0	0	0	0	0	0	0	0	0	0	
0	22	13	19	5	0	0	0	0	0	0	0	0	0	0	0	0	0	0	0	0	0	0	0	0	0	0	0	0	0	0	0	0	0	0	0	0	0	0	0	0	0	0	0	
0	22	13	19	5	0	0	0	0	0	0	0	0	0	0	0	0	0	0	0	0	0	0	0	0	0	0	0	0	0	0	0	0	0	0	0	0	0	0	0	0	0	0	0	
0	22	13	19	5	0	0	0	0	0	0	0	0	0	0	0	0	0	0	0	0	0	0	0	0	0	0	0	0	0	0	0	0	0	0	0	0	0	0	0	0	0	0	0	
0	22	13	19	5	0	0	0	0	0	0	0	0	0	0	0	0	0	0	0	0	0	0	0	0	0	0	0	0	0	0	0	0	0	0	0	0	0	0	0	0	0	0	0	
0	22	13	19	5	0	0	0	0	0	0	0	0	0	0	0	0	0	0	0	0	0	0	0	0	0	0	0	0	0	0	0	0	0	0	0	0	0	0	0	0	0	0	0	
0	22	13	19	5	0	0	0	0	0	0	0	0	0	0	0	0	0	0	0	0	0	0	0	0	0	0	0	0	0	0	0	0	0	0	0	0	0	0	0	0	0	0	0	
0	22	13	19	5	0	0	0	0	0	0	0	0	0	0	0	0	0	0	0	0	0	0	0	0	0	0	0	0	0	0	0	0	0	0	0	0	0	0	0	0	0	0	0	
0	22	13	19	5	0	0	0	0	0	0	0	0	0	0	0	0	0	0	0	0	0	0	0	0	0	0	0	0	0	0	0	0	0	0	0	0	0	0	0	0	0	0	0	
0	22	13	19	5	0	0	0	0	0	0	0	0	0	0	0	0	0	0	0	0	0	0	0	0	0	0	0	0	0	0	0	0	0	0	0	0	0	0	0	0	0	0	0	
0	22	13	19	6	0	0	0	0	0	0	0	0	0	0	0	0	0	0	0	0	0	0	0	0	0	0	0	0	0	0	0	0	0	0	0	0	0	0	0	0	0	0	0	
0	22	13	19	6	0	0	0	0	0	0	0	0	0	0	0	0	0	0	0	0	0	0	0	0	0	0	0	0	0	0	0	0	0	0	0	0	0	0	0	0	0	0	0	
0	22	13	19	6	0	0	0	0	0	0	0	0	0	0	0	0	0	0	0	0	0	0	0	0	0	0	0	0	0	0	0	0	0	0	0	0	0	0	0	0	0	0	0	
0	22	13	19	6	0	0	0	0	0	0	0	0	0	0	0	0	0	0	0	0	0	0	0	0	0	0	0	0	0	0	0	0	0	0	0	0	0	0	0	0	0	0	0	
0	22	13	19	6	0	0	0	0	0	0	0	0	0	0	0	0	0	0	0	0	0	0	0	0	0	0	0	0	0	0	0	0	0	0	0	0	0	0	0	0	0	0	0	
0	22	13	19	6	0	0	0	0	0	0	0	0	0	0	0	0	0	0	0	0	0	0	0	0	0	0	0	0	0	0	0	0	0	0	0	0	0	0	0	0	0	0	0	
0	22	13	19	6	0	0	0	0	0	0	0	0	0	0	0	0	0	0	0	0	0	0	0	0	0	0	0	0	0	0	0	0	0	0	0	0	0	0	0	0	0	0	0	
0	22	13	19	6	0	0	0	0	0	0	0	0	0	0	0	0	0	0	0	0	0	0	0	0	0	0	0	0	0	0	0	0	0	0	0	0	0	0	0	0	0	0	0	
0	22	13	19	6	0	0	0	0	0	0	0	0	0	0	0	0	0	0	0	0	0	0	0	0	0	0	0	0	0	0	0	0	0	0	0	0	0	0	0	0	0	0	0	
0	22	13	19	6	0	0	0	0	0	0	0	0	0	0	0	0	0	0	0	0	0	0	0	0	0	0	0	0	0	0	0	0	0	0	0	0	0	0	0	0	0	0	0	
0	22	13	19	6	0	0	0	0	0	0	0	0	0	0	0	0	0	0	0	0	0	0	0	0	0	0	0	0	0	0	0	0	0	0	0	0	0	0	0	0	0	0	0	
0	22	13	19	6	0	0	0	0	0	0	0	0	0	0	0	0	0	0	0	0	0	0	0	0	0	0	0	0	0	0	0	0	0	0	0	0	0	0	0	0	0	0	0	
0	22	13	19	6	0	0	0	0	0	0	0	0	0	0	0	0	0	0	0	0	0	0	0	0	0	0	0	0	0	0	0	0	0	0	0	0	0	0	0	0	0	0	0	
0	22	13	19	6	0	0	0	0	0	0	0	0	0	0	0	0	0	0	0	0	0	0	0	0	0	0	0	0	0	0	0	0	0	0	0	0	0	0	0	0	0	0	0	
46.188	22	13	19	6	0	0	0	0	0	0	0	0	0	0	0	0	0	0	0	0	0	0	0	0	0	0	0	0	0	0	0	0	0	0	0	0	0	0	0	0	0	0	0	
46.204	22	13	19	6	0	0	0	0	0	0	0	0	0	0	0	0	0	0	0	0	0	0	0	0	0	0	0	0	0	0	0	0	0	0	0	0	0	0	0	0	0	0	0	
46.204	22	13	19	6	0	0	0	0	0	0	0	0	0	0	0	0	0	0	0	0	0	0	0	0	0	0	0	0	0	0	0	0	0	0	0	0	0	0	0	0	0	0	0	
46.208	22	13	19	6	0	0	0	0	0	0	0	0	0	0	0	0	0	0	0	0	0	0	0	0	0	0	0	0	0	0	0	0	0	0	0	0	0	0	0	0	0	0	0	
46.216	22	13	19	6	0	0	0	0	0	0	0	0	0	0	0	0	0	0	0	0	0	0	0	0	0	0	0	0	0	0	0	0	0	0	0	0	0	0	0	0	0	0	0	
46.224	22	13	19	6	0	0	0	0	0	0	0	0	0	0	0	0	0	0	0	0	0	0	0	0	0	0	0	0	0	0	0	0	0	0	0	0	0	0	0	0	0	0	0	
46.228	22	13	19	7	0	0	0	0	0	0	0	0	0	0	0	0	0	0	0	0	0	0	0	0	0	0	0	0	0	0	0	0	0	0	0	0	0	0	0	0	0	0	0	
46.232	22	13	19	7	0	0	0	0	0	0	0	0	0	0	0	0	0	0	0	0	0	0	0	0	0	0	0	0	0	0	0	0	0	0	0	0	0	0	0	0	0	0	0	
46.252	22	13	19	7	0	0	0	0	0	0	0	0	0	0	0	0	0	0	0	0	0	0	0	0	0	0	0	0	0	0	0	0	0	0	0	0	0	0	0	0	0	0	0	
46.252	22	13	19	7	0	0	0	0	0	0	0	0	0	0	0	0	0	0	0	0	0	0	0	0	0	0	0	0	0	0	0	0	0	0	0	0	0	0	0	0	0	0	0	
46.26	22	13	19	7	0	0	0	0	0	0	0	0	0	0	0	0	0	0	0	0	0	0	0	0	0	0	0	0	0	0	0	0	0	0	0	0	0	0	0	0	0	0	0	
46.268	22	13	19	7	0	0	0	0	0	0	0	0	0	0	0	0	0	0	0	0	0	0	0	0	0	0	0	0	0	0	0	0	0	0	0	0	0	0	0	0	0	0	0	
46.28	22	13	19	7	0	0	0	0	0	0	0	0	0	0	0	0	0	0	0	0	0	0	0	0	0	0	0	0	0	0	0	0	0	0	0	0	0	0	0	0	0	0	0	
46.292	22	13	19	7	0	0	0	0	0	0	0	0	0	0	0	0	0	0	0	0	0	0	0	0	0	0	0	0	0	0	0	0	0	0	0	0	0	0	0	0	0	0	0	
46.3	22	13	19	7	0	0	0	0	0	0	0	0	0	0	0	0	0	0	0	0	0	0	0	0	0	0	0	0	0	0	0	0	0	0	0	0	0	0	0	0	0	0	0	
46.3	22	13	19	7	0	0	0	0	0	0	0	0	0	0	0	0	0	0	0	0	0	0	0	0	0	0	0	0	0	0	0	0	0	0	0	0	0	0	0	0	0	0	0	
46.308	22	13	19	7	0	0	0	0	0	0	0	0	0	0	0	0	0	0	0	0	0	0	0	0	0	0	0	0	0	0	0	0	0	0	0	0	0	0	0	0	0	0	0	
46.32	22	13	19	7	0	0	0	0	0	0	0	0	0	0	0	0	0	0	0	0	0	0	0	0	0	0	0	0	0	0	0	0	0	0	0	0	0	0	0	0	0	0	0	
46.328	22	13	19	7	0	0	0	0	0	0	0	0	0	0	0	0	0	0	0	0	0	0	0	0	0	0	0	0	0	0	0	0	0	0	0	0	0	0	0	0	0	0	0	
46.344	22	13	19	7	0	0	0	0	0	0	0	0	0	0	0	0	0	0	0	0	0	0	0	0	0	0	0	0	0	0	0	0	0	0	0	0	0	0	0	0	0	0	0	
46.348	22	13	19	7	0	0	0	0	0	0	0	0	0	0	0	0	0	0	0	0	0	0	0	0	0	0	0	0	0	0	0	0	0	0	0	0	0	0	0	0	0	0	0	
46.352	22	13	19	7	0	0	0	0	0	0	0	0	0	0	0	0	0	0	0	0	0	0	0	0	0	0	0	0	0	0	0	0	0	0	0	0	0	0	0	0	0	0	0	
46.36	22	13	19	7	0	0	0	0	0	0	0	0	0	0	0	0	0	0	0	0	0	0	0	0	0	0	0	0	0	0	0	0	0	0	0	0	0	0	0	0	0	0	0	
46.368	22	13	19	7	0	0	0	0	0	0	0	0	0	0	0	0	0	0	0	0	0	0	0	0	0	0	0	0	0	0	0	0	0	0	0	0	0	0	0	0	0	0	0	
46.38	22	13	19	7	0	0	0	0	0	0	0	0	0	0	0	0	0	0	0	0	0	0	0	0	0	0	0	0	0	0	0	0	0	0	0	0	0	0	0	0	0	0	0	
46.392	22	13	19	7	0	0	0	0	0	0	0	0	0	0	0	0	0	0	0	0	0	0	0	0	0	0	0	0	0	0	0	0	0	0	0	0	0	0	0	0	0	0	0	
46.396	22	13	19	8	0	0	0	0	0	0	0	0	0	0	0	0	0	0	0	0	0	0	0	0	0	0	0	0	0	0	0	0	0	0	0	0	0	0	0	0	0	0	0	
46.396	22	13	19	8	0	0	0	0	0	0	0	0	0	0	0	0	0	0	0	0	0	0	0	0	0	0	0	0	0	0	0	0	0	0	0	0	0	0	0	0	0	0	0	
46.404	22	13	19	8	0	0	0	0	0	0	0	0	0	0	0	0	0	0	0	0	0	0	0	0	0	0	0	0	0	0	0	0	0	0	0	0	0	0	0	0	0	0	0	
46.416	22	13	19	8	0	0	0	0	0	0	0	0	0	0	0	0	0	0	0	0	0	0	0	0	0	0	0	0	0	0	0	0	0	0	0	0	0	0	0	0	0	0	0	
46.428	22	13	19	8	0	0	0	0	0	0	0	0	0	0	0	0	0	0	0	0	0	0	0	0	0	0	0	0	0	0	0	0	0	0	0	0	0	0	0	0	0	0	0	
46.436	22	13	19	8	0	0	0	0	0	0	0	0	0	0	0	0	0	0	0	0	0	0	0	0	0	0	0	0	0	0	0	0	0	0	0	0	0	0	0	0	0	0	0	
46.444	22	13	19	8	0	0	0	0	0	0	0	0	0	0	0	0	0	0	0	0	0	0	0	0	0	0	0	0	0	0	0	0	0	0	0	0	0	0	0	0	0	0	0	
46.444	22	13	19	8	0	0	0	0	0	0	0	0	0	0	0	0	0	0	0	0	0	0	0	0	0	0	0	0	0	0	0	0	0	0	0	0	0	0	0	0	0	0	0	
46.452	22	13	19	8	0	0	0	0	0	0	0	0	0	0	0	0	0	0	0	0	0	0	0	0	0	0	0	0	0	0	0	0	0	0	0	0	0	0	0	0	0	0	0	
46.464	22	13	19	8	0	0	0	0	0	0	0	0	0	0	0	0	0	0	0	0	0	0	0	0	0	0	0	0	0	0	0	0	0	0	0	0	0	0	0	0	0	0	0	
46.476	22	13	19	8	0	0	0	0	0	0	0	0	0	0	0	0	0	0	0	0	0	0	0	0	0	0	0	0	0	0	0	0	0	0	0	0	0	0	0	0	0	0	0	
46.484	22	13	19	8	0	0	0	0	0	0	0	0	0	0	0	0	0	0	0	0	0	0	0	0	0	0	0	0	0	0	0	0	0	0	0	0	0	0	0	0	0	0	0	
46.492	22	13	19	8	0	0	0	0	0	0	0	0	0	0	0	0	0	0	0	0	0	0	0	0	0	0	0	0	0	0	0	0	0	0	0	0	0	0	0	0	0	0	0	
46.492	22	13	19	8	0	0	0	0	0	0	0	0	0	0	0	0	0	0	0	0	0	0	0	0	0	0	0	0	0	0	0	0	0	0	0	0	0	0	0	0	0	0	0	
46.496	22	13	19	8	0	0	0	0	0	0	0	0	0	0	0	0	0	0	0	0	0	0	0	0	0	0	0	0	0	0	0	0	0	0	0	0	0	0	0	0	0	0	0	
46.508	22	13	19	8	0	0	0	0	0	0	0	0	0	0	0	0	0	0	0	0	0	0	0	0	0	0	0	0	0	0	0	0	0	0	0	0	0	0	0	0	0	0	0	
46.52	22	13	19	8	0	0	0	0	0	0	0	0	0	0	0	0	0	0	0	0	0	0	0	0	0	0	0	0	0	0	0	0	0	0	0	0	0	0	0	0	0	0	0	
46.528	22	13	19	8	0	0	0	0	0	0	0	0	0	0	0	0	0	0	0	0	0	0	0	0	0	0	0	0	0	0	0	0	0	0	0	0	0	0	0	0	0	0	0	
46.536	22	13	19	8	0	0	0	0	0	0	0	0	0	0	0	0	0	0	0	0	0	0	0	0	0	0	0	0	0	0	0	0	0	0	0	0	0	0	0	0	0	0	0	
46.54	22	13	19	8	0	0	0	0	0	0	0	0	0	0	0	0	0	0	0	0	0	0	0	0	0	0	0	0	0	0	0	0	0	0	0	0	0	0	0	0	0	0	0	
46.544	22	13	19	9	0	0	0	0	0	0	0	0	0	0	0	0	0	0	0	0	0	0	0	0	0	0	0	0	0	0	0	0	0	0	0	0	0	0	0	0	0	0	0	
46.548	22	13	19	9	0	0	0	0	0	0	0	0	0	0	0	0	0	0	0	0	0	0	0	0	0	0	0	0	0	0	0	0	0	0	0	0	0	0	0	0	0	0	0	
46.552	22	13	19	9	0	0	0	0	0	0	0	0	0	0	0	0	0	0	0	0	0	0	0	0	0	0	0	0	0	0	0	0	0	0	0	0	0	0	0	0	0	0	0	
46.568	22	13	19	9	0	0	0	0	0	0	0	0	0	0	0	0	0	0	0	0	0	0	0	0	0	0	0	0	0	0	0	0	0	0	0	0	0	0	0	0	0	0	0	
46.568	22	13	19	9	0	0	0	0	0	0	0	0	0	0	0	0	0	0	0	0	0	0	0	0	0	0	0	0	0	0	0	0	0	0	0	0	0	0	0	0	0	0	0	
46.588	22	13	19	9	0	0	0	0	0	0	0	0	0	0	0	0	0	0	0	0	0	0	0	0	0	0	0	0	0	0	0	0	0	0	0	0	0	0	0	0	0	0	0	
46.588	22	13	19	9	0	0	0	0	0	0	0	0	0	0	0	0	0	0	0	0	0	0	0	0	0	0	0	0	0	0	0	0	0	0	0	0	0	0	0	0	0	0	0	
46.588	22	13	19	9	0	0	0	0	0	0	0	0	0	0	0	0	0	0	0	0	0	0	0	0	0	0	0	0	0	0	0	0	0	0	0	0	0	0	0	0	0	0	0	
46.592	22	13	19	9	0	0	0	0	0	0	0	0	0	0	0	0	0	0	0	0	0	0	0	0	0	0	0	0	0	0	0	0	0	0	0	0	0	0	0	0	0	0	0	
46.592	22	13	19	9	0	0	0	0	0	0	0	0	0	0	0	0	0	0	0	0	0	0	0	0	0	0	0	0	0	0	0	0	0	0	0	0	0	0	0	0	0	0	0	
46.592	22	13	19	9	0	0	0	0	0	0	0	0	0	0	0	0	0	0	0	0	0	0	0	0	0	0	0	0	0	0	0	0	0	0	0	0	0	0	0	0	0	0	0	
46.608	22	13	19	9	0	0	0	0	0	0	0	0	0	0	0	0	0	0	0	0	0	0	0	0	0	0	0	0	0	0	0	0	0	0	0	0	0	0	0	0	0	0	0	
46.608	22	13	19	9	0	0	0	0	0	0	0	0	0	0	0	0	0	0	0	0	0	0	0	0	0	0	0	0	0	0	0	0	0	0	0	0	0	0	0	0	0	0	0	
46.624	22	13	19	9	0	0	0	0	0	0	0	0	0	0	0	0	0	0	0	0	0	0	0	0	0	0	0	0	0	0	0	0	0	0	0	0	0	0	0	0	0	0	0	
46.624	22	13	19	9	0	0	0	0	0	0	0	0	0	0	0	0	0	0	0	0	0	0	0	0	0	0	0	0	0	0	0	0	0	0	0	0	0	0	0	0	0	0	0	
46.624	22	13	19	9	0	0	0	0	0	0	0	0	0	0	0	0	0	0	0	0	0	0	0	0	0	0	0	0	0	0	0	0	0	0	0	0	0	0	0	0	0	0	0	
46.644	22	13	19	9	0	0	0	0	0	0	0	0	0	0	0	0	0	0	0	0	0	0	0	0	0	0	0	0	0	0	0	0	0	0	0	0	0	0	0	0	0	0	0	
46.644	22	13	19	9	0	0	0	0	0	0	0	0	0	0	0	0	0	0	0	0	0	0	0	0	0	0	0	0	0	0	0	0	0	0	0	0	0	0	0	0	0	0	0	
46.644	22	13	19	9	0	0	0	0	0	0	0	0	0	0	0	0	0	0	0	0	0	0	0	0	0	0	0	0	0	0	0	0	0	0	0	0	0	0	0	0	0	0	0	
46.692	22	13	19	9	0	0	0	0	0	0	0	0	0	0	0	0	0	0	0	0	0	0	0	0	0	0	0	0	0	0	0	0	0	0	0	0	0	0	0	0	0	0	0	
46.708	22	13	19	10	0	0	0	0	0	0	0	0	0	0	0	0	0	0	0	0	0	0	0	0	0	0	0	0	0	0	0	0	0	0	0	0	0	0	0	0	0	0	0	
46.712	22	13	19	10	0	0	0	0	0	0	0	0	0	0	0	0	0	0	0	0	0	0	0	0	0	0	0	0	0	0	0	0	0	0	0	0	0	0	0	0	0	0	0	
46.728	22	13	19	10	0	0	0	0	0	0	0	0	0	0	0	0	0	0	0	0	0	0	0	0	0	0	0	0	0	0	0	0	0	0	0	0	0	0	0	0	0	0	0	
46.732	22	13	19	10	0	0	0	0	0	0	0	0	0	0	0	0	0	0	0	0	0	0	0	0	0	0	0	0	0	0	0	0	0	0	0	0	0	0	0	0	0	0	0	
46.736	22	13	19	10	0	0	0	0	0	0	0	0	0	0	0	0	0	0	0	0	0	0	0	0	0	0	0	0	0	0	0	0	0	0	0	0	0	0	0	0	0	0	0	
46.748	22	13	19	10	0	0	0	0	0	0	0	0	0	0	0	0	0	0	0	0	0	0	0	0	0	0	0	0	0	0	0	0	0	0	0	0	0	0	0	0	0	0	0	
46.76	22	13	19	10	-1400.723	19.7357	0.3392732	32.05175	-0.01328513	0.4477437	399.9943	-1000.002	0.3243464	999.9952	1199.998	0.4361768	-1000.218	-499.9924	0.2033714	-100.2141	600.0059	0.2647705	-899.9601	999.9881	0.358025	0	0	0	0	0	0	0	0	0	0	0	0	0	0	0	0	0	0	
46.772	22	13	19	10	-1400.723	19.7357	0.3392732	32.05175	-0.01328513	0.4477437	399.9943	-1000.002	0.3243464	999.9952	1199.998	0.4361768	-1000.218	-499.9924	0.2033714	-100.2141	600.0059	0.2647705	-899.9601	999.9881	0.358025	0	0	0	0	0	0	0	0	0	0	0	0	0	0	0	0	0	0	
63.868	22	13	19	10	-1400.723	19.73569	0.3393093	32.0538	-0.0132864	0.4478077	399.9943	-1000.002	0.3243973	999.9952	1199.998	0.4358026	-1000.218	-499.9924	0.2032895	-100.2141	600.0059	0.2644065	-899.9601	999.9881	0.3581838	0	0	0	0	0	0	0	0	0	0	0	0	0	0	0	0	0	0	
63.904	22	13	19	10	-1400.724	19.73558	0.3396023	32.07229	-0.01329787	0.4482986	399.9943	-1000.002	0.3249342	999.9952	1199.998	0.4323205	-1000.218	-499.9924	0.2026644	-100.2142	600.006	0.261119	-899.9601	999.9881	0.3596317	0	0	0	0	0	0	0	0	0	0	0	0	0	0	0	0	0	0	
46.788	22	13	19	10	-1400.724	19.73555	0.3396601	32.0764	-0.01330043	0.4483871	399.9943	-1000.002	0.3250721	999.9952	1199.998	0.4315211	-1000.218	-499.9924	0.2025528	-100.2142	600.006	0.2603858	-899.96	999.9881	0.3599579	0	0	0	0	0	0	0	0	0	0	0	0	0	0	0	0	0	0	
63.952	22	13	19	10	-1400.724	19.73543	0.339912	32.09694	-0.01331318	0.4487189	399.9943	-1000.002	0.3258573	999.9952	1199.998	0.4274067	-1000.218	-499.9925	0.2021436	-100.2143	600.0061	0.256707	-899.96	999.9881	0.3616119	0	0	0	0	0	0	0	0	0	0	0	0	0	0	0	0	0	0	
63.964	22	13	19	10	-1400.724	19.73539	0.3399764	32.1031	-0.013317	0.4487827	399.9943	-1000.002	0.3261226	999.9952	1199.998	0.4261394	-1000.218	-499.9925	0.2020691	-100.2143	600.0061	0.2556001	-899.96	999.988	0.3621153	0	0	0	0	0	0	0	0	0	0	0	0	0	0	0	0	0	0	
64	22	13	19	10	-1400.724	19.73529	0.3401425	32.12159	-0.01332842	0.4488743	399.9943	-1000.002	0.3268938	999.9952	1199.998	0.4227006	-1000.219	-499.9925	0.2019794	-100.2144	600.0062	0.2526444	-899.9599	999.988	0.3634732	0	0	0	0	0	0	0	0	0	0	0	0	0	0	0	0	0	0	
64.012	22	13	19	10	-1400.724	19.73525	0.3401896	32.12776	-0.0133322	0.4488711	399.9943	-1000.002	0.327313	999.9952	1199.998	0.420954	-1000.219	-499.9925	0.2019939	-100.2144	600.0062	0.2511657	-899.9599	999.988	0.36416	0	0	0	0	0	0	0	0	0	0	0	0	0	0	0	0	0	0	
64.048	22	13	19	10	-1400.725	19.73514	0.3403099	32.14625	-0.01334351	0.4487574	399.9943	-1000.002	0.3283352	999.9952	1199.998	0.4169721	-1000.219	-499.9925	0.2021717	-100.2145	600.0063	0.2478428	-899.9599	999.988	0.3657226	0	0	0	0	0	0	0	0	0	0	0	0	0	0	0	0	0	0	
64.064	22	13	19	10	-1400.725	19.7351	0.3403545	32.15446	-0.01334851	0.4486556	399.9943	-1000.002	0.3288238	999.9952	1199.998	0.415183	-1000.219	-499.9925	0.2023153	-100.2145	600.0064	0.2463699	-899.9598	999.988	0.3664238	0	0	0	0	0	0	0	0	0	0	0	0	0	0	0	0	0	0	
64.104	22	13	19	10	-1400.725	19.73498	0.3404477	32.17501	-0.01336097	0.4482584	399.9943	-1000.002	0.3301335	999.9952	1199.998	0.4106663	-1000.219	-499.9925	0.2028492	-100.2146	600.0064	0.2427066	-899.9598	999.988	0.3681917	0	0	0	0	0	0	0	0	0	0	0	0	0	0	0	0	0	0	
64.108	22	13	19	10	-1400.725	19.73497	0.3404559	32.17706	-0.01336221	0.4482074	399.9943	-1000.002	0.3302712	999.9952	1199.998	0.4102113	-1000.219	-499.9925	0.2029163	-100.2147	600.0065	0.2423422	-899.9598	999.988	0.3683695	0	0	0	0	0	0	0	0	0	0	0	0	0	0	0	0	0	0	
64.148	22	13	19	10	-1400.725	19.73486	0.3405297	32.19761	-0.01337459	0.4475823	399.9943	-1000.002	0.3317091	999.9952	1199.998	0.4056297	-1000.22	-499.9925	0.2037253	-100.2148	600.0065	0.2387221	-899.9597	999.9879	0.370154	0	0	0	0	0	0	0	0	0	0	0	0	0	0	0	0	0	0	
64.16	22	13	19	11	-1400.725	19.73482	0.34055	32.20377	-0.01337828	0.4473543	399.9943	-1000.002	0.3321604	999.9952	1199.998	0.4042435	-1000.22	-499.9925	0.2040168	-100.2148	600.0066	0.237646	-899.9597	999.9879	0.3706913	0	0	0	0	0	0	0	0	0	0	0	0	0	0	0	0	0	0	
64.188	22	13	19	11	-1400.726	19.73474	0.3405967	32.21815	-0.01338684	0.4467505	399.9943	-1000.002	0.3332435	999.9952	1199.998	0.4009871	-1000.22	-499.9925	0.2047842	-100.2149	600.0066	0.2351558	-899.9597	999.9879	0.3719465	0	0	0	0	0	0	0	0	0	0	0	0	0	0	0	0	0	0	
64.208	22	13	19	11	-1400.726	19.73469	0.340631	32.22843	-0.01339288	0.4462587	399.9943	-1000.002	0.3340386	999.9952	1199.998	0.3986422	-1000.22	-499.9926	0.2054069	-100.2149	600.0067	0.2333971	-899.9597	999.9879	0.3728435	0	0	0	0	0	0	0	0	0	0	0	0	0	0	0	0	0	0	
46.908	22	13	19	11	-1400.726	19.73458	0.3407075	32.24897	-0.01340475	0.4451277	399.9943	-1000.002	0.3356656	999.9951	1199.998	0.393906	-1000.22	-499.9926	0.2068371	-100.215	600.0067	0.2299366	-899.9596	999.9879	0.374635	0	0	0	0	0	0	0	0	0	0	0	0	0	0	0	0	0	0	
46.92	22	13	19	11	-1400.726	19.73455	0.3407337	32.25513	-0.01340825	0.444751	399.9943	-1000.002	0.3361601	999.9951	1199.998	0.3924742	-1000.22	-499.9926	0.2073136	-100.2151	600.0068	0.2289147	-899.9596	999.9879	0.3751711	0	0	0	0	0	0	0	0	0	0	0	0	0	0	0	0	0	0	
64.292	22	13	19	11	-1400.726	19.73446	0.3408142	32.27157	-0.01341745	0.443664	399.9943	-1000.002	0.3374865	999.9951	1199.998	0.3886368	-1000.22	-499.9926	0.2086899	-100.2152	600.0068	0.22623	-899.9595	999.9878	0.3765956	0	0	0	0	0	0	0	0	0	0	0	0	0	0	0	0	0	0	
64.308	22	13	19	11	-1400.726	19.73443	0.3408492	32.27773	-0.01342086	0.4432261	399.9943	-1000.002	0.3379861	999.9951	1199.998	0.3871924	-1000.22	-499.9926	0.2092451	-100.2152	600.0068	0.2252391	-899.9595	999.9878	0.3771275	0	0	0	0	0	0	0	0	0	0	0	0	0	0	0	0	0	0	
46.94	22	13	19	11	-1400.726	19.73433	0.3409889	32.29828	-0.01343213	0.4416501	399.9943	-1000.002	0.3396598	999.9951	1199.998	0.3823711	-1000.221	-499.9926	0.2112454	-100.2153	600.0069	0.2220023	-899.9595	999.9878	0.3788892	0	0	0	0	0	0	0	0	0	0	0	0	0	0	0	0	0	0	
46.952	22	13	19	11	-1400.726	19.73429	0.3410389	32.30444	-0.0134355	0.4411433	399.9943	-1000.002	0.340166	999.9951	1199.998	0.3809266	-1000.221	-499.9926	0.2118894	-100.2154	600.0069	0.2210519	-899.9595	999.9878	0.379414	0	0	0	0	0	0	0	0	0	0	0	0	0	0	0	0	0	0	
64.388	22	13	19	11	-1400.727	19.73421	0.3411933	32.32088	-0.01344452	0.4397182	399.9943	-1000.002	0.3415331	999.995	1199.998	0.377091	-1000.221	-499.9926	0.213703	-100.2155	600.007	0.2185659	-899.9594	999.9878	0.3808035	0	0	0	0	0	0	0	0	0	0	0	0	0	0	0	0	0	0	
64.396	22	13	19	11	-1400.727	19.73419	0.3412371	32.32499	-0.01344679	0.4393456	399.9943	-1000.002	0.3418803	999.995	1199.998	0.3761375	-1000.221	-499.9926	0.2141777	-100.2155	600.007	0.2179557	-899.9594	999.9878	0.3811486	0	0	0	0	0	0	0	0	0	0	0	0	0	0	0	0	0	0	
64.44	22	13	19	11	-1400.727	19.73408	0.3415197	32.34759	-0.01345937	0.4371857	399.9943	-1000.002	0.3438501	999.995	1199.998	0.3709515	-1000.221	-499.9926	0.2169359	-100.2157	600.0071	0.2149755	-899.9594	999.9877	0.3828592	0	0	0	0	0	0	0	0	0	0	0	0	0	0	0	0	0	0	
46.98	22	13	19	11	-1400.727	19.73407	0.3415492	32.34964	-0.01346052	0.4369803	399.9943	-1000.002	0.3440354	999.995	1199.998	0.3704858	-1000.221	-499.9926	0.2171987	-100.2157	600.0071	0.2143942	-899.9593	999.9877	0.3831982	0	0	0	0	0	0	0	0	0	0	0	0	0	0	0	0	0	0	
64.476	22	13	19	11	-1400.727	19.734	0.3417745	32.36402	-0.01346863	0.4355026	399.9943	-1000.002	0.3453697	999.9949	1199.998	0.3672587	-1000.221	-499.9926	0.2190927	-100.2158	600.0071	0.2124007	-899.9593	999.9877	0.3843759	0	0	0	0	0	0	0	0	0	0	0	0	0	0	0	0	0	0	
47	22	13	19	11	-1400.727	19.73396	0.3419189	32.37224	-0.01347329	0.4346272	399.9943	-1000.002	0.3461646	999.9949	1199.998	0.3654421	-1000.221	-499.9926	0.2202168	-100.2159	600.0071	0.2112918	-899.9593	999.9877	0.3850425	0	0	0	0	0	0	0	0	0	0	0	0	0	0	0	0	0	0	
64.504	22	13	19	11	-1400.727	19.73392	0.3420754	32.38046	-0.01347795	0.4337297	399.9943	-1000.002	0.3469858	999.9949	1199.998	0.3636469	-1000.222	-499.9926	0.2213708	-100.2159	600.0072	0.2102062	-899.9593	999.9877	0.3857041	0	0	0	0	0	0	0	0	0	0	0	0	0	0	0	0	0	0	
64.536	22	13	19	11	-1400.727	19.73385	0.3424266	32.3969	-0.01348731	0.4318692	399.9943	-1000.002	0.3487131	999.9949	1199.998	0.3601236	-1000.222	-499.9926	0.223766	-100.216	600.0072	0.2081096	-899.9592	999.9877	0.3870112	0	0	0	0	0	0	0	0	0	0	0	0	0	0	0	0	0	0	
64.552	22	13	19	11	-1400.728	19.73381	0.3426223	32.40511	-0.013492	0.4309065	399.9943	-1000.002	0.3496213	999.9948	1199.998	0.3583964	-1000.222	-499.9927	0.2250064	-100.2161	600.0072	0.2071011	-899.9592	999.9877	0.3876561	0	0	0	0	0	0	0	0	0	0	0	0	0	0	0	0	0	0	
64.584	22	13	19	11	-1400.728	19.73373	0.3430559	32.42155	-0.01350139	0.4289165	399.9943	-1000.002	0.3515286	999.9948	1199.998	0.3550108	-1000.222	-499.9927	0.2275699	-100.2162	600.0073	0.2051695	-899.9592	999.9876	0.3889262	0	0	0	0	0	0	0	0	0	0	0	0	0	0	0	0	0	0	
64.612	22	13	19	11	-1400.728	19.73367	0.3434837	32.43594	-0.01350965	0.4271052	399.9943	-1000.002	0.353295	999.9948	1199.998	0.3521228	-1000.222	-499.9927	0.229901	-100.2163	600.0073	0.2035781	-899.9591	999.9876	0.3900143	0	0	0	0	0	0	0	0	0	0	0	0	0	0	0	0	0	0	
47.056	22	13	19	12	-1400.728	19.73362	0.3438182	32.44621	-0.01351559	0.4257723	399.9943	-1000.002	0.3546099	999.9947	1199.998	0.3501013	-1000.222	-499.9927	0.2316145	-100.2164	600.0073	0.2025006	-899.9591	999.9876	0.3907768	0	0	0	0	0	0	0	0	0	0	0	0	0	0	0	0	0	0	
64.644	22	13	19	12	-1400.728	19.7336	0.3439589	32.45032	-0.01351797	0.4252303	399.9943	-1000.002	0.3551476	999.9947	1199.998	0.3493022	-1000.222	-499.9927	0.2323108	-100.2164	600.0073	0.2020838	-899.9591	999.9876	0.3910781	0	0	0	0	0	0	0	0	0	0	0	0	0	0	0	0	0	0	
64.676	22	13	19	12	-1400.728	19.73352	0.3446422	32.46881	-0.01352878	0.422731	399.9943	-1000.002	0.3576457	999.9947	1199.998	0.3457727	-1000.222	-499.9927	0.2355189	-100.2165	600.0074	0.2003107	-899.959	999.9876	0.3924069	0	0	0	0	0	0	0	0	0	0	0	0	0	0	0	0	0	0	
64.684	22	13	19	12	-1400.728	19.7335	0.3448055	32.47292	-0.01353119	0.422163	399.9943	-1000.002	0.3582171	999.9947	1199.998	0.345003	-1000.223	-499.9927	0.2362477	-100.2166	600.0074	0.1999399	-899.959	999.9876	0.3926959	0	0	0	0	0	0	0	0	0	0	0	0	0	0	0	0	0	0	
47.084	22	13	19	12	-1400.728	19.73344	0.3454102	32.48731	-0.01353969	0.4201414	399.9943	-1000.002	0.3602595	999.9946	1199.998	0.3423518	-1000.223	-499.9927	0.2388414	-100.2167	600.0074	0.1987092	-899.959	999.9876	0.3936882	0	0	0	0	0	0	0	0	0	0	0	0	0	0	0	0	0	0	
64.728	22	13	19	12	-1400.728	19.73341	0.3457794	32.49552	-0.01354457	0.4189645	399.9943	-1000.002	0.3614542	999.9946	1199.998	0.3408672	-1000.223	-499.9927	0.2403521	-100.2167	600.0074	0.1980534	-899.959	999.9876	0.3942414	0	0	0	0	0	0	0	0	0	0	0	0	0	0	0	0	0	0	
47.108	22	13	19	12	-1400.728	19.73338	0.3460679	32.50169	-0.01354824	0.4180723	399.9943	-1000.002	0.3623625	999.9946	1199.998	0.3397687	-1000.223	-499.9927	0.2414979	-100.2168	600.0075	0.1975844	-899.959	999.9875	0.3946496	0	0	0	0	0	0	0	0	0	0	0	0	0	0	0	0	0	0	
64.776	22	13	19	12	-1400.729	19.7333	0.3469929	32.52018	-0.01355926	0.4153516	399.9943	-1000.002	0.3651465	999.9945	1199.998	0.3365544	-1000.223	-499.9927	0.2449964	-100.2169	600.0075	0.1962956	-899.9589	999.9875	0.395838	0	0	0	0	0	0	0	0	0	0	0	0	0	0	0	0	0	0	
64.792	22	13	19	12	-1400.729	19.73327	0.3474332	32.5284	-0.01356416	0.4141231	399.9943	-1000.002	0.3664105	999.9945	1199.998	0.3351673	-1000.223	-499.9927	0.2465782	-100.217	600.0075	0.19578	-899.9589	999.9875	0.3963484	0	0	0	0	0	0	0	0	0	0	0	0	0	0	0	0	0	0	
64.82	22	13	19	12	-1400.729	19.73321	0.3482473	32.54278	-0.01357278	0.4119477	399.9943	-1000.002	0.3686607	999.9944	1199.998	0.332806	-1000.223	-499.9928	0.2493814	-100.2171	600.0075	0.1949626	-899.9589	999.9875	0.3972143	0	0	0	0	0	0	0	0	0	0	0	0	0	0	0	0	0	0	
47.128	22	13	19	12	-1400.729	19.7332	0.3483682	32.54484	-0.01357402	0.4116344	399.9943	-1000.002	0.3689861	999.9944	1199.998	0.3324759	-1000.223	-499.9928	0.2497852	-100.2171	600.0076	0.1948546	-899.9588	999.9875	0.3973352	0	0	0	0	0	0	0	0	0	0	0	0	0	0	0	0	0	0	
64.84	22	13	19	12	-1400.729	19.73317	0.348863	32.55306	-0.01357897	0.4103755	399.9943	-1000.002	0.3702977	999.9944	1199.998	0.3311741	-1000.223	-499.9928	0.2514079	-100.2172	600.0076	0.1944449	-899.9588	999.9875	0.3978112	0	0	0	0	0	0	0	0	0	0	0	0	0	0	0	0	0	0	
47.152	22	13	19	12	-1400.729	19.73311	0.3499074	32.56949	-0.01358899	0.4078308	399.9943	-1000.002	0.3729701	999.9943	1199.998	0.3286642	-1000.224	-499.9928	0.2546861	-100.2173	600.0076	0.1937309	-899.9588	999.9875	0.3987279	0	0	0	0	0	0	0	0	0	0	0	0	0	0	0	0	0	0	
64.88	22	13	19	12	-1400.729	19.73309	0.3501799	32.5736	-0.01359152	0.4071894	399.9943	-1000.002	0.373649	999.9943	1199.998	0.3280569	-1000.224	-499.9928	0.2555115	-100.2173	600.0076	0.1935744	-899.9588	999.9875	0.3989497	0	0	0	0	0	0	0	0	0	0	0	0	0	0	0	0	0	0	
64.92	22	13	19	12	-1400.729	19.73301	0.3516107	32.59415	-0.01360437	0.4039538	399.9943	-1000.002	0.3771138	999.9942	1199.998	0.3251462	-1000.224	-499.9928	0.2596672	-100.2175	600.0076	0.1929241	-899.9587	999.9874	0.4000133	0	0	0	0	0	0	0	0	0	0	0	0	0	0	0	0	0	0	
64.928	22	13	19	12	-1400.729	19.73299	0.3519104	32.59826	-0.01360698	0.4033014	399.9943	-1000.002	0.3778218	999.9942	1199.998	0.3245895	-1000.224	-499.9928	0.2605031	-100.2175	600.0076	0.1928206	-899.9587	999.9874	0.400217	0	0	0	0	0	0	0	0	0	0	0	0	0	0	0	0	0	0	
64.964	22	13	19	12	-1400.729	19.73292	0.3533145	32.61675	-0.01361892	0.400346	399.9943	-1000.002	0.3810746	999.9941	1199.998	0.3221903	-1000.224	-499.9928	0.2642788	-100.2176	600.0077	0.1924663	-899.9587	999.9874	0.4010958	0	0	0	0	0	0	0	0	0	0	0	0	0	0	0	0	0	0	
64.976	22	13	19	12	-1400.729	19.7329	0.3538025	32.62292	-0.01362295	0.3993544	399.9943	-1000.002	0.3821842	999.9941	1199.998	0.3214288	-1000.224	-499.9928	0.2655413	-100.2177	600.0077	0.1923893	-899.9586	999.9874	0.401375	0	0	0	0	0	0	0	0	0	0	0	0	0	0	0	0	0	0	
65.012	22	13	19	12	-1400.729	19.73283	0.3553248	32.64141	-0.01363516	0.3963628	399.9943	-1000.002	0.3855914	999.994	1199.998	0.319256	-1000.224	-499.9929	0.2693359	-100.2178	600.0077	0.1922851	-899.9586	999.9874	0.4021707	0	0	0	0	0	0	0	0	0	0	0	0	0	0	0	0	0	0	
47.212	22	13	19	12	-1400.73	19.73282	0.3556748	32.64552	-0.01363789	0.3956949	399.9943	-1000.002	0.3863644	999.994	1199.998	0.3187954	-1000.225	-499.9929	0.2701799	-100.2178	600.0077	0.1922883	-899.9586	999.9874	0.4023389	0	0	0	0	0	0	0	0	0	0	0	0	0	0	0	0	0	0	
65.06	22	13	19	13	-1400.73	19.73274	0.3574869	32.66606	-0.01365161	0.3923402	399.9943	-1000.002	0.3903109	999.9939	1199.998	0.3166087	-1000.225	-499.9929	0.2743997	-100.218	600.0078	0.1924529	-899.9585	999.9873	0.4031316	0	0	0	0	0	0	0	0	0	0	0	0	0	0	0	0	0	0	
65.064	22	13	19	13	-1400.73	19.73274	0.3576737	32.66812	-0.01365298	0.3920035	399.9943	-1000.002	0.3907126	999.9939	1199.998	0.3164003	-1000.225	-499.9929	0.2748214	-100.218	600.0078	0.1924831	-899.9585	999.9873	0.4032064	0	0	0	0	0	0	0	0	0	0	0	0	0	0	0	0	0	0	
65.096	22	13	19	13	-1400.73	19.73268	0.3590086	32.6825	-0.01366262	0.3896404	399.9943	-1000.002	0.3935554	999.9939	1199.998	0.3149922	-1000.225	-499.9929	0.2777698	-100.2181	600.0078	0.1927666	-899.9585	999.9873	0.4037064	0	0	0	0	0	0	0	0	0	0	0	0	0	0	0	0	0	0	
47.236	22	13	19	13	-1400.73	19.73265	0.3599907	32.69278	-0.01366953	0.387947	399.9942	-1000.002	0.395615	999.9938	1199.997	0.3140386	-1000.225	-499.9929	0.2798705	-100.2181	600.0078	0.1930462	-899.9584	999.9873	0.4040378	0	0	0	0	0	0	0	0	0	0	0	0	0	0	0	0	0	0	
65.144	22	13	19	13	-1400.73	19.73259	0.3616093	32.70921	-0.01368066	0.3852301	399.9942	-1000.003	0.3989487	999.9938	1199.997	0.3125991	-1000.225	-499.9929	0.2832181	-100.2182	600.0078	0.1936275	-899.9584	999.9873	0.4045226	0	0	0	0	0	0	0	0	0	0	0	0	0	0	0	0	0	0	
47.26	22	13	19	13	-1400.73	19.73256	0.3624395	32.71743	-0.01368627	0.3838695	399.9942	-1000.003	0.4006282	999.9937	1199.997	0.3119177	-1000.225	-499.9929	0.2848837	-100.2183	600.0079	0.1939795	-899.9584	999.9873	0.4047436	0	0	0	0	0	0	0	0	0	0	0	0	0	0	0	0	0	0	
65.2	22	13	19	13	-1400.73	19.73249	0.3643549	32.73593	-0.01369905	0.380808	399.9942	-1000.003	0.4044246	999.9937	1199.997	0.310474	-1000.226	-499.993	0.288605	-100.2184	600.0079	0.1949189	-899.9583	999.9873	0.4051878	0	0	0	0	0	0	0	0	0	0	0	0	0	0	0	0	0	0	
47.264	22	13	19	13	-1400.73	19.73247	0.3650072	32.74209	-0.01370336	0.3797887	399.9942	-1000.003	0.4056927	999.9936	1199.997	0.3100194	-1000.226	-499.993	0.2898358	-100.2185	600.0079	0.1952766	-899.9583	999.9872	0.4053194	0	0	0	0	0	0	0	0	0	0	0	0	0	0	0	0	0	0	
65.244	22	13	19	13	-1400.73	19.73241	0.3670021	32.76058	-0.01371642	0.3767404	399.9941	-1000.003	0.4094962	999.9936	1199.997	0.3087328	-1000.226	-499.993	0.293493	-100.2186	600.0079	0.1964803	-899.9583	999.9872	0.4056648	0	0	0	0	0	0	0	0	0	0	0	0	0	0	0	0	0	0	
47.284	22	13	19	13	-1400.73	19.73238	0.3676789	32.76675	-0.01372082	0.3757287	399.9941	-1000.003	0.4107623	999.9935	1199.997	0.308329	-1000.226	-499.993	0.2946989	-100.2186	600.008	0.1969243	-899.9582	999.9872	0.4057635	0	0	0	0	0	0	0	0	0	0	0	0	0	0	0	0	0	0	
65.284	22	13	19	13	-1400.73	19.73234	0.3690486	32.77907	-0.01372967	0.373714	399.9941	-1000.003	0.4132901	999.9935	1199.997	0.3075576	-1000.226	-499.993	0.2970881	-100.2187	600.008	0.1978755	-899.9582	999.9872	0.4059362	0	0	0	0	0	0	0	0	0	0	0	0	0	0	0	0	0	0	
47.308	22	13	19	13	-1400.731	19.7323	0.3704378	32.7914	-0.01373858	0.3717123	399.9941	-1000.003	0.4158103	999.9935	1199.997	0.3068333	-1000.226	-499.993	0.2994444	-100.2188	600.008	0.1989094	-899.9582	999.9872	0.4060762	0	0	0	0	0	0	0	0	0	0	0	0	0	0	0	0	0	0	
65.316	22	13	19	13	-1400.731	19.73227	0.371139	32.79756	-0.01374305	0.3707168	399.9941	-1000.003	0.417067	999.9934	1199.997	0.3064884	-1000.226	-499.993	0.3006093	-100.2188	600.008	0.199457	-899.9582	999.9872	0.406134	0	0	0	0	0	0	0	0	0	0	0	0	0	0	0	0	0	0	
65.348	22	13	19	13	-1400.731	19.73222	0.3730275	32.814	-0.01375506	0.3680802	399.994	-1000.003	0.4204059	999.9934	1199.997	0.3056224	-1000.227	-499.993	0.3036683	-100.2189	600.008	0.2010151	-899.9581	999.9872	0.4062486	0	0	0	0	0	0	0	0	0	0	0	0	0	0	0	0	0	0	
47.316	22	13	19	13	-1400.731	19.73221	0.3732652	32.81605	-0.01375656	0.3677525	399.994	-1000.003	0.4208219	999.9934	1199.997	0.3055196	-1000.227	-499.993	0.3040457	-100.2189	600.008	0.2012198	-899.9581	999.9872	0.4062589	0	0	0	0	0	0	0	0	0	0	0	0	0	0	0	0	0	0	
65.392	22	13	19	13	-1400.731	19.73214	0.3754187	32.83454	-0.0137702	0.364822	399.994	-1000.003	0.4245496	999.9933	1199.997	0.3046451	-1000.227	-499.993	0.3073876	-100.219	600.0081	0.2031594	-899.958	999.9871	0.4063119	0	0	0	0	0	0	0	0	0	0	0	0	0	0	0	0	0	0	
47.332	22	13	19	13	-1400.731	19.73212	0.3761409	32.84071	-0.01377478	0.3638526	399.994	-1000.003	0.4257851	999.9933	1199.997	0.3043733	-1000.227	-499.993	0.3084791	-100.2191	600.0081	0.2038445	-899.958	999.9871	0.4063137	0	0	0	0	0	0	0	0	0	0	0	0	0	0	0	0	0	0	
65.432	22	13	19	13	-1400.731	19.73206	0.3780741	32.85714	-0.01378709	0.3612857	399.994	-1000.003	0.4290591	999.9932	1199.997	0.303694	-1000.227	-499.993	0.311332	-100.2191	600.0081	0.2057644	-899.958	999.9871	0.4062805	0	0	0	0	0	0	0	0	0	0	0	0	0	0	0	0	0	0	
65.448	22	13	19	13	-1400.731	19.73203	0.379043	32.86536	-0.01379328	0.3600124	399.9939	-1000.003	0.4306833	999.9932	1199.997	0.3033777	-1000.227	-499.993	0.3127258	-100.2192	600.0081	0.2067747	-899.958	999.9871	0.4062434	0	0	0	0	0	0	0	0	0	0	0	0	0	0	0	0	0	0	
65.46	22	13	19	13	-1400.731	19.73201	0.3797699	32.87152	-0.01379795	0.3590621	399.9939	-1000.003	0.431895	999.9932	1199.997	0.3031502	-1000.227	-499.993	0.3137566	-100.2192	600.0081	0.2075543	-899.9579	999.9871	0.4062065	0	0	0	0	0	0	0	0	0	0	0	0	0	0	0	0	0	0	
47.36	22	13	19	14	-1400.731	19.73194	0.3819481	32.89001	-0.01381198	0.3562364	399.9939	-1000.003	0.4354922	999.9931	1199.997	0.3025147	-1000.228	-499.9931	0.3167718	-100.2193	600.0082	0.2100056	-899.9579	999.9871	0.4060507	0	0	0	0	0	0	0	0	0	0	0	0	0	0	0	0	0	0	
65.516	22	13	19	14	-1400.731	19.7319	0.3831536	32.90028	-0.01381978	0.3546843	399.9939	-1000.003	0.4374621	999.9931	1199.997	0.3021908	-1000.228	-499.9931	0.3183961	-100.2194	600.0082	0.2114404	-899.9578	999.9871	0.405935	0	0	0	0	0	0	0	0	0	0	0	0	0	0	0	0	0	0	
47.368	22	13	19	14	-1400.731	19.73185	0.3848317	32.91466	-0.01383065	0.3525346	399.9938	-1000.003	0.4401788	999.993	1199.997	0.3017715	-1000.228	-499.9931	0.320608	-100.2195	600.0082	0.2135369	-899.9578	999.987	0.4057383	0	0	0	0	0	0	0	0	0	0	0	0	0	0	0	0	0	0	
65.556	22	13	19	14	-1400.731	19.73182	0.3855463	32.92082	-0.01383528	0.3516221	399.9938	-1000.003	0.4413264	999.993	1199.997	0.3016042	-1000.228	-499.9931	0.3215335	-100.2195	600.0082	0.2144668	-899.9578	999.987	0.4056417	0	0	0	0	0	0	0	0	0	0	0	0	0	0	0	0	0	0	
65.58	22	13	19	14	-1400.732	19.73178	0.3869651	32.93315	-0.01384447	0.349814	399.9938	-1000.003	0.4435874	999.993	1199.997	0.301293	-1000.228	-499.9931	0.3233435	-100.2196	600.0083	0.2163825	-899.9577	999.987	0.4054263	0	0	0	0	0	0	0	0	0	0	0	0	0	0	0	0	0	0	
65.592	22	13	19	14	-1400.732	19.73175	0.3876684	32.93931	-0.01384903	0.3489186	399.9938	-1000.003	0.4446991	999.9929	1199.997	0.3011498	-1000.228	-499.9931	0.3242278	-100.2196	600.0083	0.2173682	-899.9577	999.987	0.4053075	0	0	0	0	0	0	0	0	0	0	0	0	0	0	0	0	0	0	
65.624	22	13	19	14	-1400.732	19.7317	0.3892911	32.95369	-0.0138596	0.3468528	399.9937	-1000.003	0.4472382	999.9929	1199.997	0.3008516	-1000.229	-499.9931	0.3262369	-100.2197	600.0083	0.2197388	-899.9577	999.987	0.4050016	0	0	0	0	0	0	0	0	0	0	0	0	0	0	0	0	0	0	
47.412	22	13	19	14	-1400.732	19.73166	0.390432	32.96396	-0.01386708	0.3453981	399.9937	-1000.003	0.4489998	999.9929	1199.997	0.3006731	-1000.229	-499.9931	0.3276246	-100.2198	600.0083	0.2214913	-899.9577	999.987	0.4047586	0	0	0	0	0	0	0	0	0	0	0	0	0	0	0	0	0	0	
65.668	22	13	19	14	-1400.732	19.7316	0.3919997	32.97834	-0.0138775	0.3433924	399.9937	-1000.003	0.4513846	999.9928	1199.997	0.30048	-1000.229	-499.9931	0.3294997	-100.2199	600.0083	0.2240242	-899.9576	999.987	0.4043846	0	0	0	0	0	0	0	0	0	0	0	0	0	0	0	0	0	0	
47.44	22	13	19	14	-1400.732	19.73156	0.3930958	32.98861	-0.01388492	0.3419829	399.9936	-1000.003	0.4530245	999.9928	1199.997	0.300389	-1000.229	-499.9931	0.3307897	-100.2199	600.0084	0.2258877	-899.9576	999.9869	0.4040935	0	0	0	0	0	0	0	0	0	0	0	0	0	0	0	0	0	0	
65.72	22	13	19	14	-1400.732	19.73149	0.3948027	33.00504	-0.01389682	0.3397708	399.9936	-1000.003	0.4555291	999.9927	1199.997	0.300339	-1000.229	-499.993	0.3327665	-100.22	600.0084	0.2289583	-899.9575	999.9869	0.4035875	0	0	0	0	0	0	0	0	0	0	0	0	0	0	0	0	0	0	
47.452	22	13	19	14	-1400.732	19.73146	0.3956325	33.01326	-0.01390278	0.338686	399.9936	-1000.003	0.4567232	999.9927	1199.997	0.3003637	-1000.229	-499.993	0.3337138	-100.2201	600.0084	0.2305326	-899.9575	999.9869	0.4033164	0	0	0	0	0	0	0	0	0	0	0	0	0	0	0	0	0	0	
65.772	22	13	19	14	-1400.732	19.73138	0.3974354	33.03174	-0.01391622	0.3363007	399.9935	-1000.003	0.4592611	999.9926	1199.997	0.3005561	-1000.229	-499.993	0.3357436	-100.2202	600.0085	0.2341651	-899.9574	999.9869	0.402664	0	0	0	0	0	0	0	0	0	0	0	0	0	0	0	0	0	0	
47.464	22	13	19	14	-1400.732	19.73136	0.3980151	33.03791	-0.01392071	0.3355234	399.9935	-1000.003	0.4600599	999.9926	1199.997	0.3006655	-1000.23	-499.993	0.3363886	-100.2203	600.0085	0.2354025	-899.9574	999.9869	0.402434	0	0	0	0	0	0	0	0	0	0	0	0	0	0	0	0	0	0	
65.82	22	13	19	14	-1400.733	19.73128	0.3996845	33.05639	-0.01393417	0.3332464	399.9934	-1000.003	0.4623103	999.9926	1199.997	0.3011383	-1000.23	-499.993	0.3382281	-100.2204	600.0085	0.2391916	-899.9574	999.9869	0.401708	0	0	0	0	0	0	0	0	0	0	0	0	0	0	0	0	0	0	
47.484	22	13	19	14	-1400.733	19.73126	0.4002164	33.06255	-0.01393864	0.3325058	399.9934	-1000.003	0.4630107	999.9926	1199.997	0.3013454	-1000.23	-499.993	0.3388094	-100.2204	600.0085	0.2404794	-899.9574	999.9869	0.4014544	0	0	0	0	0	0	0	0	0	0	0	0	0	0	0	0	0	0	
65.864	22	13	19	14	-1400.733	19.73119	0.4015701	33.07898	-0.01395053	0.3305758	399.9934	-1000.003	0.4647526	999.9925	1199.997	0.3020197	-1000.23	-499.993	0.3402817	-100.2205	600.0085	0.2439721	-899.9573	999.9868	0.400751	0	0	0	0	0	0	0	0	0	0	0	0	0	0	0	0	0	0	
65.88	22	13	19	14	-1400.733	19.73115	0.4022098	33.08719	-0.01395645	0.3296348	399.9934	-1000.003	0.4655528	999.9925	1199.997	0.3024228	-1000.23	-499.993	0.3409756	-100.2206	600.0086	0.2457495	-899.9573	999.9868	0.400385	0	0	0	0	0	0	0	0	0	0	0	0	0	0	0	0	0	0	
65.916	22	13	19	14	-1400.733	19.73108	0.4035528	33.10568	-0.01396969	0.3275744	399.9933	-1000.003	0.4671702	999.9924	1199.997	0.303485	-1000.23	-499.993	0.3424349	-100.2207	600.0086	0.2498206	-899.9572	999.9868	0.3995281	0	0	0	0	0	0	0	0	0	0	0	0	0	0	0	0	0	0	
65.932	22	13	19	14	-1400.733	19.73105	0.4039693	33.11184	-0.01397408	0.3269048	399.9933	-1000.003	0.46765	999.9924	1199.997	0.303885	-1000.23	-499.993	0.3428902	-100.2208	600.0086	0.2511989	-899.9572	999.9868	0.3992325	0	0	0	0	0	0	0	0	0	0	0	0	0	0	0	0	0	0	
65.968	22	13	19	15	-1400.733	19.73097	0.4052388	33.13237	-0.01398863	0.3247351	399.9932	-1000.003	0.4690182	999.9924	1199.997	0.305373	-1000.231	-499.993	0.3442973	-100.2209	600.0086	0.2558652	-899.9571	999.9868	0.3982128	0	0	0	0	0	0	0	0	0	0	0	0	0	0	0	0	0	0	
47.536	22	13	19	15	-1400.733	19.73095	0.4054699	33.13648	-0.01399153	0.3243129	399.9932	-1000.003	0.4692467	999.9923	1199.997	0.3056978	-1000.231	-499.993	0.3445585	-100.221	600.0086	0.2568112	-899.9571	999.9868	0.3980027	0	0	0	0	0	0	0	0	0	0	0	0	0	0	0	0	0	0	
66	22	13	19	15	-1400.733	19.7309	0.4061155	33.1488	-0.01400016	0.323071	399.9932	-1000.003	0.469836	999.9923	1199.997	0.3067237	-1000.231	-499.9929	0.3453023	-100.2211	600.0086	0.2596727	-899.9571	999.9868	0.3973607	0	0	0	0	0	0	0	0	0	0	0	0	0	0	0	0	0	0	
66.024	22	13	19	15	-1400.733	19.73084	0.4066875	33.16112	-0.0140087	0.321868	399.9932	-1000.003	0.4702747	999.9923	1199.997	0.3078241	-1000.231	-499.9929	0.3459871	-100.2212	600.0087	0.2625678	-899.957	999.9867	0.3967016	0	0	0	0	0	0	0	0	0	0	0	0	0	0	0	0	0	0	
66.056	22	13	19	15	-1400.733	19.73078	0.4073309	33.17755	-0.0140199	0.3203294	399.9931	-1000.003	0.470614	999.9922	1199.997	0.309403	-1000.231	-499.9929	0.3468098	-100.2213	600.0087	0.2664757	-899.957	999.9867	0.3957971	0	0	0	0	0	0	0	0	0	0	0	0	0	0	0	0	0	0	
47.56	22	13	19	15	-1400.733	19.73074	0.4075996	33.18576	-0.01402541	0.3195902	399.9931	-1000.003	0.4706755	999.9922	1199.997	0.3102397	-1000.231	-499.9929	0.347183	-100.2214	600.0087	0.2684481	-899.957	999.9867	0.3953342	0	0	0	0	0	0	0	0	0	0	0	0	0	0	0	0	0	0	
66.108	22	13	19	15	-1400.734	19.73067	0.4080706	33.20424	-0.01403752	0.3180056	399.9931	-1000.003	0.4705488	999.9922	1199.997	0.312239	-1000.231	-499.9929	0.3479311	-100.2216	600.0087	0.2729243	-899.9569	999.9867	0.3942682	0	0	0	0	0	0	0	0	0	0	0	0	0	0	0	0	0	0	
66.124	22	13	19	15	-1400.734	19.73063	0.4082189	33.21246	-0.01404278	0.317338	399.9931	-1000.003	0.4703765	999.9921	1199.997	0.3131807	-1000.231	-499.9929	0.3482232	-100.2216	600.0087	0.2749281	-899.9569	999.9867	0.3937839	0	0	0	0	0	0	0	0	0	0	0	0	0	0	0	0	0	0	
66.164	22	13	19	15	-1400.734	19.73055	0.4084195	33.23299	-0.01405562	0.3157718	399.993	-1000.003	0.4696492	999.9921	1199.996	0.3156848	-1000.232	-499.9928	0.3488461	-100.2218	600.0087	0.2799658	-899.9568	999.9866	0.3925468	0	0	0	0	0	0	0	0	0	0	0	0	0	0	0	0	0	0	
66.172	22	13	19	15	-1400.734	19.73053	0.4084298	33.2371	-0.01405815	0.3154765	399.993	-1000.003	0.4694556	999.9921	1199.996	0.3162122	-1000.232	-499.9928	0.3489524	-100.2219	600.0087	0.2809769	-899.9568	999.9866	0.3922951	0	0	0	0	0	0	0	0	0	0	0	0	0	0	0	0	0	0	
66.216	22	13	19	15	-1400.734	19.73044	0.4083042	33.25968	-0.01407185	0.3139618	399.993	-1000.003	0.4681316	999.992	1199.996	0.3189876	-1000.232	-499.9928	0.3493934	-100.2221	600.0088	0.2860403	-899.9567	999.9866	0.3910174	0	0	0	0	0	0	0	0	0	0	0	0	0	0	0	0	0	0	
47.612	22	13	19	15	-1400.734	19.73043	0.4082477	33.26379	-0.01407432	0.3137064	399.9929	-1000.003	0.4678474	999.992	1199.996	0.3198662	-1000.232	-499.9928	0.3494966	-100.2222	600.0088	0.2875601	-899.9567	999.9866	0.3906284	0	0	0	0	0	0	0	0	0	0	0	0	0	0	0	0	0	0	
66.264	22	13	19	15	-1400.734	19.73035	0.4078057	33.28432	-0.0140866	0.3125229	399.9929	-1000.003	0.4662497	999.9919	1199.996	0.3229491	-1000.232	-499.9928	0.3497447	-100.2224	600.0088	0.2926201	-899.9567	999.9866	0.3893159	0	0	0	0	0	0	0	0	0	0	0	0	0	0	0	0	0	0	
47.636	22	13	19	15	-1400.734	19.73033	0.4076851	33.28843	-0.01408904	0.3123049	399.9929	-1000.003	0.4658976	999.9919	1199.996	0.323594	-1000.232	-499.9928	0.349777	-100.2224	600.0088	0.2936301	-899.9566	999.9866	0.3890508	0	0	0	0	0	0	0	0	0	0	0	0	0	0	0	0	0	0	
66.312	22	13	19	15	-1400.734	19.73025	0.4069182	33.30896	-0.0141012	0.3113085	399.9928	-1000.003	0.4639918	999.9919	1199.996	0.3269549	-1000.232	-499.9927	0.3498533	-100.2226	600.0088	0.2986642	-899.9566	999.9865	0.3877157	0	0	0	0	0	0	0	0	0	0	0	0	0	0	0	0	0	0	
66.316	22	13	19	15	-1400.734	19.73025	0.4068263	33.31102	-0.01410241	0.3112174	399.9928	-1000.003	0.4637886	999.9919	1199.996	0.327303	-1000.232	-499.9927	0.3498533	-100.2227	600.0088	0.2991659	-899.9566	999.9865	0.3875814	0	0	0	0	0	0	0	0	0	0	0	0	0	0	0	0	0	0	
66.352	22	13	19	15	-1400.734	19.73018	0.4058744	33.32949	-0.01411321	0.3104663	399.9928	-1000.003	0.4618647	999.9918	1199.996	0.3305273	-1000.233	-499.9927	0.3497926	-100.2229	600.0088	0.3036633	-899.9565	999.9865	0.3863681	0	0	0	0	0	0	0	0	0	0	0	0	0	0	0	0	0	0	
47.664	22	13	19	15	-1400.734	19.73016	0.4056321	33.3336	-0.01411558	0.310316	399.9928	-1000.003	0.4614144	999.9918	1199.996	0.3312647	-1000.233	-499.9927	0.3497645	-100.2229	600.0088	0.3046578	-899.9565	999.9865	0.3860976	0	0	0	0	0	0	0	0	0	0	0	0	0	0	0	0	0	0	
66.38	22	13	19	15	-1400.734	19.73013	0.4049768	33.34387	-0.01412148	0.3099661	399.9928	-1000.003	0.4602535	999.9918	1199.996	0.3331386	-1000.233	-499.9927	0.3496718	-100.223	600.0088	0.3071352	-899.9565	999.9865	0.3854201	0	0	0	0	0	0	0	0	0	0	0	0	0	0	0	0	0	0	
66.408	22	13	19	15	-1400.734	19.73008	0.4039406	33.35824	-0.01412962	0.3095374	399.9927	-1000.004	0.4585447	999.9917	1199.996	0.3358282	-1000.233	-499.9927	0.349489	-100.2232	600.0088	0.3105789	-899.9564	999.9865	0.3844697	0	0	0	0	0	0	0	0	0	0	0	0	0	0	0	0	0	0	
66.424	22	13	19	16	-1400.735	19.73005	0.4034539	33.3644	-0.01413307	0.309375	399.9927	-1000.004	0.4577827	999.9917	1199.996	0.3370019	-1000.233	-499.9927	0.3493922	-100.2233	600.0088	0.3120449	-899.9564	999.9865	0.384062	0	0	0	0	0	0	0	0	0	0	0	0	0	0	0	0	0	0	
66.456	22	13	19	16	-1400.735	19.72999	0.4018399	33.38288	-0.01414329	0.3089643	399.9927	-1000.004	0.4553903	999.9916	1199.996	0.3405881	-1000.233	-499.9926	0.3490367	-100.2235	600.0088	0.3164006	-899.9564	999.9864	0.3828384	0	0	0	0	0	0	0	0	0	0	0	0	0	0	0	0	0	0	
66.472	22	13	19	16	-1400.735	19.72996	0.4010486	33.39109	-0.01414779	0.3088185	399.9927	-1000.004	0.4542758	999.9916	1199.996	0.3422094	-1000.233	-499.9926	0.3488481	-100.2236	600.0088	0.3183137	-899.9563	999.9864	0.3822948	0	0	0	0	0	0	0	0	0	0	0	0	0	0	0	0	0	0	
66.504	22	13	19	16	-1400.735	19.72991	0.3993293	33.40751	-0.01415669	0.3085964	399.9926	-1000.004	0.4519536	999.9916	1199.996	0.3454951	-1000.233	-499.9926	0.3484158	-100.2238	600.0088	0.3220912	-899.9563	999.9864	0.381209	0	0	0	0	0	0	0	0	0	0	0	0	0	0	0	0	0	0	
66.52	22	13	19	16	-1400.735	19.72988	0.3984017	33.41573	-0.0141611	0.3085212	399.9926	-1000.004	0.4507467	999.9915	1199.996	0.3471575	-1000.233	-499.9926	0.3481726	-100.2239	600.0088	0.3239532	-899.9563	999.9864	0.3806672	0	0	0	0	0	0	0	0	0	0	0	0	0	0	0	0	0	0	
47.736	22	13	19	16	-1400.735	19.72983	0.3964111	33.43215	-0.01416983	0.3084463	399.9926	-1000.004	0.4482447	999.9915	1199.996	0.3505179	-1000.234	-499.9926	0.3476333	-100.2241	600.0088	0.3276172	-899.9562	999.9864	0.3795871	0	0	0	0	0	0	0	0	0	0	0	0	0	0	0	0	0	0	
66.576	22	13	19	16	-1400.735	19.72979	0.3948008	33.44447	-0.01417629	0.3084595	399.9925	-1000.004	0.4462946	999.9914	1199.996	0.3530679	-1000.234	-499.9925	0.3471833	-100.2243	600.0088	0.3303078	-899.9562	999.9863	0.3787808	0	0	0	0	0	0	0	0	0	0	0	0	0	0	0	0	0	0	
66.6	22	13	19	16	-1400.735	19.72975	0.3930909	33.45679	-0.01418266	0.308535	399.9925	-1000.004	0.4442859	999.9914	1199.996	0.3556428	-1000.234	-499.9925	0.3466951	-100.2245	600.0088	0.3329443	-899.9561	999.9863	0.3779785	0	0	0	0	0	0	0	0	0	0	0	0	0	0	0	0	0	0	
47.748	22	13	19	16	-1400.735	19.72973	0.3918962	33.465	-0.01418685	0.3086209	399.9925	-1000.004	0.4429166	999.9914	1199.996	0.3573731	-1000.234	-499.9925	0.3463488	-100.2246	600.0088	0.3346697	-899.9561	999.9863	0.3774462	0	0	0	0	0	0	0	0	0	0	0	0	0	0	0	0	0	0	
47.756	22	13	19	16	-1400.735	19.72968	0.3893773	33.48143	-0.01419511	0.3088796	399.9925	-1000.004	0.4401127	999.9913	1199.996	0.3608653	-1000.234	-499.9925	0.3456068	-100.2248	600.0088	0.3380369	-899.9561	999.9863	0.376389	0	0	0	0	0	0	0	0	0	0	0	0	0	0	0	0	0	0	
66.672	22	13	19	16	-1400.735	19.72964	0.3873765	33.49375	-0.01420121	0.3091496	399.9924	-1000.004	0.4379596	999.9912	1199.996	0.3635108	-1000.234	-499.9925	0.3450078	-100.2249	600.0088	0.3404839	-899.956	999.9863	0.3756034	0	0	0	0	0	0	0	0	0	0	0	0	0	0	0	0	0	0	
47.776	22	13	19	16	-1400.735	19.7296	0.3852821	33.50607	-0.01420725	0.3094837	399.9924	-1000.004	0.4357706	999.9912	1199.996	0.3661764	-1000.234	-499.9924	0.3443732	-100.2251	600.0088	0.3428587	-899.956	999.9863	0.3748253	0	0	0	0	0	0	0	0	0	0	0	0	0	0	0	0	0	0	
66.712	22	13	19	16	-1400.735	19.72958	0.3838348	33.51429	-0.01421126	0.3097411	399.9924	-1000.004	0.4342945	999.9912	1199.996	0.367963	-1000.234	-499.9924	0.3439306	-100.2252	600.0088	0.3443998	-899.956	999.9862	0.3743111	0	0	0	0	0	0	0	0	0	0	0	0	0	0	0	0	0	0	
66.744	22	13	19	16	-1400.735	19.72953	0.3808206	33.53072	-0.01421927	0.3103362	399.9923	-1000.004	0.4313106	999.9911	1199.996	0.3715532	-1000.234	-499.9924	0.3429999	-100.2254	600.0088	0.3473761	-899.9559	999.9862	0.3732953	0	0	0	0	0	0	0	0	0	0	0	0	0	0	0	0	0	0	
66.764	22	13	19	16	-1400.736	19.7295	0.3788576	33.54098	-0.0142243	0.3107604	399.9923	-1000.004	0.4294292	999.991	1199.996	0.373804	-1000.234	-499.9924	0.3423881	-100.2256	600.0088	0.349162	-899.9559	999.9862	0.37267	0	0	0	0	0	0	0	0	0	0	0	0	0	0	0	0	0	0	
47.8	22	13	19	16	-1400.736	19.72945	0.3760108	33.55536	-0.01423135	0.3114186	399.9923	-1000.004	0.4267803	999.991	1199.996	0.376956	-1000.235	-499.9924	0.341494	-100.2258	600.0088	0.3515631	-899.9558	999.9862	0.3718086	0	0	0	0	0	0	0	0	0	0	0	0	0	0	0	0	0	0	
66.812	22	13	19	16	-1400.736	19.72942	0.3739089	33.56563	-0.01423641	0.3119326	399.9922	-1000.004	0.4248803	999.9909	1199.996	0.3792026	-1000.235	-499.9924	0.3408294	-100.2259	600.0088	0.3532058	-899.9558	999.9862	0.3712041	0	0	0	0	0	0	0	0	0	0	0	0	0	0	0	0	0	0	
47.824	22	13	19	16	-1400.736	19.72938	0.3708742	33.58	-0.01424349	0.3127107	399.9922	-1000.004	0.4222119	999.9909	1199.996	0.3823322	-1000.235	-499.9923	0.339864	-100.2261	600.0088	0.355402	-899.9558	999.9861	0.3703741	0	0	0	0	0	0	0	0	0	0	0	0	0	0	0	0	0	0	
66.868	22	13	19	16	-1400.736	19.72933	0.3677364	33.59438	-0.01425053	0.3135538	399.9921	-1000.004	0.4195346	999.9908	1199.996	0.3854335	-1000.235	-499.9923	0.3388593	-100.2263	600.0088	0.3574746	-899.9557	999.9861	0.3695643	0	0	0	0	0	0	0	0	0	0	0	0	0	0	0	0	0	0	
47.836	22	13	19	16	-1400.736	19.7293	0.365435	33.60464	-0.01425553	0.3141939	399.9921	-1000.004	0.4176163	999.9908	1199.996	0.3876253	-1000.235	-499.9923	0.3381184	-100.2264	600.0088	0.3588775	-899.9557	999.9861	0.3689989	0	0	0	0	0	0	0	0	0	0	0	0	0	0	0	0	0	0	
66.896	22	13	19	17	-1400.736	19.72929	0.3645009	33.60875	-0.01425752	0.3144585	399.9921	-1000.004	0.4168474	999.9907	1199.996	0.3884956	-1000.235	-499.9923	0.3378168	-100.2265	600.0088	0.3594202	-899.9557	999.9861	0.3687757	0	0	0	0	0	0	0	0	0	0	0	0	0	0	0	0	0	0	
66.932	22	13	19	17	-1400.736	19.72923	0.3602064	33.62723	-0.01426641	0.3157072	399.992	-1000.004	0.4133745	999.9907	1199.996	0.3923597	-1000.235	-499.9923	0.3364229	-100.2267	600.0088	0.3617286	-899.9556	999.9861	0.367794	0	0	0	0	0	0	0	0	0	0	0	0	0	0	0	0	0	0	
66.944	22	13	19	17	-1400.736	19.72921	0.3587432	33.6334	-0.01426934	0.316144	399.992	-1000.004	0.4122118	999.9906	1199.996	0.3936267	-1000.235	-499.9923	0.3359451	-100.2268	600.0088	0.3624482	-899.9556	999.9861	0.3674749	0	0	0	0	0	0	0	0	0	0	0	0	0	0	0	0	0	0	
47.864	22	13	19	17	-1400.736	19.72916	0.3552716	33.64777	-0.01427617	0.3172021	399.992	-1000.004	0.4094881	999.9906	1199.996	0.3965377	-1000.235	-499.9922	0.3348056	-100.227	600.0088	0.3640271	-899.9555	999.986	0.3667468	0	0	0	0	0	0	0	0	0	0	0	0	0	0	0	0	0	0	
47.88	22	13	19	17	-1400.736	19.72914	0.3537603	33.65393	-0.01427909	0.3176722	399.9919	-1000.004	0.4083164	999.9905	1199.996	0.3977648	-1000.235	-499.9922	0.3343067	-100.2271	600.0088	0.3646599	-899.9555	999.986	0.3664418	0	0	0	0	0	0	0	0	0	0	0	0	0	0	0	0	0	0	
67.004	22	13	19	17	-1400.737	19.72911	0.3512122	33.6642	-0.01428396	0.3184778	399.9919	-1000.004	0.4063583	999.9905	1199.996	0.3997815	-1000.235	-499.9922	0.3334614	-100.2272	600.0088	0.3656547	-899.9555	999.986	0.365943	0	0	0	0	0	0	0	0	0	0	0	0	0	0	0	0	0	0	
47.888	22	13	19	17	-1400.737	19.72906	0.3475873	33.67858	-0.01429079	0.3196529	399.9919	-1000.004	0.4036085	999.9904	1199.995	0.4025426	-1000.235	-499.9922	0.3322494	-100.2274	600.0088	0.366919	-899.9554	999.986	0.3652653	0	0	0	0	0	0	0	0	0	0	0	0	0	0	0	0	0	0	
67.056	22	13	19	17	-1400.737	19.72901	0.3444316	33.6909	-0.01429668	0.320705	399.9918	-1000.004	0.4012476	999.9904	1199.995	0.4048499	-1000.236	-499.9922	0.3311846	-100.2275	600.0088	0.3678808	-899.9554	999.986	0.364704	0	0	0	0	0	0	0	0	0	0	0	0	0	0	0	0	0	0	
67.08	22	13	19	17	-1400.737	19.72897	0.3412358	33.70322	-0.0143026	0.3217997	399.9918	-1000.004	0.3988881	999.9903	1199.995	0.4071015	-1000.236	-499.9922	0.3300966	-100.2277	600.0088	0.368728	-899.9554	999.9859	0.3641613	0	0	0	0	0	0	0	0	0	0	0	0	0	0	0	0	0	0	
67.104	22	13	19	17	-1400.737	19.72893	0.3385454	33.71349	-0.01430755	0.3227449	399.9917	-1000.004	0.3969263	999.9903	1199.995	0.4089347	-1000.236	-499.9922	0.3291728	-100.2278	600.0088	0.3693451	-899.9553	999.9859	0.3637237	0	0	0	0	0	0	0	0	0	0	0	0	0	0	0	0	0	0	
67.128	22	13	19	17	-1400.737	19.72887	0.3347429	33.72787	-0.01431449	0.3241187	399.9917	-1000.004	0.3941927	999.9902	1199.995	0.4114346	-1000.236	-499.9921	0.3278541	-100.228	600.0088	0.3700718	-899.9553	999.9859	0.3631339	0	0	0	0	0	0	0	0	0	0	0	0	0	0	0	0	0	0	
67.152	22	13	19	17	-1400.737	19.72882	0.3314555	33.7402	-0.01432046	0.3253418	399.9916	-1000.004	0.3918664	999.9901	1199.995	0.4135147	-1000.236	-499.9921	0.3267012	-100.2281	600.0088	0.3705659	-899.9553	999.9859	0.3626502	0	0	0	0	0	0	0	0	0	0	0	0	0	0	0	0	0	0	
67.176	22	13	19	17	-1400.738	19.72877	0.3281473	33.75252	-0.01432643	0.3266049	399.9916	-1000.004	0.3895595	999.9901	1199.995	0.4155355	-1000.236	-499.9921	0.3255283	-100.2283	600.0088	0.3709399	-899.9552	999.9859	0.3621873	0	0	0	0	0	0	0	0	0	0	0	0	0	0	0	0	0	0	
67.188	22	13	19	17	-1400.738	19.72874	0.326487	33.75868	-0.01432941	0.3272504	399.9915	-1000.004	0.3884142	999.99	1199.995	0.4165231	-1000.236	-499.9921	0.3249347	-100.2284	600.0088	0.3710817	-899.9552	999.9859	0.3619638	0	0	0	0	0	0	0	0	0	0	0	0	0	0	0	0	0	0	
67.224	22	13	19	17	-1400.738	19.72866	0.3214892	33.77717	-0.0143384	0.3292375	399.9915	-1000.004	0.3850141	999.9899	1199.995	0.4193917	-1000.236	-499.9921	0.3231263	-100.2286	600.0088	0.3713253	-899.9551	999.9858	0.361326	0	0	0	0	0	0	0	0	0	0	0	0	0	0	0	0	0	0	
67.236	22	13	19	17	-1400.738	19.72863	0.3198197	33.78333	-0.01434141	0.329915	399.9914	-1000.004	0.383893	999.9899	1199.995	0.4203154	-1000.236	-499.992	0.3225147	-100.2286	600.0088	0.371346	-899.9551	999.9858	0.3611245	0	0	0	0	0	0	0	0	0	0	0	0	0	0	0	0	0	0	
67.272	22	13	19	17	-1400.738	19.72854	0.3148103	33.80182	-0.0143505	0.3319856	399.9913	-1000.004	0.3805675	999.9898	1199.995	0.4229841	-1000.236	-499.992	0.3206553	-100.2289	600.0088	0.3712274	-899.9551	999.9858	0.3605547	0	0	0	0	0	0	0	0	0	0	0	0	0	0	0	0	0	0	
67.288	22	13	19	17	-1400.738	19.7285	0.3125868	33.81003	-0.01435457	0.3329218	399.9913	-1000.005	0.3791073	999.9898	1199.995	0.4241191	-1000.236	-499.992	0.3198175	-100.2289	600.0088	0.3710885	-899.955	999.9858	0.3603185	0	0	0	0	0	0	0	0	0	0	0	0	0	0	0	0	0	0	
67.32	22	13	19	17	-1400.739	19.72842	0.3081535	33.82647	-0.01436275	0.3348187	399.9912	-1000.005	0.3762185	999.9897	1199.995	0.4262907	-1000.236	-499.992	0.3181224	-100.2291	600.0089	0.3706544	-899.955	999.9858	0.3598783	0	0	0	0	0	0	0	0	0	0	0	0	0	0	0	0	0	0	
67.344	22	13	19	17	-1400.739	19.72836	0.3053966	33.83674	-0.01436787	0.3360185	399.9912	-1000.005	0.374433	999.9897	1199.995	0.4275795	-1000.237	-499.992	0.3170503	-100.2292	600.0089	0.3702789	-899.955	999.9857	0.3596254	0	0	0	0	0	0	0	0	0	0	0	0	0	0	0	0	0	0	
67.368	22	13	19	18	-1400.739	19.72829	0.3015622	33.85112	-0.01437503	0.337714	399.9911	-1000.005	0.3719568	999.9896	1199.995	0.4292934	-1000.237	-499.9919	0.3155338	-100.2294	600.0089	0.3696213	-899.9549	999.9857	0.3593004	0	0	0	0	0	0	0	0	0	0	0	0	0	0	0	0	0	0	
67.384	22	13	19	18	-1400.739	19.72824	0.2993872	33.85933	-0.01437909	0.3386901	399.9911	-1000.005	0.3705532	999.9896	1199.995	0.4302249	-1000.237	-499.9919	0.3146594	-100.2295	600.0089	0.3691776	-899.9549	999.9857	0.3591298	0	0	0	0	0	0	0	0	0	0	0	0	0	0	0	0	0	0	
48.032	22	13	19	18	-1400.739	19.72815	0.2950804	33.87577	-0.01438713	0.3406562	399.991	-1000.005	0.3677676	999.9895	1199.995	0.4319841	-1000.237	-499.9919	0.3128939	-100.2297	600.0089	0.3681439	-899.9548	999.9857	0.3588217	0	0	0	0	0	0	0	0	0	0	0	0	0	0	0	0	0	0	
67.42	22	13	19	18	-1400.739	19.72814	0.2945465	33.87782	-0.01438813	0.3409031	399.991	-1000.005	0.3674213	999.9895	1199.995	0.4321943	-1000.237	-499.9919	0.3126717	-100.2297	600.0089	0.3680011	-899.9548	999.9857	0.3587863	0	0	0	0	0	0	0	0	0	0	0	0	0	0	0	0	0	0	
67.452	22	13	19	18	-1400.74	19.72804	0.2903174	33.89425	-0.01439603	0.3428867	399.9909	-1000.005	0.3646645	999.9894	1199.995	0.4338	-1000.237	-499.9918	0.3108819	-100.2299	600.0089	0.3667509	-899.9548	999.9857	0.3585274	0	0	0	0	0	0	0	0	0	0	0	0	0	0	0	0	0	0	
67.468	22	13	19	18	-1400.74	19.728	0.2887521	33.90042	-0.01439896	0.3436339	399.9909	-1000.005	0.3636367	999.9894	1199.995	0.4343678	-1000.237	-499.9918	0.3102051	-100.2299	600.0089	0.3662328	-899.9547	999.9856	0.3584414	0	0	0	0	0	0	0	0	0	0	0	0	0	0	0	0	0	0	
67.504	22	13	19	18	-1400.74	19.72788	0.2836274	33.92096	-0.01440863	0.3461361	399.9908	-1000.005	0.3602346	999.9893	1199.995	0.4361311	-1000.237	-499.9918	0.3079281	-100.2302	600.0089	0.3643138	-899.9547	999.9856	0.3581984	0	0	0	0	0	0	0	0	0	0	0	0	0	0	0	0	0	0	
67.516	22	13	19	18	-1400.74	19.72784	0.2821205	33.92712	-0.01441151	0.3468899	399.9907	-1000.005	0.3592217	999.9892	1199.995	0.4366226	-1000.237	-499.9918	0.3072388	-100.2302	600.0089	0.363681	-899.9547	999.9856	0.3581386	0	0	0	0	0	0	0	0	0	0	0	0	0	0	0	0	0	0	
67.56	22	13	19	18	-1400.741	19.72769	0.2767305	33.94971	-0.01442207	0.3496662	399.9906	-1000.005	0.3555445	999.9891	1199.995	0.4382853	-1000.237	-499.9917	0.304688	-100.2305	600.0089	0.3611396	-899.9546	999.9856	0.3579707	0	0	0	0	0	0	0	0	0	0	0	0	0	0	0	0	0	0	
67.572	22	13	19	18	-1400.741	19.72766	0.2757751	33.95382	-0.01442399	0.350173	399.9906	-1000.005	0.3548832	999.9891	1199.995	0.4385651	-1000.237	-499.9917	0.3042205	-100.2305	600.0089	0.360641	-899.9546	999.9856	0.357949	0	0	0	0	0	0	0	0	0	0	0	0	0	0	0	0	0	0	
67.6	22	13	19	18	-1400.741	19.72755	0.272036	33.97025	-0.01443168	0.352207	399.9905	-1000.005	0.3522647	999.9891	1199.995	0.4396189	-1000.237	-499.9917	0.3023403	-100.2307	600.0089	0.3585386	-899.9545	999.9855	0.3578893	0	0	0	0	0	0	0	0	0	0	0	0	0	0	0	0	0	0	
48.116	22	13	19	18	-1400.741	19.72753	0.2711228	33.97436	-0.01443361	0.3527171	399.9905	-1000.005	0.3516174	999.989	1199.995	0.4398665	-1000.237	-499.9917	0.3018678	-100.2307	600.0089	0.3579867	-899.9545	999.9855	0.3578813	0	0	0	0	0	0	0	0	0	0	0	0	0	0	0	0	0	0	
67.64	22	13	19	18	-1400.742	19.72741	0.2675617	33.99079	-0.01444129	0.3547628	399.9904	-1000.005	0.3490609	999.989	1199.995	0.4407963	-1000.238	-499.9916	0.2999692	-100.2309	600.0089	0.3556785	-899.9544	999.9855	0.3578768	0	0	0	0	0	0	0	0	0	0	0	0	0	0	0	0	0	0	
67.656	22	13	19	18	-1400.742	19.72736	0.2658389	33.99901	-0.01444512	0.3557882	399.9904	-1000.005	0.3478033	999.9889	1199.995	0.4412258	-1000.238	-499.9916	0.2990152	-100.231	600.0089	0.3544664	-899.9544	999.9855	0.3578913	0	0	0	0	0	0	0	0	0	0	0	0	0	0	0	0	0	0	
67.688	22	13	19	18	-1400.742	19.72725	0.262922	34.01338	-0.01445177	0.3575839	399.9903	-1000.005	0.3456372	999.9889	1199.995	0.4419223	-1000.238	-499.9916	0.2973389	-100.2311	600.0089	0.3522576	-899.9544	999.9855	0.3579435	0	0	0	0	0	0	0	0	0	0	0	0	0	0	0	0	0	0	
48.14	22	13	19	18	-1400.742	19.72718	0.2609185	34.02365	-0.01445648	0.3588654	399.9902	-1000.005	0.3441171	999.9888	1199.995	0.4423775	-1000.238	-499.9915	0.2961368	-100.2313	600.0089	0.350615	-899.9543	999.9855	0.3580018	0	0	0	0	0	0	0	0	0	0	0	0	0	0	0	0	0	0	
67.728	22	13	19	18	-1400.743	19.72709	0.2586064	34.03598	-0.01446209	0.3603988	399.9902	-1000.005	0.342322	999.9888	1199.995	0.4428776	-1000.238	-499.9915	0.2946895	-100.2314	600.0089	0.3485765	-899.9543	999.9854	0.3580947	0	0	0	0	0	0	0	0	0	0	0	0	0	0	0	0	0	0	
67.752	22	13	19	18	-1400.743	19.727	0.2563992	34.0483	-0.01446764	0.3619239	399.9901	-1000.005	0.3405575	999.9887	1199.995	0.4433275	-1000.238	-499.9915	0.2932374	-100.2315	600.009	0.3464688	-899.9542	999.9854	0.3582128	0	0	0	0	0	0	0	0	0	0	0	0	0	0	0	0	0	0	
67.764	22	13	19	18	-1400.743	19.72696	0.2553363	34.05446	-0.01447039	0.3626823	399.9901	-1000.005	0.3396861	999.9887	1199.995	0.4435334	-1000.238	-499.9915	0.2925096	-100.2316	600.009	0.3453903	-899.9542	999.9854	0.3582812	0	0	0	0	0	0	0	0	0	0	0	0	0	0	0	0	0	0	
67.8	22	13	19	18	-1400.743	19.72682	0.2523168	34.07295	-0.01447859	0.3649369	399.99	-1000.005	0.3371133	999.9886	1199.995	0.4440752	-1000.238	-499.9914	0.2903193	-100.2318	600.009	0.3420621	-899.9542	999.9854	0.3585235	0	0	0	0	0	0	0	0	0	0	0	0	0	0	0	0	0	0	
67.812	22	13	19	19	-1400.744	19.72678	0.2513685	34.07911	-0.01448129	0.3656807	399.99	-1000.005	0.336269	999.9886	1199.995	0.4442303	-1000.238	-499.9914	0.2895869	-100.2319	600.009	0.3409234	-899.9541	999.9854	0.3586166	0	0	0	0	0	0	0	0	0	0	0	0	0	0	0	0	0	0	
67.84	22	13	19	19	-1400.744	19.72667	0.2492726	34.09348	-0.01448754	0.3674004	399.9899	-1000.005	0.3343242	999.9886	1199.995	0.4445427	-1000.238	-499.9914	0.2878732	-100.232	600.009	0.3382133	-899.9541	999.9854	0.3588574	0	0	0	0	0	0	0	0	0	0	0	0	0	0	0	0	0	0	
48.204	22	13	19	19	-1400.744	19.72664	0.2487045	34.09759	-0.01448931	0.3678876	399.9899	-1000.005	0.333775	999.9885	1199.995	0.4446193	-1000.238	-499.9913	0.2873823	-100.2321	600.009	0.3374259	-899.9541	999.9853	0.3589321	0	0	0	0	0	0	0	0	0	0	0	0	0	0	0	0	0	0	
67.876	22	13	19	19	-1400.744	19.72653	0.2468267	34.11197	-0.01449541	0.369579	399.9898	-1000.005	0.3318765	999.9885	1199.994	0.4448438	-1000.238	-499.9913	0.2856596	-100.2322	600.009	0.3346267	-899.954	999.9853	0.3592145	0	0	0	0	0	0	0	0	0	0	0	0	0	0	0	0	0	0	
67.896	22	13	19	19	-1400.744	19.72646	0.2455928	34.12223	-0.01449967	0.3707747	399.9897	-1000.005	0.3305435	999.9884	1199.994	0.4449634	-1000.238	-499.9913	0.2844244	-100.2324	600.009	0.3325879	-899.954	999.9853	0.3594353	0	0	0	0	0	0	0	0	0	0	0	0	0	0	0	0	0	0	
67.928	22	13	19	19	-1400.745	19.72634	0.2438102	34.13866	-0.0145063	0.3726686	399.9897	-1000.005	0.328454	999.9884	1199.994	0.4450866	-1000.238	-499.9912	0.282439	-100.2326	600.0089	0.3292616	-899.9539	999.9853	0.3598208	0	0	0	0	0	0	0	0	0	0	0	0	0	0	0	0	0	0	
48.236	22	13	19	19	-1400.745	19.72627	0.2430094	34.14687	-0.01450951	0.3736076	399.9896	-1000.005	0.3274306	999.9883	1199.994	0.4451182	-1000.238	-499.9912	0.2814419	-100.2327	600.0089	0.3275703	-899.9539	999.9853	0.360028	0	0	0	0	0	0	0	0	0	0	0	0	0	0	0	0	0	0	
67.984	22	13	19	19	-1400.745	19.72612	0.2412778	34.16741	-0.01451723	0.3759346	399.9895	-1000.005	0.3249402	999.9883	1199.994	0.4451155	-1000.238	-499.9911	0.2789355	-100.2329	600.0089	0.3232656	-899.9538	999.9852	0.360586	0	0	0	0	0	0	0	0	0	0	0	0	0	0	0	0	0	0	
48.26	22	13	19	19	-1400.746	19.72605	0.2405599	34.17767	-0.01452094	0.3770881	399.9895	-1000.006	0.3237345	999.9882	1199.994	0.445073	-1000.239	-499.9911	0.2776747	-100.2331	600.0089	0.3210748	-899.9538	999.9852	0.360886	0	0	0	0	0	0	0	0	0	0	0	0	0	0	0	0	0	0	
68.04	22	13	19	19	-1400.746	19.72591	0.2395218	34.19615	-0.01452742	0.3791483	399.9894	-1000.006	0.3216371	999.9882	1199.994	0.444933	-1000.239	-499.991	0.2753931	-100.2333	600.0089	0.3170739	-899.9537	999.9852	0.36146	0	0	0	0	0	0	0	0	0	0	0	0	0	0	0	0	0	0	
68.056	22	13	19	19	-1400.746	19.72585	0.2391669	34.20437	-0.01453023	0.3800574	399.9893	-1000.006	0.3207375	999.9881	1199.994	0.444846	-1000.239	-499.991	0.2743741	-100.2334	600.0089	0.3152747	-899.9537	999.9852	0.361729	0	0	0	0	0	0	0	0	0	0	0	0	0	0	0	0	0	0	
68.08	22	13	19	19	-1400.746	19.72576	0.238759	34.21669	-0.01453439	0.3814134	399.9893	-1000.006	0.3194289	999.9881	1199.994	0.444688	-1000.239	-499.991	0.2728406	-100.2336	600.0089	0.3125556	-899.9537	999.9852	0.3621484	0	0	0	0	0	0	0	0	0	0	0	0	0	0	0	0	0	0	
68.096	22	13	19	19	-1400.746	19.72572	0.2386115	34.22284	-0.01453645	0.3820878	399.9892	-1000.006	0.318794	999.9881	1199.994	0.444597	-1000.239	-499.9909	0.2720717	-100.2337	600.0089	0.3111883	-899.9536	999.9852	0.3623652	0	0	0	0	0	0	0	0	0	0	0	0	0	0	0	0	0	0	
68.128	22	13	19	19	-1400.747	19.72559	0.2383973	34.24132	-0.01454252	0.3840962	399.9892	-1000.006	0.3169734	999.988	1199.994	0.4442767	-1000.239	-499.9909	0.2697576	-100.2339	600.0089	0.3070638	-899.9536	999.9851	0.3630441	0	0	0	0	0	0	0	0	0	0	0	0	0	0	0	0	0	0	
48.308	22	13	19	19	-1400.747	19.72556	0.2383965	34.24543	-0.01454385	0.3845392	399.9891	-1000.006	0.3165869	999.988	1199.994	0.4441959	-1000.239	-499.9909	0.269242	-100.234	600.0089	0.306144	-899.9535	999.9851	0.3632007	0	0	0	0	0	0	0	0	0	0	0	0	0	0	0	0	0	0	
68.168	22	13	19	19	-1400.747	19.72544	0.2385647	34.26185	-0.01454907	0.3862979	399.9891	-1000.006	0.3151106	999.9879	1199.994	0.4438378	-1000.239	-499.9908	0.2671754	-100.2342	600.0088	0.30246	-899.9535	999.9851	0.3638476	0	0	0	0	0	0	0	0	0	0	0	0	0	0	0	0	0	0	
68.184	22	13	19	19	-1400.747	19.72539	0.2387521	34.27006	-0.01455161	0.3871683	399.989	-1000.006	0.3144159	999.9879	1199.994	0.4436374	-1000.239	-499.9908	0.2661398	-100.2343	600.0088	0.3006179	-899.9535	999.9851	0.3641833	0	0	0	0	0	0	0	0	0	0	0	0	0	0	0	0	0	0	
68.212	22	13	19	19	-1400.748	19.72529	0.2392465	34.28443	-0.01455593	0.3886747	399.989	-1000.006	0.3132722	999.9879	1199.994	0.4432519	-1000.239	-499.9907	0.2643241	-100.2345	600.0088	0.2973997	-899.9534	999.9851	0.3647895	0	0	0	0	0	0	0	0	0	0	0	0	0	0	0	0	0	0	
48.328	22	13	19	19	-1400.748	19.72522	0.2397296	34.2947	-0.0145589	0.389736	399.9889	-1000.006	0.3125122	999.9878	1199.994	0.4429488	-1000.239	-499.9907	0.2630246	-100.2347	600.0088	0.2951086	-899.9534	999.9851	0.3652369	0	0	0	0	0	0	0	0	0	0	0	0	0	0	0	0	0	0	
68.276	22	13	19	19	-1400.748	19.72506	0.2411742	34.31728	-0.01456513	0.3920209	399.9888	-1000.006	0.3110064	999.9878	1199.994	0.442198	-1000.239	-499.9906	0.2601579	-100.235	600.0088	0.2901013	-899.9533	999.985	0.3662603	0	0	0	0	0	0	0	0	0	0	0	0	0	0	0	0	0	0	
68.284	22	13	19	20	-1400.748	19.72504	0.2414932	34.32139	-0.01456621	0.3924284	399.9888	-1000.006	0.3107568	999.9877	1199.994	0.4420489	-1000.239	-499.9906	0.2596355	-100.2351	600.0088	0.2891968	-899.9533	999.985	0.3664519	0	0	0	0	0	0	0	0	0	0	0	0	0	0	0	0	0	0	
48.36	22	13	19	20	-1400.749	19.72489	0.2435564	34.34397	-0.01457195	0.3946248	399.9887	-1000.006	0.3095134	999.9877	1199.994	0.4411589	-1000.239	-499.9905	0.2567547	-100.2354	600.0087	0.2842613	-899.9532	999.985	0.3675335	0	0	0	0	0	0	0	0	0	0	0	0	0	0	0	0	0	0	
68.332	22	13	19	20	-1400.749	19.72489	0.2435564	34.34397	-0.01457195	0.3946248	399.9887	-1000.006	0.3095134	999.9877	1199.994	0.4411589	-1000.239	-499.9905	0.2567547	-100.2354	600.0087	0.2842613	-899.9532	999.985	0.3675335	0	0	0	0	0	0	0	0	0	0	0	0	0	0	0	0	0	0	
68.364	22	13	19	20	-1400.749	19.72477	0.2456306	34.36244	-0.01457638	0.3963683	399.9886	-1000.006	0.3086547	999.9876	1199.994	0.4403433	-1000.239	-499.9904	0.2543876	-100.2357	600.0087	0.2802779	-899.9531	999.985	0.3684502	0	0	0	0	0	0	0	0	0	0	0	0	0	0	0	0	0	0	
48.372	22	13	19	20	-1400.749	19.72473	0.2463986	34.3686	-0.0145778	0.39694	399.9886	-1000.006	0.3083996	999.9876	1199.994	0.4400544	-1000.239	-499.9904	0.2535965	-100.2358	600.0087	0.2789621	-899.9531	999.9849	0.3687615	0	0	0	0	0	0	0	0	0	0	0	0	0	0	0	0	0	0	
68.412	22	13	19	20	-1400.749	19.72461	0.2489298	34.38707	-0.01458187	0.3986321	399.9885	-1000.006	0.3077285	999.9875	1199.994	0.4391379	-1000.239	-499.9903	0.2512166	-100.2361	600.0087	0.2750534	-899.953	999.9849	0.3697105	0	0	0	0	0	0	0	0	0	0	0	0	0	0	0	0	0	0	
48.392	22	13	19	20	-1400.749	19.72457	0.2498486	34.39323	-0.01458316	0.3991897	399.9885	-1000.006	0.3075365	999.9875	1199.994	0.4388164	-1000.24	-499.9903	0.2504213	-100.2362	600.0087	0.273764	-899.953	999.9849	0.3700313	0	0	0	0	0	0	0	0	0	0	0	0	0	0	0	0	0	0	
68.46	22	13	19	20	-1400.75	19.72446	0.2528271	34.4117	-0.01458681	0.400848	399.9884	-1000.006	0.3070578	999.9875	1199.994	0.4378064	-1000.24	-499.9902	0.2480294	-100.2365	600.0086	0.2699385	-899.9529	999.9849	0.3710057	0	0	0	0	0	0	0	0	0	0	0	0	0	0	0	0	0	0	
48.412	22	13	19	20	-1400.75	19.72442	0.2538931	34.41786	-0.01458795	0.4013968	399.9884	-1000.006	0.3069313	999.9874	1199.994	0.4374551	-1000.24	-499.9902	0.2472304	-100.2366	600.0086	0.2686783	-899.9529	999.9849	0.371334	0	0	0	0	0	0	0	0	0	0	0	0	0	0	0	0	0	0	
68.512	22	13	19	20	-1400.75	19.72429	0.2577052	34.43839	-0.01459148	0.4032139	399.9883	-1000.006	0.3066321	999.9874	1199.994	0.4362337	-1000.24	-499.9901	0.2445626	-100.237	600.0086	0.2645351	-899.9528	999.9848	0.3724389	0	0	0	0	0	0	0	0	0	0	0	0	0	0	0	0	0	0	
68.532	22	13	19	20	-1400.75	19.72422	0.2597578	34.44865	-0.01459311	0.4041155	399.9883	-1000.006	0.3065544	999.9874	1199.994	0.4355947	-1000.24	-499.9901	0.2432272	-100.2371	600.0086	0.2624992	-899.9528	999.9848	0.3729968	0	0	0	0	0	0	0	0	0	0	0	0	0	0	0	0	0	0	
68.568	22	13	19	20	-1400.751	19.72411	0.2636922	34.46712	-0.01459586	0.4057241	399.9882	-1000.006	0.3065363	999.9873	1199.994	0.4343979	-1000.24	-499.99	0.2408241	-100.2375	600.0085	0.258901	-899.9527	999.9848	0.3740088	0	0	0	0	0	0	0	0	0	0	0	0	0	0	0	0	0	0	
48.44	22	13	19	20	-1400.751	19.72405	0.2660078	34.47738	-0.01459732	0.4066081	399.9882	-1000.006	0.306594	999.9873	1199.994	0.4337071	-1000.24	-499.99	0.239491	-100.2376	600.0085	0.2569426	-899.9527	999.9848	0.374575	0	0	0	0	0	0	0	0	0	0	0	0	0	0	0	0	0	0	
48.448	22	13	19	20	-1400.751	19.72396	0.2694009	34.49175	-0.01459927	0.4078315	399.9881	-1000.006	0.3067555	999.9872	1199.994	0.4327085	-1000.24	-499.9899	0.2376292	-100.2379	600.0085	0.2542549	-899.9526	999.9848	0.375372	0	0	0	0	0	0	0	0	0	0	0	0	0	0	0	0	0	0	
68.644	22	13	19	20	-1400.751	19.72387	0.2729651	34.50611	-0.01460115	0.4090351	399.9881	-1000.006	0.3070101	999.9872	1199.994	0.4316723	-1000.24	-499.9899	0.2357751	-100.2381	600.0085	0.2516363	-899.9526	999.9847	0.3761737	0	0	0	0	0	0	0	0	0	0	0	0	0	0	0	0	0	0	
68.664	22	13	19	20	-1400.752	19.7238	0.2756125	34.51637	-0.01460242	0.4098808	399.988	-1000.006	0.307248	999.9872	1199.994	0.4309086	-1000.24	-499.9898	0.2344569	-100.2383	600.0084	0.2498116	-899.9525	999.9847	0.3767487	0	0	0	0	0	0	0	0	0	0	0	0	0	0	0	0	0	0	
68.7	22	13	19	20	-1400.752	19.72368	0.2805822	34.53484	-0.01460454	0.4113693	399.988	-1000.006	0.3077911	999.9871	1199.994	0.4294837	-1000.24	-499.9897	0.2320998	-100.2386	600.0084	0.2466301	-899.9525	999.9847	0.3777873	0	0	0	0	0	0	0	0	0	0	0	0	0	0	0	0	0	0	
68.72	22	13	19	20	-1400.752	19.72362	0.2834524	34.5451	-0.0146056	0.4121755	399.9879	-1000.006	0.3081546	999.9871	1199.994	0.4286639	-1000.24	-499.9897	0.2308003	-100.2388	600.0084	0.2449225	-899.9524	999.9847	0.3783655	0	0	0	0	0	0	0	0	0	0	0	0	0	0	0	0	0	0	
48.488	22	13	19	20	-1400.753	19.72348	0.2894143	34.56563	-0.01460744	0.4137386	399.9879	-1000.006	0.3090076	999.987	1199.994	0.426964	-1000.24	-499.9896	0.2282263	-100.2391	600.0084	0.2416399	-899.9524	999.9846	0.3795212	0	0	0	0	0	0	0	0	0	0	0	0	0	0	0	0	0	0	
68.772	22	13	19	20	-1400.753	19.72344	0.2912579	34.57178	-0.01460791	0.414194	399.9879	-1000.006	0.3092946	999.987	1199.994	0.4264385	-1000.24	-499.9896	0.2274611	-100.2392	600.0084	0.2406901	-899.9523	999.9846	0.3798671	0	0	0	0	0	0	0	0	0	0	0	0	0	0	0	0	0	0	
68.808	22	13	19	21	-1400.753	19.72332	0.2969318	34.59026	-0.01460916	0.4155218	399.9878	-1000.006	0.3102358	999.987	1199.993	0.4248204	-1000.24	-499.9895	0.2251873	-100.2396	600.0083	0.2379376	-899.9523	999.9846	0.3809002	0	0	0	0	0	0	0	0	0	0	0	0	0	0	0	0	0	0	
68.828	22	13	19	21	-1400.753	19.72325	0.300172	34.60052	-0.01460975	0.4162348	399.9878	-1000.006	0.3108079	999.9869	1199.993	0.4238953	-1000.24	-499.9895	0.2239393	-100.2397	600.0083	0.2364713	-899.9522	999.9846	0.3814698	0	0	0	0	0	0	0	0	0	0	0	0	0	0	0	0	0	0	
48.516	22	13	19	21	-1400.754	19.72315	0.3048069	34.61488	-0.01461049	0.4172052	399.9877	-1000.006	0.3116638	999.9869	1199.993	0.4225707	-1000.241	-499.9894	0.2222126	-100.24	600.0083	0.2344941	-899.9522	999.9846	0.3822606	0	0	0	0	0	0	0	0	0	0	0	0	0	0	0	0	0	0	
48.528	22	13	19	21	-1400.754	19.72309	0.307504	34.62309	-0.01461088	0.4177462	399.9877	-1000.007	0.3121804	999.9869	1199.993	0.4217989	-1000.241	-499.9894	0.2212376	-100.2401	600.0083	0.2334039	-899.9521	999.9845	0.3827082	0	0	0	0	0	0	0	0	0	0	0	0	0	0	0	0	0	0	
48.54	22	13	19	21	-1400.754	19.72297	0.3129965	34.63951	-0.0146116	0.4188023	399.9876	-1000.007	0.3132714	999.9868	1199.993	0.4202255	-1000.241	-499.9894	0.2193156	-100.2404	600.0083	0.231311	-899.9521	999.9845	0.3835925	0	0	0	0	0	0	0	0	0	0	0	0	0	0	0	0	0	0	
68.924	22	13	19	21	-1400.754	19.72291	0.3157885	34.64772	-0.01461194	0.4193189	399.9876	-1000.007	0.3138451	999.9868	1199.993	0.4194248	-1000.241	-499.9893	0.2183698	-100.2405	600.0083	0.2303086	-899.952	999.9845	0.3840285	0	0	0	0	0	0	0	0	0	0	0	0	0	0	0	0	0	0	
68.952	22	13	19	21	-1400.755	19.72278	0.3214553	34.66414	-0.01461254	0.4203327	399.9876	-1000.007	0.3150482	999.9868	1199.993	0.4177981	-1000.241	-499.9893	0.2165119	-100.2408	600.0083	0.2283933	-899.952	999.9845	0.3848867	0	0	0	0	0	0	0	0	0	0	0	0	0	0	0	0	0	0	
68.98	22	13	19	21	-1400.755	19.72267	0.3264951	34.67851	-0.01461299	0.4212004	399.9875	-1000.007	0.3161613	999.9867	1199.993	0.4163496	-1000.241	-499.9892	0.2149265	-100.241	600.0082	0.2268169	-899.9519	999.9845	0.3856209	0	0	0	0	0	0	0	0	0	0	0	0	0	0	0	0	0	0	
48.568	22	13	19	21	-1400.755	19.72259	0.3301358	34.68877	-0.01461326	0.4218094	399.9875	-1000.007	0.3169905	999.9867	1199.993	0.4153022	-1000.241	-499.9892	0.2138193	-100.2412	600.0082	0.2257489	-899.9519	999.9844	0.3861351	0	0	0	0	0	0	0	0	0	0	0	0	0	0	0	0	0	0	
69.044	22	13	19	21	-1400.756	19.72241	0.3382456	34.71134	-0.01461373	0.4231134	399.9874	-1000.007	0.318911	999.9866	1199.993	0.4129641	-1000.241	-499.9891	0.2114649	-100.2416	600.0082	0.2235736	-899.9518	999.9844	0.3872338	0	0	0	0	0	0	0	0	0	0	0	0	0	0	0	0	0	0	
69.056	22	13	19	21	-1400.756	19.72237	0.3397326	34.71545	-0.0146138	0.4233444	399.9874	-1000.007	0.3192739	999.9866	1199.993	0.4125344	-1000.241	-499.9891	0.2110497	-100.2416	600.0082	0.2232044	-899.9518	999.9844	0.3874287	0	0	0	0	0	0	0	0	0	0	0	0	0	0	0	0	0	0	
69.096	22	13	19	21	-1400.757	19.72218	0.3479634	34.73597	-0.01461412	0.4244652	399.9874	-1000.007	0.3211462	999.9866	1199.993	0.4103668	-1000.241	-499.989	0.2090389	-100.2419	600.0082	0.2214838	-899.9517	999.9844	0.3883791	0	0	0	0	0	0	0	0	0	0	0	0	0	0	0	0	0	0	
69.108	22	13	19	21	-1400.757	19.72213	0.3502201	34.74418	-0.01461423	0.4248953	399.9873	-1000.007	0.3219203	999.9866	1199.993	0.4094912	-1000.241	-499.989	0.2082666	-100.2421	600.0082	0.2208555	-899.9517	999.9843	0.3887481	0	0	0	0	0	0	0	0	0	0	0	0	0	0	0	0	0	0	
48.608	22	13	19	21	-1400.757	19.72196	0.3570084	34.76265	-0.01461449	0.4258195	399.9873	-1000.007	0.3237086	999.9865	1199.993	0.4075047	-1000.241	-499.989	0.2066003	-100.2424	600.0082	0.2195715	-899.9516	999.9843	0.3895544	0	0	0	0	0	0	0	0	0	0	0	0	0	0	0	0	0	0	
69.164	22	13	19	21	-1400.758	19.72187	0.3607853	34.77292	-0.01461463	0.4263044	399.9873	-1000.007	0.3247271	999.9865	1199.993	0.4063918	-1000.241	-499.9889	0.2057195	-100.2425	600.0082	0.2189377	-899.9516	999.9843	0.3899876	0	0	0	0	0	0	0	0	0	0	0	0	0	0	0	0	0	0	
48.632	22	13	19	21	-1400.758	19.72171	0.3660638	34.78728	-0.01461478	0.4269469	399.9872	-1000.007	0.3261793	999.9865	1199.993	0.4048235	-1000.241	-499.9889	0.2045428	-100.2427	600.0082	0.2181476	-899.9515	999.9843	0.3905759	0	0	0	0	0	0	0	0	0	0	0	0	0	0	0	0	0	0	
69.216	22	13	19	21	-1400.758	19.72156	0.3705712	34.7996	-0.01461486	0.4274623	399.9872	-1000.007	0.3274458	999.9864	1199.993	0.4034708	-1000.241	-499.9888	0.2035887	-100.2429	600.0082	0.2175617	-899.9515	999.9842	0.3910623	0	0	0	0	0	0	0	0	0	0	0	0	0	0	0	0	0	0	
69.24	22	13	19	21	-1400.758	19.72138	0.3750561	34.81192	-0.01461486	0.4279444	399.9871	-1000.007	0.3287301	999.9864	1199.993	0.4021114	-1000.242	-499.9888	0.2026865	-100.2431	600.0082	0.2170601	-899.9514	999.9842	0.3915314	0	0	0	0	0	0	0	0	0	0	0	0	0	0	0	0	0	0	
69.268	22	13	19	21	-1400.757	19.72117	0.3795122	34.82423	-0.01461477	0.4283925	399.9871	-1000.007	0.3300299	999.9864	1199.993	0.4007465	-1000.242	-499.9888	0.201838	-100.2433	600.0082	0.2166423	-899.9514	999.9842	0.3919821	0	0	0	0	0	0	0	0	0	0	0	0	0	0	0	0	0	0	
48.66	22	13	19	21	-1400.756	19.72095	0.3839333	34.83655	-0.01461459	0.4288065	399.9871	-1000.007	0.331343	999.9863	1199.993	0.3993775	-1000.242	-499.9887	0.2010448	-100.2434	600.0082	0.2163072	-899.9513	999.9842	0.3924133	0	0	0	0	0	0	0	0	0	0	0	0	0	0	0	0	0	0	
69.316	22	13	19	22	-1400.755	19.72066	0.3890388	34.85092	-0.01461429	0.4292464	399.987	-1000.007	0.3328889	999.9863	1199.993	0.3977769	-1000.242	-499.9887	0.2001916	-100.2437	600.0082	0.2160192	-899.9513	999.9842	0.3928903	0	0	0	0	0	0	0	0	0	0	0	0	0	0	0	0	0	0	
48.68	22	13	19	22	-1400.754	19.72044	0.392646	34.86118	-0.01461402	0.4295326	399.987	-1000.007	0.3340007	999.9863	1199.993	0.3966326	-1000.242	-499.9887	0.1996315	-100.2438	600.0082	0.2158804	-899.9512	999.9841	0.3932131	0	0	0	0	0	0	0	0	0	0	0	0	0	0	0	0	0	0	
69.364	22	13	19	22	-1400.752	19.7201	0.3976334	34.87555	-0.01461364	0.4298955	399.987	-1000.007	0.3355658	999.9863	1199.993	0.3950305	-1000.242	-499.9886	0.1989184	-100.244	600.0082	0.2157785	-899.9512	999.9841	0.3936387	0	0	0	0	0	0	0	0	0	0	0	0	0	0	0	0	0	0	
69.384	22	13	19	22	-1400.751	19.71984	0.4011464	34.88582	-0.01461337	0.4301288	399.9869	-1000.007	0.3366888	999.9862	1199.993	0.3938872	-1000.242	-499.9886	0.1984616	-100.2441	600.0082	0.2157713	-899.9511	999.9841	0.3939232	0	0	0	0	0	0	0	0	0	0	0	0	0	0	0	0	0	0	
69.416	22	13	19	22	-1400.748	19.7194	0.4066725	34.90224	-0.01461299	0.4304603	399.9869	-1000.007	0.3384936	999.9862	1199.993	0.392061	-1000.242	-499.9886	0.1978247	-100.2444	600.0082	0.2158737	-899.9511	999.9841	0.3943438	0	0	0	0	0	0	0	0	0	0	0	0	0	0	0	0	0	0	
48.712	22	13	19	22	-1400.747	19.71917	0.4093883	34.91046	-0.01461283	0.4306078	399.9869	-1000.007	0.3393996	999.9862	1199.993	0.39115	-1000.242	-499.9885	0.1975508	-100.2445	600.0082	0.2159776	-899.951	999.9841	0.3945377	0	0	0	0	0	0	0	0	0	0	0	0	0	0	0	0	0	0	
69.472	22	13	19	22	-1400.743	19.71855	0.4160274	34.93099	-0.01461253	0.4309273	399.9868	-1000.007	0.3416765	999.9861	1199.993	0.3888803	-1000.242	-499.9885	0.1970004	-100.2447	600.0082	0.2163919	-899.951	999.984	0.3949737	0	0	0	0	0	0	0	0	0	0	0	0	0	0	0	0	0	0	
69.484	22	13	19	22	-1400.741	19.71835	0.4179746	34.93715	-0.01461246	0.4310098	399.9868	-1000.007	0.3423632	999.9861	1199.993	0.3882019	-1000.242	-499.9885	0.1968734	-100.2448	600.0082	0.2165594	-899.9509	999.984	0.3950907	0	0	0	0	0	0	0	0	0	0	0	0	0	0	0	0	0	0	
69.528	22	13	19	22	-1400.736	19.7176	0.4249237	34.95973	-0.01461226	0.4312582	399.9867	-1000.007	0.3448965	999.9861	1199.993	0.3857261	-1000.242	-499.9884	0.1965631	-100.2451	600.0082	0.2173443	-899.9508	999.984	0.3954647	0	0	0	0	0	0	0	0	0	0	0	0	0	0	0	0	0	0	
69.536	22	13	19	22	-1400.735	19.71745	0.4261535	34.96384	-0.01461223	0.4312938	399.9867	-1000.007	0.3453597	999.9861	1199.993	0.385278	-1000.242	-499.9884	0.1965333	-100.2452	600.0082	0.2175157	-899.9508	999.984	0.3955234	0	0	0	0	0	0	0	0	0	0	0	0	0	0	0	0	0	0	
69.564	22	13	19	22	-1400.731	19.71693	0.4303715	34.97821	-0.01461214	0.4313931	399.9867	-1000.007	0.3469867	999.9861	1199.993	0.3837148	-1000.242	-499.9884	0.1964942	-100.2453	600.0082	0.2181846	-899.9508	999.9839	0.3957061	0	0	0	0	0	0	0	0	0	0	0	0	0	0	0	0	0	0	
69.58	22	13	19	22	-1400.729	19.71663	0.4327195	34.98642	-0.01461209	0.4314309	399.9867	-1000.007	0.3479201	999.986	1199.993	0.3828251	-1000.242	-499.9884	0.196518	-100.2454	600.0082	0.2186146	-899.9507	999.9839	0.3957947	0	0	0	0	0	0	0	0	0	0	0	0	0	0	0	0	0	0	
69.62	22	13	19	22	-1400.723	19.71583	0.4383818	35.00695	-0.01461201	0.4314592	399.9866	-1000.007	0.3502615	999.986	1199.993	0.3806122	-1000.242	-499.9883	0.196726	-100.2457	600.0083	0.219839	-899.9506	999.9839	0.3959665	0	0	0	0	0	0	0	0	0	0	0	0	0	0	0	0	0	0	
69.636	22	13	19	22	-1400.72	19.7155	0.4405604	35.01517	-0.014612	0.4314423	399.9866	-1000.007	0.3512	999.986	1199.993	0.3797315	-1000.243	-499.9883	0.1968691	-100.2458	600.0083	0.2203874	-899.9506	999.9839	0.3960154	0	0	0	0	0	0	0	0	0	0	0	0	0	0	0	0	0	0	
69.672	22	13	19	22	-1400.714	19.71472	0.4452733	35.03365	-0.014612	0.4313426	399.9866	-1000.007	0.3533132	999.986	1199.993	0.3777585	-1000.243	-499.9882	0.1973171	-100.246	600.0083	0.2217405	-899.9505	999.9839	0.3960843	0	0	0	0	0	0	0	0	0	0	0	0	0	0	0	0	0	0	
69.684	22	13	19	22	-1400.712	19.71446	0.4467846	35.03981	-0.014612	0.4312902	399.9865	-1000.007	0.3540176	999.9859	1199.993	0.3771036	-1000.243	-499.9882	0.1975054	-100.2461	600.0083	0.2222274	-899.9505	999.9838	0.3960946	0	0	0	0	0	0	0	0	0	0	0	0	0	0	0	0	0	0	
69.72	22	13	19	22	-1400.705	19.71364	0.4511331	35.05829	-0.01461199	0.4310773	399.9865	-1000.007	0.35613	999.9859	1199.993	0.3751466	-1000.243	-499.9882	0.1981875	-100.2463	600.0083	0.2237918	-899.9504	999.9838	0.3960874	0	0	0	0	0	0	0	0	0	0	0	0	0	0	0	0	0	0	
69.744	22	13	19	22	-1400.701	19.71318	0.4534258	35.06856	-0.01461195	0.4309243	399.9865	-1000.007	0.357303	999.9859	1199.993	0.3740647	-1000.243	-499.9882	0.1986424	-100.2464	600.0083	0.2247256	-899.9504	999.9838	0.3960585	0	0	0	0	0	0	0	0	0	0	0	0	0	0	0	0	0	0	
48.82	22	13	19	22	-1400.695	19.71251	0.4564835	35.08293	-0.01461182	0.4306713	399.9864	-1000.007	0.3589451	999.9859	1199.993	0.3725565	-1000.243	-499.9881	0.1993706	-100.2466	600.0083	0.2261067	-899.9503	999.9838	0.3959875	0	0	0	0	0	0	0	0	0	0	0	0	0	0	0	0	0	0	
69.792	22	13	19	22	-1400.69	19.71192	0.45896	35.09525	-0.01461162	0.4304209	399.9864	-1000.007	0.360353	999.9859	1199.993	0.3712701	-1000.243	-499.9881	0.2000794	-100.2467	600.0083	0.2273557	-899.9503	999.9837	0.3958979	0	0	0	0	0	0	0	0	0	0	0	0	0	0	0	0	0	0	
48.844	22	13	19	23	-1400.685	19.71132	0.4613004	35.10757	-0.01461134	0.430142	399.9864	-1000.007	0.3617615	999.9858	1199.993	0.3699896	-1000.243	-499.9881	0.2008666	-100.2469	600.0083	0.2286615	-899.9502	999.9837	0.3957815	0	0	0	0	0	0	0	0	0	0	0	0	0	0	0	0	0	0	
69.844	22	13	19	23	-1400.679	19.71061	0.4638555	35.12195	-0.01461092	0.4297829	399.9863	-1000.008	0.3634061	999.9858	1199.993	0.3685032	-1000.243	-499.988	0.2018839	-100.247	600.0083	0.2302531	-899.9502	999.9837	0.3956114	0	0	0	0	0	0	0	0	0	0	0	0	0	0	0	0	0	0	
48.852	22	13	19	23	-1400.674	19.71008	0.4655631	35.13221	-0.01461059	0.4295058	399.9863	-1000.008	0.3645818	999.9858	1199.993	0.3674464	-1000.243	-499.988	0.2026758	-100.2472	600.0084	0.2314328	-899.9501	999.9837	0.3954671	0	0	0	0	0	0	0	0	0	0	0	0	0	0	0	0	0	0	
69.896	22	13	19	23	-1400.666	19.70923	0.4680883	35.14864	-0.01461003	0.4290289	399.9863	-1000.008	0.3664649	999.9858	1199.993	0.3657636	-1000.243	-499.988	0.2040561	-100.2473	600.0084	0.2333916	-899.9501	999.9837	0.3951972	0	0	0	0	0	0	0	0	0	0	0	0	0	0	0	0	0	0	
48.872	22	13	19	23	-1400.662	19.7088	0.4692541	35.15686	-0.01460976	0.4287758	399.9863	-1000.008	0.3674076	999.9858	1199.993	0.3649258	-1000.243	-499.988	0.2047984	-100.2474	600.0084	0.2344028	-899.95	999.9836	0.3950444	0	0	0	0	0	0	0	0	0	0	0	0	0	0	0	0	0	0	
48.888	22	13	19	23	-1400.652	19.7077	0.4718831	35.17739	-0.01460914	0.4281032	399.9862	-1000.008	0.3697689	999.9857	1199.993	0.3628411	-1000.243	-499.9879	0.2068055	-100.2477	600.0084	0.2370199	-899.9499	999.9836	0.3946112	0	0	0	0	0	0	0	0	0	0	0	0	0	0	0	0	0	0	
69.972	22	13	19	23	-1400.647	19.70713	0.4730429	35.18766	-0.01460887	0.427746	399.9862	-1000.008	0.3709527	999.9857	1199.993	0.3618036	-1000.243	-499.9879	0.2078895	-100.2478	600.0084	0.2383743	-899.9499	999.9836	0.3943678	0	0	0	0	0	0	0	0	0	0	0	0	0	0	0	0	0	0	
70.008	22	13	19	23	-1400.637	19.7061	0.4748683	35.20614	-0.01460842	0.4270677	399.9862	-1000.008	0.3730906	999.9857	1199.993	0.3599438	-1000.243	-499.9878	0.2099741	-100.248	600.0084	0.2408849	-899.9498	999.9836	0.3938859	0	0	0	0	0	0	0	0	0	0	0	0	0	0	0	0	0	0	
70.028	22	13	19	23	-1400.632	19.70552	0.4757358	35.21641	-0.01460816	0.4266704	399.9861	-1000.008	0.3742826	999.9857	1199.993	0.3589146	-1000.243	-499.9878	0.2112051	-100.2481	600.0084	0.2423175	-899.9498	999.9835	0.3935944	0	0	0	0	0	0	0	0	0	0	0	0	0	0	0	0	0	0	
48.916	22	13	19	23	-1400.624	19.70469	0.4767735	35.23079	-0.01460776	0.4260872	399.9861	-1000.008	0.3759565	999.9857	1199.993	0.3574787	-1000.243	-499.9878	0.2130146	-100.2483	600.0084	0.2443642	-899.9497	999.9835	0.3931588	0	0	0	0	0	0	0	0	0	0	0	0	0	0	0	0	0	0	
70.076	22	13	19	23	-1400.618	19.7041	0.4773881	35.24105	-0.01460744	0.4256499	399.9861	-1000.008	0.3771553	999.9857	1199.993	0.3564565	-1000.243	-499.9877	0.2143675	-100.2484	600.0084	0.2458531	-899.9497	999.9835	0.3928283	0	0	0	0	0	0	0	0	0	0	0	0	0	0	0	0	0	0	
48.94	22	13	19	23	-1400.61	19.70325	0.4780709	35.25543	-0.01460693	0.425006	399.9861	-1000.008	0.378837	999.9857	1199.993	0.3550304	-1000.243	-499.9877	0.2163444	-100.2485	600.0084	0.2479708	-899.9496	999.9835	0.3923397	0	0	0	0	0	0	0	0	0	0	0	0	0	0	0	0	0	0	
70.12	22	13	19	23	-1400.605	19.70276	0.4783682	35.26364	-0.0146066	0.4246205	399.986	-1000.008	0.3797989	999.9856	1199.993	0.3542182	-1000.244	-499.9877	0.2175169	-100.2486	600.0084	0.2491966	-899.9496	999.9835	0.3920472	0	0	0	0	0	0	0	0	0	0	0	0	0	0	0	0	0	0	
48.948	22	13	19	23	-1400.595	19.70177	0.4787601	35.28007	-0.01460589	0.4238098	399.986	-1000.008	0.381723	999.9856	1199.993	0.3525998	-1000.244	-499.9876	0.2199531	-100.2488	600.0084	0.2516772	-899.9495	999.9834	0.3914341	0	0	0	0	0	0	0	0	0	0	0	0	0	0	0	0	0	0	
70.18	22	13	19	23	-1400.588	19.70101	0.4788772	35.29239	-0.0146053	0.4231673	399.986	-1000.008	0.3831647	999.9856	1199.992	0.3513915	-1000.244	-499.9876	0.2218586	-100.249	600.0084	0.2535593	-899.9495	999.9834	0.3909506	0	0	0	0	0	0	0	0	0	0	0	0	0	0	0	0	0	0	
48.968	22	13	19	23	-1400.58	19.70025	0.4788434	35.30471	-0.01460467	0.4224967	399.986	-1000.008	0.3846045	999.9856	1199.992	0.3501884	-1000.244	-499.9876	0.2238296	-100.2491	600.0085	0.2554562	-899.9494	999.9834	0.3904472	0	0	0	0	0	0	0	0	0	0	0	0	0	0	0	0	0	0	
70.236	22	13	19	23	-1400.569	19.6991	0.4785117	35.32319	-0.01460363	0.4214438	399.9859	-1000.008	0.3867594	999.9856	1199.992	0.3483946	-1000.244	-499.9875	0.2269061	-100.2493	600.0085	0.2583219	-899.9493	999.9834	0.3896561	0	0	0	0	0	0	0	0	0	0	0	0	0	0	0	0	0	0	
48.988	22	13	19	23	-1400.565	19.69871	0.4783267	35.32935	-0.01460325	0.4210821	399.9859	-1000.008	0.3874765	999.9856	1199.992	0.3477998	-1000.244	-499.9875	0.2279628	-100.2494	600.0085	0.2592809	-899.9493	999.9834	0.389383	0	0	0	0	0	0	0	0	0	0	0	0	0	0	0	0	0	0	
70.288	22	13	19	23	-1400.551	19.6974	0.4774437	35.34988	-0.01460182	0.4198455	399.9859	-1000.008	0.3898629	999.9856	1199.992	0.3458309	-1000.244	-499.9875	0.2315947	-100.2496	600.0085	0.2624838	-899.9492	999.9833	0.3884391	0	0	0	0	0	0	0	0	0	0	0	0	0	0	0	0	0	0	
48.996	22	13	19	23	-1400.549	19.69713	0.4772184	35.35399	-0.0146015	0.4195934	399.9859	-1000.008	0.3903394	999.9855	1199.992	0.3454399	-1000.244	-499.9875	0.2323409	-100.2496	600.0085	0.2631246	-899.9492	999.9833	0.3882443	0	0	0	0	0	0	0	0	0	0	0	0	0	0	0	0	0	0	
49.008	22	13	19	24	-1400.541	19.69633	0.476446	35.36631	-0.01460047	0.4188299	399.9858	-1000.008	0.3917678	999.9855	1199.992	0.344273	-1000.244	-499.9874	0.2346184	-100.2498	600.0085	0.2650455	-899.9491	999.9833	0.3876479	0	0	0	0	0	0	0	0	0	0	0	0	0	0	0	0	0	0	
49.02	22	13	19	24	-1400.535	19.69579	0.4758514	35.37452	-0.01459972	0.4183155	399.9858	-1000.008	0.3927187	999.9855	1199.992	0.3435005	-1000.244	-499.9874	0.2361684	-100.2499	600.0085	0.2663238	-899.9491	999.9833	0.3872407	0	0	0	0	0	0	0	0	0	0	0	0	0	0	0	0	0	0	
49.032	22	13	19	24	-1400.532	19.69552	0.4755304	35.37862	-0.01459933	0.4180569	399.9858	-1000.008	0.3931938	999.9855	1199.992	0.3431161	-1000.244	-499.9874	0.2369529	-100.2499	600.0085	0.2669619	-899.9491	999.9833	0.3870343	0	0	0	0	0	0	0	0	0	0	0	0	0	0	0	0	0	0	
70.372	22	13	19	24	-1400.522	19.69457	0.4742836	35.393	-0.01459789	0.4171445	399.9858	-1000.008	0.3948534	999.9855	1199.992	0.3417802	-1000.244	-499.9873	0.2397467	-100.2501	600.0085	0.2691891	-899.949	999.9832	0.3862976	0	0	0	0	0	0	0	0	0	0	0	0	0	0	0	0	0	0	
49.044	22	13	19	24	-1400.515	19.69389	0.4732771	35.40326	-0.0145968	0.4164862	399.9858	-1000.008	0.3960354	999.9855	1199.992	0.340836	-1000.244	-499.9873	0.2417873	-100.2502	600.0085	0.2707725	-899.949	999.9832	0.3857583	0	0	0	0	0	0	0	0	0	0	0	0	0	0	0	0	0	0	
70.404	22	13	19	24	-1400.511	19.69348	0.4726274	35.40942	-0.01459613	0.4160884	399.9858	-1000.008	0.3967429	999.9855	1199.992	0.3402738	-1000.244	-499.9873	0.2430292	-100.2503	600.0085	0.271719	-899.949	999.9832	0.3854299	0	0	0	0	0	0	0	0	0	0	0	0	0	0	0	0	0	0	
49.064	22	13	19	24	-1400.498	19.69223	0.4704756	35.4279	-0.01459407	0.4148808	399.9857	-1000.008	0.3988559	999.9855	1199.992	0.3386075	-1000.244	-499.9873	0.2468315	-100.2505	600.0085	0.2745411	-899.9489	999.9832	0.3844242	0	0	0	0	0	0	0	0	0	0	0	0	0	0	0	0	0	0	
70.46	22	13	19	24	-1400.491	19.69153	0.4691512	35.43816	-0.01459289	0.4141993	399.9857	-1000.008	0.4000228	999.9855	1199.992	0.3376962	-1000.244	-499.9872	0.2489917	-100.2506	600.0085	0.2760959	-899.9488	999.9832	0.3838534	0	0	0	0	0	0	0	0	0	0	0	0	0	0	0	0	0	0	
