time	day	hour	min	sec	control_state	uav_pos_x	uav_pos_y	uav_pos_z	uav_roll	uav_pitch	uav_yaw	uav_vel_x	uav_vel_y	uav_vel_z	vessel_a_error	vessel_b_error	vessel_c_error	vessel_d_error	vessel_e_error	vessel_f_error	vessel_g_error	
0	21	19	51	39	0	0	0	0	0	0	0	0	0	0	8660.254	8660.254	8660.254	8660.254	8660.254	8660.254	8660.254	
0	21	19	51	39	0	0	0	0	0	0	0	0	0	0	8660.254	8660.254	8660.254	8660.254	8660.254	8660.254	8660.254	
0	21	19	51	39	0	0	0	0	0	0	0	0	0	0	8660.254	8660.254	8660.254	8660.254	8660.254	8660.254	8660.254	
0	21	19	51	39	0	0	0	0	0	0	0	0	0	0	8660.254	8660.254	8660.254	8660.254	8660.254	8660.254	8660.254	
0	21	19	51	39	0	0	0	0	0	0	0	0	0	0	8660.254	8660.254	8660.254	8660.254	8660.254	8660.254	8660.254	
0	21	19	51	39	0	0	0	0	0	0	0	0	0	0	8660.254	8660.254	8660.254	8660.254	8660.254	8660.254	8660.254	
0	21	19	51	39	0	0	0	0	0	0	0	0	0	0	8660.254	8660.254	8660.254	8660.254	8660.254	8660.254	8660.254	
0	21	19	51	39	0	0	0	0	0	0	0	0	0	0	8660.254	8660.254	8660.254	8660.254	8660.254	8660.254	8660.254	
0	21	19	51	39	0	0	0	0	0	0	0	0	0	0	8660.254	8660.254	8660.254	8660.254	8660.254	8660.254	8660.254	
0	21	19	51	39	0	0	0	0	0	0	0	0	0	0	8660.254	8660.254	8660.254	8660.254	8660.254	8660.254	8660.254	
0	21	19	51	39	0	0	0	0	0	0	0	0	0	0	8660.254	8660.254	8660.254	8660.254	8660.254	8660.254	8660.254	
0	21	19	51	39	0	0	0	0	0	0	0	0	0	0	8660.254	8660.254	8660.254	8660.254	8660.254	8660.254	8660.254	
0	21	19	51	39	0	0	0	0	0	0	0	0	0	0	8660.254	8660.254	8660.254	8660.254	8660.254	8660.254	8660.254	
0	21	19	51	39	0	0	0	0	0	0	0	0	0	0	8660.254	8660.254	8660.254	8660.254	8660.254	8660.254	8660.254	
0	21	19	51	40	0	0	0	0	0	0	0	0	0	0	8660.254	8660.254	8660.254	8660.254	8660.254	8660.254	8660.254	
0	21	19	51	40	0	0	0	0	0	0	0	0	0	0	8660.254	8660.254	8660.254	8660.254	8660.254	8660.254	8660.254	
0	21	19	51	40	0	0	0	0	0	0	0	0	0	0	8660.254	8660.254	8660.254	8660.254	8660.254	8660.254	8660.254	
0	21	19	51	40	0	0	0	0	0	0	0	0	0	0	8660.254	8660.254	8660.254	8660.254	8660.254	8660.254	8660.254	
0	21	19	51	40	0	0	0	0	0	0	0	0	0	0	8660.254	8660.254	8660.254	8660.254	8660.254	8660.254	8660.254	
0	21	19	51	40	0	0	0	0	0	0	0	0	0	0	8660.254	8660.254	8660.254	8660.254	8660.254	8660.254	8660.254	
0	21	19	51	40	0	0	0	0	0	0	0	0	0	0	8660.254	8660.254	8660.254	8660.254	8660.254	8660.254	8660.254	
0	21	19	51	40	0	0	0	0	0	0	0	0	0	0	8660.254	8660.254	8660.254	8660.254	8660.254	8660.254	8660.254	
0	21	19	51	40	0	0	0	0	0	0	0	0	0	0	8660.254	8660.254	8660.254	8660.254	8660.254	8660.254	8660.254	
0	21	19	51	40	0	0	0	0	0	0	0	0	0	0	8660.254	8660.254	8660.254	8660.254	8660.254	8660.254	8660.254	
0	21	19	51	40	0	0	0	0	0	0	0	0	0	0	8660.254	8660.254	8660.254	8660.254	8660.254	8660.254	8660.254	
0	21	19	51	40	0	0	0	0	0	0	0	0	0	0	8660.254	8660.254	8660.254	8660.254	8660.254	8660.254	8660.254	
0	21	19	51	40	0	0	0	0	0	0	0	0	0	0	8660.254	8660.254	8660.254	8660.254	8660.254	8660.254	8660.254	
0	21	19	51	40	0	0	0	0	0	0	0	0	0	0	8660.254	8660.254	8660.254	8660.254	8660.254	8660.254	8660.254	
0	21	19	51	40	0	0	0	0	0	0	0	0	0	0	8660.254	8660.254	8660.254	8660.254	8660.254	8660.254	8660.254	
0	21	19	51	40	0	0	0	0	0	0	0	0	0	0	8660.254	8660.254	8660.254	8660.254	8660.254	8660.254	8660.254	
0	21	19	51	40	0	0	0	0	0	0	0	0	0	0	8660.254	8660.254	8660.254	8660.254	8660.254	8660.254	8660.254	
0	21	19	51	40	0	0	0	0	0	0	0	0	0	0	8660.254	8660.254	8660.254	8660.254	8660.254	8660.254	8660.254	
0	21	19	51	40	0	0	0	0	0	0	0	0	0	0	8660.254	8660.254	8660.254	8660.254	8660.254	8660.254	8660.254	
0	21	19	51	40	0	0	0	0	0	0	0	0	0	0	8660.254	8660.254	8660.254	8660.254	8660.254	8660.254	8660.254	
0	21	19	51	41	0	0	0	0	0	0	0	0	0	0	8660.254	8660.254	8660.254	8660.254	8660.254	8660.254	8660.254	
0	21	19	51	41	0	0	0	0	0	0	0	0	0	0	8660.254	8660.254	8660.254	8660.254	8660.254	8660.254	8660.254	
0	21	19	51	41	0	0	0	0	0	0	0	0	0	0	8660.254	8660.254	8660.254	8660.254	8660.254	8660.254	8660.254	
0	21	19	51	41	0	0	0	0	0	0	0	0	0	0	8660.254	8660.254	8660.254	8660.254	8660.254	8660.254	8660.254	
0	21	19	51	41	0	0	0	0	0	0	0	0	0	0	8660.254	8660.254	8660.254	8660.254	8660.254	8660.254	8660.254	
0	21	19	51	41	0	0	0	0	0	0	0	0	0	0	8660.254	8660.254	8660.254	8660.254	8660.254	8660.254	8660.254	
0	21	19	51	41	0	0	0	0	0	0	0	0	0	0	8660.254	8660.254	8660.254	8660.254	8660.254	8660.254	8660.254	
0	21	19	51	41	0	0	0	0	0	0	0	0	0	0	8660.254	8660.254	8660.254	8660.254	8660.254	8660.254	8660.254	
0	21	19	51	41	0	0	0	0	0	0	0	0	0	0	8660.254	8660.254	8660.254	8660.254	8660.254	8660.254	8660.254	
0	21	19	51	41	0	0	0	0	0	0	0	0	0	0	8660.254	8660.254	8660.254	8660.254	8660.254	8660.254	8660.254	
0	21	19	51	41	0	0	0	0	0	0	0	0	0	0	8660.254	8660.254	8660.254	8660.254	8660.254	8660.254	8660.254	
0	21	19	51	41	0	0	0	0	0	0	0	0	0	0	8660.254	8660.254	8660.254	8660.254	8660.254	8660.254	8660.254	
0	21	19	51	41	0	0	0	0	0	0	0	0	0	0	8660.254	8660.254	8660.254	8660.254	8660.254	8660.254	8660.254	
0	21	19	51	41	0	0	0	0	0	0	0	0	0	0	8660.254	8660.254	8660.254	8660.254	8660.254	8660.254	8660.254	
0	21	19	51	41	0	0	0	0	0	0	0	0	0	0	8660.254	8660.254	8660.254	8660.254	8660.254	8660.254	8660.254	
0	21	19	51	41	0	0	0	0	0	0	0	0	0	0	8660.254	8660.254	8660.254	8660.254	8660.254	8660.254	8660.254	
0	21	19	51	41	0	0	0	0	0	0	0	0	0	0	8660.254	8660.254	8660.254	8660.254	8660.254	8660.254	8660.254	
0	21	19	51	41	0	0	0	0	0	0	0	0	0	0	8660.254	8660.254	8660.254	8660.254	8660.254	8660.254	8660.254	
0	21	19	51	41	0	0	0	0	0	0	0	0	0	0	8660.254	8660.254	8660.254	8660.254	8660.254	8660.254	8660.254	
0	21	19	51	41	0	0	0	0	0	0	0	0	0	0	8660.254	8660.254	8660.254	8660.254	8660.254	8660.254	8660.254	
0	21	19	51	42	0	0	0	0	0	0	0	0	0	0	8660.254	8660.254	8660.254	8660.254	8660.254	8660.254	8660.254	
0	21	19	51	42	0	0	0	0	0	0	0	0	0	0	8660.254	8660.254	8660.254	8660.254	8660.254	8660.254	8660.254	
0	21	19	51	42	0	0	0	0	0	0	0	0	0	0	8660.254	8660.254	8660.254	8660.254	8660.254	8660.254	8660.254	
0	21	19	51	42	0	0	0	0	0	0	0	0	0	0	8660.254	8660.254	8660.254	8660.254	8660.254	8660.254	8660.254	
0	21	19	51	42	0	0	0	0	0	0	0	0	0	0	8660.254	8660.254	8660.254	8660.254	8660.254	8660.254	8660.254	
0	21	19	51	42	0	0	0	0	0	0	0	0	0	0	8660.254	8660.254	8660.254	8660.254	8660.254	8660.254	8660.254	
0	21	19	51	42	0	0	0	0	0	0	0	0	0	0	8660.254	8660.254	8660.254	8660.254	8660.254	8660.254	8660.254	
0	21	19	51	42	0	0	0	0	0	0	0	0	0	0	8660.254	8660.254	8660.254	8660.254	8660.254	8660.254	8660.254	
0	21	19	51	42	0	0	0	0	0	0	0	0	0	0	8660.254	8660.254	8660.254	8660.254	8660.254	8660.254	8660.254	
0	21	19	51	42	0	0	0	0	0	0	0	0	0	0	8660.254	8660.254	8660.254	8660.254	8660.254	8660.254	8660.254	
0	21	19	51	42	0	0	0	0	0	0	0	0	0	0	8660.254	8660.254	8660.254	8660.254	8660.254	8660.254	8660.254	
0	21	19	51	42	0	0	0	0	0	0	0	0	0	0	8660.254	8660.254	8660.254	8660.254	8660.254	8660.254	8660.254	
0	21	19	51	42	0	0	0	0	0	0	0	0	0	0	8660.254	8660.254	8660.254	8660.254	8660.254	8660.254	8660.254	
0	21	19	51	42	0	0	0	0	0	0	0	0	0	0	8660.254	8660.254	8660.254	8660.254	8660.254	8660.254	8660.254	
0	21	19	51	42	0	0	0	0	0	0	0	0	0	0	8660.254	8660.254	8660.254	8660.254	8660.254	8660.254	8660.254	
0	21	19	51	42	0	0	0	0	0	0	0	0	0	0	8660.254	8660.254	8660.254	8660.254	8660.254	8660.254	8660.254	
0	21	19	51	42	0	0	0	0	0	0	0	0	0	0	8660.254	8660.254	8660.254	8660.254	8660.254	8660.254	8660.254	
0	21	19	51	42	0	0	0	0	0	0	0	0	0	0	8660.254	8660.254	8660.254	8660.254	8660.254	8660.254	8660.254	
0	21	19	51	42	0	0	0	0	0	0	0	0	0	0	8660.254	8660.254	8660.254	8660.254	8660.254	8660.254	8660.254	
0	21	19	51	42	0	0	0	0	0	0	0	0	0	0	8660.254	8660.254	8660.254	8660.254	8660.254	8660.254	8660.254	
0	21	19	51	43	0	0	0	0	0	0	0	0	0	0	8660.254	8660.254	8660.254	8660.254	8660.254	8660.254	8660.254	
0	21	19	51	43	0	0	0	0	0	0	0	0	0	0	8660.254	8660.254	8660.254	8660.254	8660.254	8660.254	8660.254	
0	21	19	51	43	0	0	0	0	0	0	0	0	0	0	8660.254	8660.254	8660.254	8660.254	8660.254	8660.254	8660.254	
0	21	19	51	43	0	0	0	0	0	0	0	0	0	0	8660.254	8660.254	8660.254	8660.254	8660.254	8660.254	8660.254	
0	21	19	51	43	0	0	0	0	0	0	0	0	0	0	8660.254	8660.254	8660.254	8660.254	8660.254	8660.254	8660.254	
0	21	19	51	43	0	0	0	0	0	0	0	0	0	0	8660.254	8660.254	8660.254	8660.254	8660.254	8660.254	8660.254	
0	21	19	51	43	0	0	0	0	0	0	0	0	0	0	8660.254	8660.254	8660.254	8660.254	8660.254	8660.254	8660.254	
0	21	19	51	43	0	0	0	0	0	0	0	0	0	0	8660.254	8660.254	8660.254	8660.254	8660.254	8660.254	8660.254	
0	21	19	51	43	0	0	0	0	0	0	0	0	0	0	8660.254	8660.254	8660.254	8660.254	8660.254	8660.254	8660.254	
0	21	19	51	43	0	0	0	0	0	0	0	0	0	0	8660.254	8660.254	8660.254	8660.254	8660.254	8660.254	8660.254	
0	21	19	51	43	0	0	0	0	0	0	0	0	0	0	8660.254	8660.254	8660.254	8660.254	8660.254	8660.254	8660.254	
0	21	19	51	43	0	0	0	0	0	0	0	0	0	0	8660.254	8660.254	8660.254	8660.254	8660.254	8660.254	8660.254	
0	21	19	51	43	0	0	0	0	0	0	0	0	0	0	8660.254	8660.254	8660.254	8660.254	8660.254	8660.254	8660.254	
0	21	19	51	43	0	0	0	0	0	0	0	0	0	0	8660.254	8660.254	8660.254	8660.254	8660.254	8660.254	8660.254	
0	21	19	51	43	0	0	0	0	0	0	0	0	0	0	8660.254	8660.254	8660.254	8660.254	8660.254	8660.254	8660.254	
0	21	19	51	43	0	0	0	0	0	0	0	0	0	0	8660.254	8660.254	8660.254	8660.254	8660.254	8660.254	8660.254	
0	21	19	51	43	0	0	0	0	0	0	0	0	0	0	8660.254	8660.254	8660.254	8660.254	8660.254	8660.254	8660.254	
0	21	19	51	43	0	0	0	0	0	0	0	0	0	0	8660.254	8660.254	8660.254	8660.254	8660.254	8660.254	8660.254	
0	21	19	51	43	0	0	0	0	0	0	0	0	0	0	8660.254	8660.254	8660.254	8660.254	8660.254	8660.254	8660.254	
0	21	19	51	43	0	0	0	0	0	0	0	0	0	0	8660.254	8660.254	8660.254	8660.254	8660.254	8660.254	8660.254	
0	21	19	51	44	0	0	0	0	0	0	0	0	0	0	8660.254	8660.254	8660.254	8660.254	8660.254	8660.254	8660.254	
0	21	19	51	44	0	0	0	0	0	0	0	0	0	0	8660.254	8660.254	8660.254	8660.254	8660.254	8660.254	8660.254	
0	21	19	51	44	0	0	0	0	0	0	0	0	0	0	8660.254	8660.254	8660.254	8660.254	8660.254	8660.254	8660.254	
0	21	19	51	44	0	0	0	0	0	0	0	0	0	0	8660.254	8660.254	8660.254	8660.254	8660.254	8660.254	8660.254	
0	21	19	51	44	0	0	0	0	0	0	0	0	0	0	8660.254	8660.254	8660.254	8660.254	8660.254	8660.254	8660.254	
0	21	19	51	44	0	0	0	0	0	0	0	0	0	0	8660.254	8660.254	8660.254	8660.254	8660.254	8660.254	8660.254	
0	21	19	51	44	0	0	0	0	0	0	0	0	0	0	8660.254	8660.254	8660.254	8660.254	8660.254	8660.254	8660.254	
0	21	19	51	44	0	0	0	0	0	0	0	0	0	0	8660.254	8660.254	8660.254	8660.254	8660.254	8660.254	8660.254	
0	21	19	51	44	0	0	0	0	0	0	0	0	0	0	8660.254	8660.254	8660.254	8660.254	8660.254	8660.254	8660.254	
0	21	19	51	44	0	0	0	0	0	0	0	0	0	0	8660.254	8660.254	8660.254	8660.254	8660.254	8660.254	8660.254	
0	21	19	51	44	0	0	0	0	0	0	0	0	0	0	8660.254	8660.254	8660.254	8660.254	8660.254	8660.254	8660.254	
0	21	19	51	44	0	0	0	0	0	0	0	0	0	0	8660.254	8660.254	8660.254	8660.254	8660.254	8660.254	8660.254	
0	21	19	51	44	0	0	0	0	0	0	0	0	0	0	8660.254	8660.254	8660.254	8660.254	8660.254	8660.254	8660.254	
0	21	19	51	44	0	0	0	0	0	0	0	0	0	0	8660.254	8660.254	8660.254	8660.254	8660.254	8660.254	8660.254	
0	21	19	51	44	0	0	0	0	0	0	0	0	0	0	8660.254	8660.254	8660.254	8660.254	8660.254	8660.254	8660.254	
0	21	19	51	44	0	0	0	0	0	0	0	0	0	0	8660.254	8660.254	8660.254	8660.254	8660.254	8660.254	8660.254	
0	21	19	51	44	0	0	0	0	0	0	0	0	0	0	8660.254	8660.254	8660.254	8660.254	8660.254	8660.254	8660.254	
0	21	19	51	44	0	0	0	0	0	0	0	0	0	0	8660.254	8660.254	8660.254	8660.254	8660.254	8660.254	8660.254	
0	21	19	51	44	0	0	0	0	0	0	0	0	0	0	8660.254	8660.254	8660.254	8660.254	8660.254	8660.254	8660.254	
0	21	19	51	44	0	0	0	0	0	0	0	0	0	0	8660.254	8660.254	8660.254	8660.254	8660.254	8660.254	8660.254	
0	21	19	51	45	0	0	0	0	0	0	0	0	0	0	8660.254	8660.254	8660.254	8660.254	8660.254	8660.254	8660.254	
0	21	19	51	45	0	0	0	0	0	0	0	0	0	0	8660.254	8660.254	8660.254	8660.254	8660.254	8660.254	8660.254	
0	21	19	51	45	0	0	0	0	0	0	0	0	0	0	8660.254	8660.254	8660.254	8660.254	8660.254	8660.254	8660.254	
0	21	19	51	45	0	0	0	0	0	0	0	0	0	0	8660.254	8660.254	8660.254	8660.254	8660.254	8660.254	8660.254	
0	21	19	51	45	0	0	0	0	0	0	0	0	0	0	8660.254	8660.254	8660.254	8660.254	8660.254	8660.254	8660.254	
0	21	19	51	45	0	0	0	0	0	0	0	0	0	0	8660.254	8660.254	8660.254	8660.254	8660.254	8660.254	8660.254	
0	21	19	51	45	0	0	0	0	0	0	0	0	0	0	8660.254	8660.254	8660.254	8660.254	8660.254	8660.254	8660.254	
0	21	19	51	45	0	0	0	0	0	0	0	0	0	0	8660.254	8660.254	8660.254	8660.254	8660.254	8660.254	8660.254	
0	21	19	51	45	0	0	0	0	0	0	0	0	0	0	8660.254	8660.254	8660.254	8660.254	8660.254	8660.254	8660.254	
0	21	19	51	45	0	0	0	0	0	0	0	0	0	0	8660.254	8660.254	8660.254	8660.254	8660.254	8660.254	8660.254	
0	21	19	51	45	0	0	0	0	0	0	0	0	0	0	8660.254	8660.254	8660.254	8660.254	8660.254	8660.254	8660.254	
0	21	19	51	45	0	0	0	0	0	0	0	0	0	0	8660.254	8660.254	8660.254	8660.254	8660.254	8660.254	8660.254	
0	21	19	51	45	0	0	0	0	0	0	0	0	0	0	8660.254	8660.254	8660.254	8660.254	8660.254	8660.254	8660.254	
0	21	19	51	45	0	0	0	0	0	0	0	0	0	0	8660.254	8660.254	8660.254	8660.254	8660.254	8660.254	8660.254	
0	21	19	51	45	0	0	0	0	0	0	0	0	0	0	8660.254	8660.254	8660.254	8660.254	8660.254	8660.254	8660.254	
0	21	19	51	45	0	0	0	0	0	0	0	0	0	0	8660.254	8660.254	8660.254	8660.254	8660.254	8660.254	8660.254	
0	21	19	51	45	0	0	0	0	0	0	0	0	0	0	8660.254	8660.254	8660.254	8660.254	8660.254	8660.254	8660.254	
0	21	19	51	45	0	0	0	0	0	0	0	0	0	0	8660.254	8660.254	8660.254	8660.254	8660.254	8660.254	8660.254	
0	21	19	51	45	0	0	0	0	0	0	0	0	0	0	8660.254	8660.254	8660.254	8660.254	8660.254	8660.254	8660.254	
0	21	19	51	45	0	0	0	0	0	0	0	0	0	0	8660.254	8660.254	8660.254	8660.254	8660.254	8660.254	8660.254	
0	21	19	51	46	0	0	0	0	0	0	0	0	0	0	8660.254	8660.254	8660.254	8660.254	8660.254	8660.254	8660.254	
0	21	19	51	46	0	0	0	0	0	0	0	0	0	0	8660.254	8660.254	8660.254	8660.254	8660.254	8660.254	8660.254	
0	21	19	51	46	0	0	0	0	0	0	0	0	0	0	8660.254	8660.254	8660.254	8660.254	8660.254	8660.254	8660.254	
0	21	19	51	46	0	0	0	0	0	0	0	0	0	0	8660.254	8660.254	8660.254	8660.254	8660.254	8660.254	8660.254	
0	21	19	51	46	0	0	0	0	0	0	0	0	0	0	8660.254	8660.254	8660.254	8660.254	8660.254	8660.254	8660.254	
0	21	19	51	46	0	0	0	0	0	0	0	0	0	0	8660.254	8660.254	8660.254	8660.254	8660.254	8660.254	8660.254	
0	21	19	51	46	0	0	0	0	0	0	0	0	0	0	8660.254	8660.254	8660.254	8660.254	8660.254	8660.254	8660.254	
0	21	19	51	46	0	0	0	0	0	0	0	0	0	0	8660.254	8660.254	8660.254	8660.254	8660.254	8660.254	8660.254	
0	21	19	51	46	0	0	0	0	0	0	0	0	0	0	8660.254	8660.254	8660.254	8660.254	8660.254	8660.254	8660.254	
0	21	19	51	46	0	0	0	0	0	0	0	0	0	0	8660.254	8660.254	8660.254	8660.254	8660.254	8660.254	8660.254	
0	21	19	51	46	0	0	0	0	0	0	0	0	0	0	8660.254	8660.254	8660.254	8660.254	8660.254	8660.254	8660.254	
0	21	19	51	46	0	0	0	0	0	0	0	0	0	0	8660.254	8660.254	8660.254	8660.254	8660.254	8660.254	8660.254	
0	21	19	51	46	0	0	0	0	0	0	0	0	0	0	8660.254	8660.254	8660.254	8660.254	8660.254	8660.254	8660.254	
0	21	19	51	46	0	0	0	0	0	0	0	0	0	0	8660.254	8660.254	8660.254	8660.254	8660.254	8660.254	8660.254	
0	21	19	51	46	0	0	0	0	0	0	0	0	0	0	8660.254	8660.254	8660.254	8660.254	8660.254	8660.254	8660.254	
0	21	19	51	46	0	0	0	0	0	0	0	0	0	0	8660.254	8660.254	8660.254	8660.254	8660.254	8660.254	8660.254	
0	21	19	51	46	0	0	0	0	0	0	0	0	0	0	8660.254	8660.254	8660.254	8660.254	8660.254	8660.254	8660.254	
0	21	19	51	46	0	0	0	0	0	0	0	0	0	0	8660.254	8660.254	8660.254	8660.254	8660.254	8660.254	8660.254	
0	21	19	51	46	0	0	0	0	0	0	0	0	0	0	8660.254	8660.254	8660.254	8660.254	8660.254	8660.254	8660.254	
0	21	19	51	46	0	0	0	0	0	0	0	0	0	0	8660.254	8660.254	8660.254	8660.254	8660.254	8660.254	8660.254	
0	21	19	51	47	0	0	0	0	0	0	0	0	0	0	8660.254	8660.254	8660.254	8660.254	8660.254	8660.254	8660.254	
0	21	19	51	47	0	0	0	0	0	0	0	0	0	0	8660.254	8660.254	8660.254	8660.254	8660.254	8660.254	8660.254	
0	21	19	51	47	0	0	0	0	0	0	0	0	0	0	8660.254	8660.254	8660.254	8660.254	8660.254	8660.254	8660.254	
0	21	19	51	47	0	0	0	0	0	0	0	0	0	0	8660.254	8660.254	8660.254	8660.254	8660.254	8660.254	8660.254	
0	21	19	51	47	0	0	0	0	0	0	0	0	0	0	8660.254	8660.254	8660.254	8660.254	8660.254	8660.254	8660.254	
0	21	19	51	47	0	0	0	0	0	0	0	0	0	0	8660.254	8660.254	8660.254	8660.254	8660.254	8660.254	8660.254	
0	21	19	51	47	0	0	0	0	0	0	0	0	0	0	8660.254	8660.254	8660.254	8660.254	8660.254	8660.254	8660.254	
0	21	19	51	47	0	0	0	0	0	0	0	0	0	0	8660.254	8660.254	8660.254	8660.254	8660.254	8660.254	8660.254	
0	21	19	51	47	0	0	0	0	0	0	0	0	0	0	8660.254	8660.254	8660.254	8660.254	8660.254	8660.254	8660.254	
0	21	19	51	47	0	0	0	0	0	0	0	0	0	0	8660.254	8660.254	8660.254	8660.254	8660.254	8660.254	8660.254	
0	21	19	51	47	0	0	0	0	0	0	0	0	0	0	8660.254	8660.254	8660.254	8660.254	8660.254	8660.254	8660.254	
0	21	19	51	47	0	0	0	0	0	0	0	0	0	0	8660.254	8660.254	8660.254	8660.254	8660.254	8660.254	8660.254	
0	21	19	51	47	0	0	0	0	0	0	0	0	0	0	8660.254	8660.254	8660.254	8660.254	8660.254	8660.254	8660.254	
0	21	19	51	47	0	0	0	0	0	0	0	0	0	0	8660.254	8660.254	8660.254	8660.254	8660.254	8660.254	8660.254	
0	21	19	51	47	0	0	0	0	0	0	0	0	0	0	8660.254	8660.254	8660.254	8660.254	8660.254	8660.254	8660.254	
0	21	19	51	47	0	0	0	0	0	0	0	0	0	0	8660.254	8660.254	8660.254	8660.254	8660.254	8660.254	8660.254	
0	21	19	51	47	0	0	0	0	0	0	0	0	0	0	8660.254	8660.254	8660.254	8660.254	8660.254	8660.254	8660.254	
0	21	19	51	47	0	0	0	0	0	0	0	0	0	0	8660.254	8660.254	8660.254	8660.254	8660.254	8660.254	8660.254	
0	21	19	51	47	0	0	0	0	0	0	0	0	0	0	8660.254	8660.254	8660.254	8660.254	8660.254	8660.254	8660.254	
0	21	19	51	47	0	0	0	0	0	0	0	0	0	0	8660.254	8660.254	8660.254	8660.254	8660.254	8660.254	8660.254	
0	21	19	51	48	0	0	0	0	0	0	0	0	0	0	8660.254	8660.254	8660.254	8660.254	8660.254	8660.254	8660.254	
0	21	19	51	48	0	0	0	0	0	0	0	0	0	0	8660.254	8660.254	8660.254	8660.254	8660.254	8660.254	8660.254	
0	21	19	51	48	0	0	0	0	0	0	0	0	0	0	8660.254	8660.254	8660.254	8660.254	8660.254	8660.254	8660.254	
0	21	19	51	48	0	0	0	0	0	0	0	0	0	0	8660.254	8660.254	8660.254	8660.254	8660.254	8660.254	8660.254	
0	21	19	51	48	0	0	0	0	0	0	0	0	0	0	8660.254	8660.254	8660.254	8660.254	8660.254	8660.254	8660.254	
0	21	19	51	48	0	0	0	0	0	0	0	0	0	0	8660.254	8660.254	8660.254	8660.254	8660.254	8660.254	8660.254	
0	21	19	51	48	0	0	0	0	0	0	0	0	0	0	8660.254	8660.254	8660.254	8660.254	8660.254	8660.254	8660.254	
0	21	19	51	48	0	0	0	0	0	0	0	0	0	0	8660.254	8660.254	8660.254	8660.254	8660.254	8660.254	8660.254	
0	21	19	51	48	0	0	0	0	0	0	0	0	0	0	8660.254	8660.254	8660.254	8660.254	8660.254	8660.254	8660.254	
0	21	19	51	48	0	0	0	0	0	0	0	0	0	0	8660.254	8660.254	8660.254	8660.254	8660.254	8660.254	8660.254	
0	21	19	51	48	0	0	0	0	0	0	0	0	0	0	8660.254	8660.254	8660.254	8660.254	8660.254	8660.254	8660.254	
0	21	19	51	48	0	0	0	0	0	0	0	0	0	0	8660.254	8660.254	8660.254	8660.254	8660.254	8660.254	8660.254	
0	21	19	51	48	0	0	0	0	0	0	0	0	0	0	8660.254	8660.254	8660.254	8660.254	8660.254	8660.254	8660.254	
0	21	19	51	48	0	0	0	0	0	0	0	0	0	0	8660.254	8660.254	8660.254	8660.254	8660.254	8660.254	8660.254	
0	21	19	51	48	0	0	0	0	0	0	0	0	0	0	8660.254	8660.254	8660.254	8660.254	8660.254	8660.254	8660.254	
0	21	19	51	48	0	0	0	0	0	0	0	0	0	0	8660.254	8660.254	8660.254	8660.254	8660.254	8660.254	8660.254	
0	21	19	51	48	0	0	0	0	0	0	0	0	0	0	8660.254	8660.254	8660.254	8660.254	8660.254	8660.254	8660.254	
0	21	19	51	48	0	0	0	0	0	0	0	0	0	0	8660.254	8660.254	8660.254	8660.254	8660.254	8660.254	8660.254	
0	21	19	51	48	0	0	0	0	0	0	0	0	0	0	8660.254	8660.254	8660.254	8660.254	8660.254	8660.254	8660.254	
0	21	19	51	48	0	0	0	0	0	0	0	0	0	0	8660.254	8660.254	8660.254	8660.254	8660.254	8660.254	8660.254	
0	21	19	51	49	0	0	0	0	0	0	0	0	0	0	8660.254	8660.254	8660.254	8660.254	8660.254	8660.254	8660.254	
0	21	19	51	49	0	0	0	0	0	0	0	0	0	0	8660.254	8660.254	8660.254	8660.254	8660.254	8660.254	8660.254	
0	21	19	51	49	0	0	0	0	0	0	0	0	0	0	8660.254	8660.254	8660.254	8660.254	8660.254	8660.254	8660.254	
0	21	19	51	49	0	0	0	0	0	0	0	0	0	0	8660.254	8660.254	8660.254	8660.254	8660.254	8660.254	8660.254	
0	21	19	51	49	0	0	0	0	0	0	0	0	0	0	8660.254	8660.254	8660.254	8660.254	8660.254	8660.254	8660.254	
0	21	19	51	49	0	0	0	0	0	0	0	0	0	0	8660.254	8660.254	8660.254	8660.254	8660.254	8660.254	8660.254	
0	21	19	51	49	0	0	0	0	0	0	0	0	0	0	8660.254	8660.254	8660.254	8660.254	8660.254	8660.254	8660.254	
0	21	19	51	49	0	0	0	0	0	0	0	0	0	0	8660.254	8660.254	8660.254	8660.254	8660.254	8660.254	8660.254	
0	21	19	51	49	0	0	0	0	0	0	0	0	0	0	8660.254	8660.254	8660.254	8660.254	8660.254	8660.254	8660.254	
0	21	19	51	49	0	0	0	0	0	0	0	0	0	0	8660.254	8660.254	8660.254	8660.254	8660.254	8660.254	8660.254	
