time	day	hour	min	sec	control_state	uav_pos_x	uav_pos_y	uav_pos_z	uav_roll	uav_pitch	uav_yaw	uav_vel_x	uav_vel_y	uav_vel_z	
0	24	19	49	24	0	0	0	0	0	0	0	0	0	0	
0	24	19	49	24	0	0	0	0	0	0	0	0	0	0	
0	24	19	49	24	1	-1498	-1.570297e-07	4.2755	0	0	0	0	0	0	
0.02	24	19	49	24	1	-1498	-1.570297e-07	4.2755	0	0	0	0	0	0	
0.032	24	19	49	25	1	-1498	-9.261125e-07	4.2755	0	0	0	0	0	0	
0.056	24	19	49	25	1	-1498	-2.119376e-07	4.275504	0	0	0	0	0	0	
0.076	24	19	49	25	1	-1498	-1.089026e-05	4.275512	0	0	0	0	0	0	
0.1	24	19	49	25	1	-1498	-3.844511e-05	4.27553	0	0	0	0	0	0	
0.124	24	19	49	25	1	-1498	-6.707556e-05	4.275555	0	0	0	0	0	0	
0.136	24	19	49	25	1	-1498	-7.77525e-05	4.275574	0	0	0	0	0	0	
0.16	24	19	49	25	1	-1498	-0.0001003665	4.275613	0	0	0	0	0	0	
0.18	24	19	49	25	1	-1498	-0.0001223344	4.275648	0	0	0	0	0	0	
0.2	24	19	49	25	1	-1498	-0.0001364721	4.275684	0	0	0	0	0	0	
0.22	24	19	49	25	1	-1498	-0.0001380451	4.27572	0	0	0	0	0	0	
0.236	24	19	49	25	1	-1498	-0.000136573	4.275749	0	0	0	0	0	0	
0.268	24	19	49	25	1	-1497.999	-0.0001322118	4.275801	0	0	0	0	0	0	
0.296	24	19	49	25	1	-1497.999	-0.0001193452	4.275849	0	0	0	0	0	0	
0.316	24	19	49	25	1	-1497.999	-0.0001008859	4.275892	-0.003433217	0.001253805	-0.0001934686	0	0	0	
0.332	24	19	49	25	1	-1497.999	-8.7262e-05	4.275926	-0.003413735	0.0010442	-0.0001937405	0	0	0	
0.356	24	19	49	25	1	-1497.999	-6.369742e-05	4.276386	-0.002897368	0.0009404807	-0.0001959079	0	0	0	
0.372	24	19	49	25	1	-1497.999	-4.920458e-05	4.277179	-0.0021405	0.001252884	-0.0001976446	0	0	0	
0.392	24	19	49	25	1	-1497.998	-2.19403e-05	4.278776	-0.001211422	0.001905123	-0.000200121	0	0	0	
0.42	24	19	49	25	1	-1497.998	2.980377e-05	4.282159	-8.157345e-05	0.002755337	-0.0002017324	0	0	0	
0.44	24	19	49	25	1	-1497.998	6.957029e-05	4.285393	0.0006659812	0.002413251	-0.0002039366	0	0	0	
0.464	24	19	49	26	1	-1497.998	0.0001140666	4.290167	0.001526556	0.001907392	-0.0002135301	0	0	0	
0.5	24	19	49	26	1	-1497.997	0.0001809921	4.299132	0.002131292	0.00105663	-0.0002392785	0	0	0	
0.524	24	19	49	26	1	-1497.997	0.0002204403	4.305035	0.001843677	0.0002471962	-0.0002591476	0	0	0	
0.552	24	19	49	26	1	-1497.997	0.0002785556	4.31439	0.0008984085	-0.0002510206	-0.0002861791	0	0	0	
0.584	24	19	49	26	1	-1497.996	0.0003538872	4.326616	-0.0007880503	0.0003270185	-0.0003133955	0	0	0	
0.604	24	19	49	26	1	-1497.996	0.0004085031	4.336844	-0.00179744	0.0009866547	-0.0003320601	0	0	0	
0.62	24	19	49	26	1	-1497.996	0.0004353354	4.342296	-0.002135131	0.001316796	-0.0003398945	0	0	0	
0.644	24	19	49	26	1	-1497.995	0.0004938852	4.355881	-0.002340007	0.001662906	-0.000358977	0	0	0	
0.668	24	19	49	26	1	-1497.995	0.0005342026	4.366319	-0.001959605	0.001255113	-0.0003809937	0	0	0	
0.684	24	19	49	26	1	-1497.995	0.00057181	4.37736	-0.001193803	0.001266369	-0.0003985669	0	0	0	
0.712	24	19	49	26	1	-1497.994	0.000622138	4.393816	3.672571e-06	0.001714067	-0.0004215847	0	0	0	
0.732	24	19	49	26	1	-1497.994	0.0006484198	4.403736	0.001129287	0.001835602	-0.0004398545	0	0	0	
0.756	24	19	49	26	1	-1497.993	0.0006885223	4.419312	0.00218328	0.001834034	-0.0004603049	0	0	0	
0.788	24	19	49	26	1	-1497.993	0.0007611907	4.444223	0.002448555	0.001324971	-0.0004786509	0	0	0	
0.804	24	19	49	26	1	-1497.992	0.0008022569	4.455883	0.001764613	0.0004945979	-0.0004852301	0	0	0	
0.828	24	19	49	26	1	-1497.992	0.0008605583	4.474044	0.0009377247	-0.000582864	-0.0004933174	0	0	0	
0.856	24	19	49	26	1	-1497.991	0.0009057777	4.492999	6.567927e-05	-0.001126641	-0.0005012172	0	0	0	
0.876	24	19	49	26	1	-1497.991	0.0009427095	4.512738	-0.0003243271	-0.0007642658	-0.0004981852	0	0	0	
0.904	24	19	49	26	1	-1497.99	0.0009685628	4.536746	-0.000236116	0.0001205311	-0.00048705	0	0	0	
0.924	24	19	49	26	1	-1497.99	0.000989133	4.55453	-0.0001933216	0.0008951757	-0.0004747142	0	0	0	
0.948	24	19	49	27	1	-1497.989	0.001016474	4.576562	-0.0001872437	0.001909903	-0.0004581971	0	0	0	
0.976	24	19	49	27	1	-1497.989	0.001044584	4.603204	2.265579e-06	0.002338046	-0.0004274293	0	0	0	
1.012	24	19	49	27	1	-1497.988	0.001086272	4.638925	6.976495e-05	0.001484135	-0.0003745333	0	0	0	
1.044	24	19	49	27	1	-1497.987	0.001129572	4.672035	-9.002534e-05	-0.0008983365	-0.0003264945	0	0	0	
1.072	24	19	49	27	1	-1497.986	0.001174818	4.702034	-0.0004420948	-0.002463633	-0.0002936077	0	0	0	
1.096	24	19	49	27	1	-1497.986	0.001210206	4.72404	-0.0007663917	-0.001990895	-0.0002752787	0	0	0	
1.12	24	19	49	27	1	-1497.985	0.001256892	4.755646	-0.0007816806	-0.0006904819	-0.0002663863	0	0	0	
1.136	24	19	49	27	1	-1497.985	0.001281804	4.774121	-0.0006945394	-0.0002372217	-0.0002662578	0	0	0	
1.16	24	19	49	27	1	-1497.984	0.001332504	4.80239	-0.0008397144	-0.0001613437	-0.0002674528	0	0	0	
1.184	24	19	49	27	1	-1497.984	0.001402586	4.831318	-0.001455723	-0.0006219771	-0.0002674323	0	0	0	
1.224	24	19	49	27	1	-1497.983	0.001513672	4.880973	-0.001547718	-0.001089848	-0.0002609853	0	0	0	
1.244	24	19	49	27	1	-1497.982	0.001567223	4.906462	-0.001052535	-0.001946114	-0.0002560639	0	0	0	
1.276	24	19	49	27	1	-1497.981	0.001657688	4.948149	-0.0003548583	-0.002779421	-0.0002591764	0	0	0	
1.3	24	19	49	27	1	-1497.981	0.001731497	4.980135	0.0001560064	-0.001643177	-0.0002662587	0	0	0	
1.324	24	19	49	27	1	-1497.98	0.00180479	5.012724	0.0006585194	0.0002422135	-0.0002789348	0	0	0	
1.352	24	19	49	27	1	-1497.979	0.001873954	5.04591	0.001307936	0.001943536	-0.0002897537	0	0	0	
1.372	24	19	49	27	1	-1497.979	0.00191999	5.079687	0.002224482	0.002419386	-0.0002978397	0	0	0	
1.396	24	19	49	27	1	-1497.978	0.001954461	5.114042	0.003209395	0.001974677	-0.0003085542	0	0	0	
1.424	24	19	49	27	1	-1497.977	0.001988107	5.154842	0.003723174	8.630452e-05	-0.0003193744	0	0	0	
1.46	24	19	49	27	1	-1497.977	0.002030303	5.202404	0.002697823	-0.001271733	-0.0003249037	0	0	0	
1.488	24	19	49	28	1	-1497.976	0.002067037	5.250942	0.0009505484	-0.001326982	-0.0003260157	0	0	0	
1.524	24	19	49	28	1	-1497.975	0.00210124	5.3067	-0.0009644903	-0.001287657	-0.0003286194	0	0	0	
1.552	24	19	49	28	1	-1497.974	0.002125841	5.350891	-0.002286203	-0.001012616	-0.0003336206	0	0	0	
1.572	24	19	49	28	1	-1497.973	0.002139174	5.382889	-0.002690562	-0.001263671	-0.000334367	0	0	0	
1.608	24	19	49	28	1	-1497.972	0.002150916	5.441373	-0.001998959	-0.002315531	-0.0003207028	0	0	0	
1.628	24	19	49	28	1	-1497.972	0.002152029	5.474349	-0.0009741146	-0.001961256	-0.0003134889	0	0	0	
1.648	24	19	49	28	1	-1497.971	0.002149535	5.507661	0.0003264544	-0.0011992	-0.0003072461	0	0	0	
1.668	24	19	49	28	1	-1497.971	0.002138899	5.541306	0.001866822	-0.000336256	-0.0003016	0	0	0	
1.696	24	19	49	28	1	-1497.97	0.002121247	5.588961	0.003629238	-0.0003075047	-0.0002977547	0	0	0	
1.716	24	19	49	28	1	-1497.969	0.002110701	5.623389	0.004242428	-0.00144343	-0.0002958254	0	0	0	
1.74	24	19	49	28	1	-1497.969	0.002103711	5.665126	0.003929908	-0.001823003	-0.0002884784	0	0	0	
1.76	24	19	49	28	1	-1497.968	0.002099727	5.700253	0.00299965	-0.001806037	-0.0002774985	0	0	0	
1.788	24	19	49	28	1	-1497.968	0.00207928	5.742816	0.001720274	-0.0009525841	-0.0002741092	0	0	0	
1.808	24	19	49	28	1	-1497.967	0.002037247	5.785818	0.001090786	4.044248e-05	-0.000274842	0	0	0	
1.84	24	19	49	28	1	-1497.966	0.001957042	5.843825	0.0005670202	0.00108773	-0.0002830046	0	0	0	
1.856	24	19	49	28	1	-1497.965	0.001910187	5.873111	0.0004602994	0.001295504	-0.0002897996	0	0	0	
1.872	24	19	49	28	1	-1497.965	0.001858939	5.902584	0.0004682226	0.001186585	-0.0002971905	0	0	0	
1.9	24	19	49	28	1	-1497.964	0.001768476	5.954602	0.0004212234	-0.0003607599	-0.0003098557	0	0	0	
1.924	24	19	49	28	1	-1497.964	0.001688454	5.999622	0.0003888257	-0.00240915	-0.0003205136	0	0	0	
1.948	24	19	49	28	1	-1497.963	0.001608785	6.037441	0.0008584728	-0.003574513	-0.0003237806	0	0	0	
1.972	24	19	49	29	1	-1497.962	0.001484252	6.090841	0.001538154	-0.00282491	-0.0003235668	0	0	0	
1.996	24	19	49	29	1	-1497.961	0.001371263	6.137028	0.002103368	5.430898e-05	-0.0003118317	0	0	0	
2.024	24	19	49	29	1	-1497.961	0.001232771	6.19139	0.002460455	0.002411151	-0.0002917209	0	0	0	
2.044	24	19	49	29	1	-1497.96	0.001148462	6.222679	0.00255097	0.002181277	-0.0002802771	0	0	0	
2.064	24	19	49	29	1	-1497.959	0.001009667	6.269909	0.002675337	0.0007058069	-0.0002732828	0	0	0	
2.088	24	19	49	29	1	-1497.959	0.0008541826	6.317491	0.002841819	-0.001493152	-0.0002649546	0	0	0	
2.104	24	19	49	29	1	-1497.958	0.0007708229	6.341412	0.0029126	-0.002703949	-0.0002574516	0	0	0	
2.124	24	19	49	29	1	-1497.958	0.0006283699	6.38147	0.002748456	-0.002948513	-0.0002408284	0	0	0	
2.144	24	19	49	29	1	-1497.957	0.0004565925	6.429845	0.002215926	-0.001645591	-0.0002187071	0	0	0	
2.172	24	19	49	29	1	-1497.956	0.0002675232	6.486698	0.0006060333	0.0006851532	-0.0001944024	0	0	0	
2.188	24	19	49	29	1	-1497.956	0.0001592942	6.519384	-0.0004042856	0.0008252811	-0.0001829726	0	0	0	
2.212	24	19	49	29	1	-1497.955	1.821368e-05	6.56044	-0.001549657	-0.001180605	-0.0001689419	0	0	0	
2.248	24	19	49	29	1	-1497.954	-0.000281909	6.643205	-0.002036968	-0.00463793	-0.0001594643	0	0	0	
2.288	24	19	49	29	1	-1497.953	-0.0005814206	6.726809	-0.001525482	-0.004541647	-0.0001665087	0	0	0	
2.316	24	19	49	29	1	-1497.952	-0.0007751273	6.785814	-0.001142826	-0.001736676	-0.0001813526	0	0	0	
2.348	24	19	49	29	1	-1497.951	-0.000987935	6.853724	-0.0005838559	0.001070006	-0.0002040997	0	0	0	
2.376	24	19	49	29	1	-1497.95	-0.001166809	6.913546	-4.215796e-05	0.0009854338	-0.0002140544	0	0	0	
2.404	24	19	49	29	1	-1497.95	-0.00134233	6.973733	0.0002719332	-0.000448399	-0.0002165755	0	0	0	
2.432	24	19	49	29	1	-1497.949	-0.001476094	7.025603	-7.2311e-05	-0.002245881	-0.0002171027	0	0	0	
2.452	24	19	49	29	1	-1497.948	-0.00160069	7.077728	-0.0005359011	-0.002253	-0.0002175563	0	0	0	
2.476	24	19	49	30	1	-1497.948	-0.001731973	7.130102	-0.0007317821	-0.00109427	-0.0002118283	0	0	0	
2.504	24	19	49	30	1	-1497.947	-0.001893557	7.191515	-0.0004648355	-0.0005817294	-0.0001955728	0	0	0	
2.536	24	19	49	30	1	-1497.946	-0.002079401	7.262093	7.260736e-05	-0.0008280851	-0.0001758515	0	0	0	
2.568	24	19	49	30	1	-1497.945	-0.002289896	7.333077	0.00145165	-0.0008089063	-0.0001616403	0	0	0	
2.604	24	19	49	30	1	-1497.944	-0.002547956	7.413408	0.003115834	-0.0004051609	-0.0001516845	0	0	0	
2.624	24	19	49	30	1	-1497.943	-0.002690177	7.458248	0.00345152	-0.00120642	-0.0001507394	0	0	0	
2.644	24	19	49	30	1	-1497.943	-0.002834918	7.503235	0.003404005	-0.001503094	-0.000154992	0	0	0	
2.664	24	19	49	30	1	-1497.942	-0.002974864	7.548368	0.002730764	-0.001236711	-0.0001630767	0	0	0	
2.688	24	19	49	30	1	-1497.941	-0.003130817	7.602713	0.00104126	-0.0003903384	-0.0001741118	0	0	0	
2.712	24	19	49	30	1	-1497.941	-0.003249439	7.648147	-0.001337981	0.0001005664	-0.0001896596	0	0	0	
2.724	24	19	49	30	1	-1497.94	-0.003337174	7.684589	-0.002640038	-0.0001533319	-0.0001978332	0	0	0	
2.764	24	19	49	30	1	-1497.939	-0.003534655	7.776046	-0.006284272	-0.001865506	-0.0002211749	0	0	0	
2.792	24	19	49	30	1	-1497.938	-0.003690413	7.840357	-0.006243689	-0.002707208	-0.0002336541	0	0	0	
2.816	24	19	49	30	1	-1497.938	-0.003836798	7.895666	-0.004384452	-0.002259621	-0.0002525713	0	0	0	
2.848	24	19	49	30	1	-1497.937	-0.004022547	7.960401	-6.520491e-06	-0.001163502	-0.0002793175	0	0	0	
2.876	24	19	49	30	1	-1497.936	-0.004232954	8.034651	0.003821983	-0.000769624	-0.0002922367	0	0	0	
2.908	24	19	49	30	1	-1497.935	-0.004424355	8.109175	0.006319624	-0.0007414611	-0.0003133506	0	0	0	
2.932	24	19	49	30	1	-1497.934	-0.004544531	8.165239	0.005990934	-0.001759096	-0.0003424587	0	0	0	
2.952	24	19	49	30	1	-1497.934	-0.004626065	8.212068	0.004172109	-0.002095568	-0.0003623749	0	0	0	
2.968	24	19	49	30	1	-1497.933	-0.004686623	8.249601	0.00213279	-0.001733441	-0.0003769625	0	0	0	
2.988	24	19	49	31	1	-1497.933	-0.004766069	8.296602	-0.0005213228	-0.001068613	-0.0003969069	0	0	0	
3.012	24	19	49	31	1	-1497.932	-0.004871173	8.353125	-0.003228434	-0.0009710628	-0.0004111409	0	0	0	
3.032	24	19	49	31	1	-1497.931	-0.004968933	8.400326	-0.004649747	-0.001509295	-0.0004190529	0	0	0	
3.052	24	19	49	31	1	-1497.931	-0.00506481	8.44761	-0.005475645	-0.002702652	-0.0004211183	0	0	0	
3.068	24	19	49	31	1	-1497.93	-0.005141107	8.485495	-0.005595715	-0.003648687	-0.0004201588	0	0	0	
3.088	24	19	49	31	1	-1497.93	-0.00523135	8.532925	-0.005209169	-0.004210421	-0.000420444	0	0	0	
3.112	24	19	49	31	1	-1497.929	-0.005330075	8.589945	-0.004110996	-0.003473625	-0.0004256642	0	0	0	
3.14	24	19	49	31	1	-1497.928	-0.005421644	8.656603	-0.002385086	-0.00135988	-0.0004266114	0	0	0	
3.16	24	19	49	31	1	-1497.928	-0.005473157	8.704303	-0.0015138	-0.0005214923	-0.0004242967	0	0	0	
3.18	24	19	49	31	1	-1497.927	-0.005519234	8.752073	-0.0003949224	0.0001326039	-0.0004164776	0	0	0	
3.204	24	19	49	31	1	-1497.927	-0.005557744	8.799911	0.0007170889	0.0003191482	-0.0003981043	0	0	0	
3.232	24	19	49	31	1	-1497.926	-0.005606734	8.866995	0.001604678	0.0002799667	-0.0003746234	0	0	0	
3.252	24	19	49	31	1	-1497.925	-0.005632177	8.924588	0.001547925	0.0004036034	-0.0003585847	0	0	0	
3.28	24	19	49	31	1	-1497.924	-0.005654401	8.991883	0.0009438381	0.0005037879	-0.0003433179	0	0	0	
3.3	24	19	49	31	1	-1497.924	-0.005669123	9.030383	0.0004696766	0.0007082114	-0.0003341938	0	0	0	
3.316	24	19	49	31	1	-1497.923	-0.005694466	9.078554	0.0002523652	0.001161666	-0.0003259094	0	0	0	
3.336	24	19	49	31	1	-1497.923	-0.005720681	9.117123	0.000204485	0.001943388	-0.0003131933	0	0	0	
3.352	24	19	49	31	1	-1497.922	-0.005757576	9.165376	0.0002623288	0.002408911	-0.0003000255	0	0	0	
3.376	24	19	49	31	1	-1497.921	-0.005803239	9.223337	0.000357494	0.00220942	-0.0002778131	0	0	0	
3.396	24	19	49	31	1	-1497.921	-0.005841186	9.271683	0.0003969323	0.0008893043	-0.0002583898	0	0	0	
3.42	24	19	49	32	1	-1497.92	-0.005885087	9.329749	0.0003355862	-0.001326919	-0.0002354241	0	0	0	
3.452	24	19	49	32	1	-1497.919	-0.005926779	9.397557	-0.0002028801	-0.002260715	-0.0002136495	0	0	0	
3.468	24	19	49	32	1	-1497.919	-0.005951582	9.446032	-0.0005763648	-0.001400211	-0.0002070771	0	0	0	
3.492	24	19	49	32	1	-1497.918	-0.005963473	9.504243	-0.00161255	8.928825e-05	-0.0002065846	0	0	0	
3.524	24	19	49	32	1	-1497.917	-0.005955005	9.581927	-0.003252542	0.001053132	-0.0002034715	0	0	0	
3.548	24	19	49	32	1	-1497.916	-0.005962569	9.640237	-0.003271993	0.0005975154	-0.0002006739	0	0	0	
3.584	24	19	49	32	1	-1497.915	-0.005995232	9.727763	-0.001390753	-0.001314087	-0.0001944804	0	0	0	
3.608	24	19	49	32	1	-1497.914	-0.006022671	9.786146	0.0004884614	-0.001591266	-0.0001916704	0	0	0	
3.628	24	19	49	32	1	-1497.913	-0.006042214	9.834815	0.001900954	-0.001229377	-0.000194962	0	0	0	
3.648	24	19	49	32	1	-1497.913	-0.006057874	9.883496	0.002938384	-0.0007509621	-0.0002032111	0	0	0	
3.676	24	19	49	32	1	-1497.912	-0.006083363	9.951663	0.00384302	0.000273899	-0.0002210079	0	0	0	
3.708	24	19	49	32	1	-1497.911	-0.006101638	10.02959	0.003304778	0.0007129	-0.0002498416	0	0	0	
3.728	24	19	49	32	1	-1497.91	-0.00610348	10.06855	0.002051553	0.0004759355	-0.0002670433	0	0	0	
3.752	24	19	49	32	1	-1497.909	-0.006101116	10.12701	3.410789e-05	-0.0003801744	-0.0002834937	0	0	0	
3.776	24	19	49	32	1	-1497.908	-0.006095754	10.1952	-0.00202447	-0.001400175	-0.0002966115	0	0	0	
3.796	24	19	49	32	1	-1497.908	-0.006098446	10.2439	-0.003215236	-0.002205121	-0.0002983595	0	0	0	
3.824	24	19	49	32	1	-1497.907	-0.006129776	10.31209	-0.00317378	-0.002819703	-0.0003007734	0	0	0	
3.848	24	19	49	32	1	-1497.906	-0.006171486	10.37052	-0.001934903	-0.003567923	-0.0003002188	0	0	0	
3.868	24	19	49	32	1	-1497.905	-0.006202427	10.41922	-0.0007140856	-0.003539288	-0.0003050136	0	0	0	
3.888	24	19	49	32	1	-1497.905	-0.006220673	10.4679	0.0001862405	-0.003528465	-0.0003155128	0	0	0	
3.912	24	19	49	33	1	-1497.904	-0.006230954	10.51658	0.0009268574	-0.003725158	-0.00033207	0	0	0	
3.936	24	19	49	33	1	-1497.903	-0.006245947	10.58471	0.001516027	-0.003139136	-0.0003479763	0	0	0	
3.968	24	19	49	33	1	-1497.902	-0.006254557	10.65281	0.00162338	-0.0008898245	-0.0003537461	0	0	0	
3.992	24	19	49	33	1	-1497.901	-0.006254053	10.72088	0.001066388	-0.0004618684	-0.0003543503	0	0	0	
4.012	24	19	49	33	1	-1497.901	-0.006237236	10.76948	-7.895369e-05	-0.001703797	-0.0003614818	0	0	0	
4.032	24	19	49	33	1	-1497.9	-0.006219052	10.80835	-0.001419173	-0.003272253	-0.0003701232	0	0	0	
4.052	24	19	49	33	1	-1497.9	-0.006186341	10.86662	-0.002708858	-0.004182563	-0.0003827517	0	0	0	
4.072	24	19	49	33	1	-1497.899	-0.006154309	10.91515	-0.003769208	-0.004142889	-0.0003991098	0	0	0	
4.092	24	19	49	33	1	-1497.898	-0.006125858	10.95395	-0.004456974	-0.003460374	-0.0004194683	0	0	0	
4.112	24	19	49	33	1	-1497.898	-0.006076778	11.01212	-0.004695549	-0.002822508	-0.0004389721	0	0	0	
4.128	24	19	49	33	1	-1497.897	-0.006041015	11.05087	-0.004516993	-0.002778801	-0.0004513979	0	0	0	
4.156	24	19	49	33	1	-1497.896	-0.005973419	11.11864	-0.003438341	-0.003798861	-0.0004579058	0	0	0	
4.188	24	19	49	33	1	-1497.896	-0.005893814	11.18635	-0.001626724	-0.003988217	-0.0004590609	0	0	0	
4.208	24	19	49	33	1	-1497.895	-0.005806675	11.24434	-0.0006915886	-0.002983068	-0.0004602767	0	0	0	
4.232	24	19	49	33	1	-1497.894	-0.005698748	11.30227	-9.921138e-05	-0.0008023	-0.0004573313	0	0	0	
4.256	24	19	49	33	1	-1497.894	-0.005572403	11.36015	-9.659248e-05	0.0009540044	-0.0004525932	0	0	0	
4.276	24	19	49	33	1	-1497.893	-0.005456345	11.40833	-0.0004361946	0.001381336	-0.0004494278	0	0	0	
4.304	24	19	49	33	1	-1497.892	-0.005298834	11.46609	-0.0013689	0.001150635	-0.0004531803	0	0	0	
4.332	24	19	49	33	1	-1497.892	-0.005090881	11.53341	-0.003110047	-0.00116554	-0.0004603007	0	0	0	
4.348	24	19	49	33	1	-1497.891	-0.004935004	11.58143	-0.003805403	-0.002054253	-0.000467081	0	0	0	
4.38	24	19	49	34	1	-1497.89	-0.004686524	11.65817	-0.004101578	-0.001397385	-0.0004822503	0	0	0	
4.412	24	19	49	34	1	-1497.889	-0.004444254	11.73478	-0.002778544	0.0001237351	-0.0004825861	0	0	0	
4.44	24	19	49	34	1	-1497.888	-0.004231387	11.80171	-0.0008281527	-7.658806e-05	-0.000483451	0	0	0	
4.472	24	19	49	34	1	-1497.888	-0.004012744	11.86853	0.001410866	-0.0009039859	-0.0004966813	0	0	0	
4.504	24	19	49	34	1	-1497.887	-0.003730497	11.95429	0.003218748	-0.002640257	-0.0005171148	0	0	0	
4.544	24	19	49	34	1	-1497.885	-0.003402375	12.04935	0.003459063	-0.002293967	-0.0005397536	0	0	0	
4.584	24	19	49	34	1	-1497.884	-0.003034232	12.14417	0.000636675	6.505723e-05	-0.0005453128	0	0	0	
4.608	24	19	49	34	1	-1497.884	-0.002808344	12.20093	-0.001491988	0.0004858216	-0.0005434545	0	0	0	
4.628	24	19	49	34	1	-1497.883	-0.002623572	12.24817	-0.002934984	-0.0001529184	-0.0005414945	0	0	0	
4.644	24	19	49	34	1	-1497.883	-0.002485314	12.28591	-0.003478872	-0.001107417	-0.0005391621	0	0	0	
4.664	24	19	49	34	1	-1497.882	-0.002359302	12.32361	-0.003171223	-0.00191847	-0.0005377857	0	0	0	
4.684	24	19	49	34	1	-1497.881	-0.002174658	12.38007	-0.002346153	-0.001756888	-0.0005388013	0	0	0	
4.708	24	19	49	34	1	-1497.881	-0.002008034	12.42705	-0.001475488	-0.001008863	-0.0005397136	0	0	0	
4.732	24	19	49	34	1	-1497.88	-0.001766322	12.4927	-0.0005425726	-0.0005036185	-0.0005386755	0	0	0	
4.748	24	19	49	34	1	-1497.88	-0.001662089	12.52079	0.0001281343	-0.0003617199	-0.000538744	0	0	0	
4.764	24	19	49	34	1	-1497.879	-0.001486424	12.56755	0.000748994	-0.0005820746	-0.0005408294	0	0	0	
4.788	24	19	49	34	1	-1497.878	-0.001267374	12.62356	0.001281297	-0.001589588	-0.0005473815	0	0	0	
4.816	24	19	49	34	1	-1497.878	-0.0009869221	12.68877	0.0007686948	-0.002960216	-0.0005593719	0	0	0	
4.836	24	19	49	34	1	-1497.877	-0.0007767734	12.73525	-5.706398e-05	-0.003184352	-0.00056946	0	0	0	
4.864	24	19	49	34	1	-1497.876	-0.0004845753	12.8002	-0.001093471	-0.002217611	-0.0005802338	0	0	0	
4.884	24	19	49	35	1	-1497.876	-0.0002774769	12.84649	-0.001607597	-0.0006767408	-0.0005841182	0	0	0	
4.904	24	19	49	35	1	-1497.875	-7.244397e-05	12.89271	-0.001828631	0.001384693	-0.000588156	0	0	0	
4.932	24	19	49	35	1	-1497.874	0.0002129959	12.95728	-0.001654213	0.002857003	-0.0005856141	0	0	0	
4.96	24	19	49	35	1	-1497.873	0.0004452625	13.01249	-0.0005141559	0.0008923097	-0.0005659936	0	0	0	
4.98	24	19	49	35	1	-1497.873	0.0006777173	13.06759	0.0003603176	-0.002138499	-0.0005439394	0	0	0	
5.012	24	19	49	35	1	-1497.872	0.001023498	13.14086	0.0004851526	-0.004465885	-0.0005018092	0	0	0	
5.036	24	19	49	35	1	-1497.871	0.001302077	13.19567	-0.0003370244	-0.003572318	-0.000462989	0	0	0	
5.072	24	19	49	35	1	-1497.87	0.001740199	13.27764	-0.0017106	-0.002246188	-0.000415554	0	0	0	
5.108	24	19	49	35	1	-1497.869	0.002181921	13.35933	-0.002629438	-0.001134633	-0.0003823765	0	0	0	
5.14	24	19	49	35	1	-1497.868	0.002588993	13.43169	-0.002988021	0.0003023333	-0.0003529533	0	0	0	
5.172	24	19	49	35	1	-1497.867	0.002998452	13.5038	-0.002406273	0.001578477	-0.0003269558	0	0	0	
5.2	24	19	49	35	1	-1497.866	0.003351217	13.56671	-0.00101804	0.0006381286	-0.0003042801	0	0	0	
5.224	24	19	49	35	1	-1497.866	0.003592615	13.61153	0.0008966588	-0.002024794	-0.0002955885	0	0	0	
5.248	24	19	49	35	1	-1497.865	0.003916838	13.67412	0.003015766	-0.005121523	-0.0002996745	0	0	0	
5.268	24	19	49	35	1	-1497.864	0.004155494	13.7187	0.004117317	-0.006855493	-0.0003037535	0	0	0	
5.292	24	19	49	35	1	-1497.864	0.004446361	13.77208	0.004572656	-0.006915666	-0.0003057529	0	0	0	
5.316	24	19	49	35	1	-1497.863	0.004684914	13.81645	0.00435683	-0.004232485	-0.0002960599	0	0	0	
5.336	24	19	49	35	1	-1497.862	0.004964921	13.86957	0.003718089	-0.001364999	-0.0002862002	0	0	0	
5.36	24	19	49	35	1	-1497.862	0.005240557	13.92254	0.002462364	0.0009555937	-0.0002864803	0	0	0	
5.388	24	19	49	35	1	-1497.861	0.005556098	13.98416	0.0006507361	0.001506254	-0.0002982569	0	0	0	
5.412	24	19	49	36	1	-1497.86	0.00576749	14.02805	-0.0004190311	-0.0009866554	-0.0003068826	0	0	0	
5.432	24	19	49	36	1	-1497.86	0.006004112	14.08057	-0.0007538095	-0.004456906	-0.00031177	0	0	0	
5.456	24	19	49	36	1	-1497.859	0.006187939	14.12423	-0.0004526	-0.006760589	-0.0003204942	0	0	0	
5.484	24	19	49	36	1	-1497.859	0.006424291	14.18518	0.0007586567	-0.00502269	-0.0003396698	0	0	0	
5.516	24	19	49	36	1	-1497.858	0.006705237	14.26325	0.002499611	-0.00119419	-0.00036062	0	0	0	
5.54	24	19	49	36	1	-1497.857	0.006879157	14.3151	0.003745477	0.0006542246	-0.0003768913	0	0	0	
5.56	24	19	49	36	1	-1497.857	0.007018094	14.35819	0.004469763	0.001459317	-0.0003917059	0	0	0	
5.584	24	19	49	36	1	-1497.856	0.00715517	14.40118	0.004644575	0.001017679	-0.0004111285	0	0	0	
5.608	24	19	49	36	1	-1497.855	0.007348282	14.46117	0.003926529	-0.001493432	-0.0004380475	0	0	0	
5.644	24	19	49	36	1	-1497.855	0.0075844	14.538	0.001978528	-0.004833615	-0.0004740146	0	0	0	
5.672	24	19	49	36	1	-1497.854	0.00774646	14.5975	0.0005969623	-0.004714877	-0.0004978312	0	0	0	
5.692	24	19	49	36	1	-1497.853	0.007861056	14.63987	-0.0004510543	-0.002956066	-0.0005086995	0	0	0	
5.708	24	19	49	36	1	-1497.853	0.007954294	14.67369	-0.00129982	-0.001257418	-0.0005158327	0	0	0	
5.736	24	19	49	36	1	-1497.852	0.008109502	14.73269	-0.002194225	0.0009216449	-0.0005284607	0	0	0	
5.756	24	19	49	36	1	-1497.852	0.008209753	14.7747	-0.002116482	0.0002183411	-0.0005337335	0	0	0	
5.792	24	19	49	36	1	-1497.851	0.008372217	14.85003	-0.0006850258	-0.003711711	-0.0005330756	0	0	0	
5.812	24	19	49	36	1	-1497.851	0.00846271	14.89172	0.0002927566	-0.005127007	-0.0005300691	0	0	0	
5.836	24	19	49	36	1	-1497.85	0.008550305	14.9416	0.002134505	-0.005455791	-0.0005336503	0	0	0	
5.86	24	19	49	36	1	-1497.85	0.008633338	14.99131	0.00375014	-0.004679235	-0.0005379435	0	0	0	
5.896	24	19	49	36	1	-1497.849	0.008747156	15.06555	0.005186967	-0.002201249	-0.0005434373	0	0	0	
5.928	24	19	49	37	1	-1497.848	0.008828204	15.12303	0.004953242	0.0005627982	-0.0005516611	0	0	0	
5.948	24	19	49	37	1	-1497.848	0.008906476	15.17211	0.003709849	0.0007514849	-0.0005620793	0	0	0	
5.98	24	19	49	37	1	-1497.847	0.009009063	15.23728	0.0009201718	-0.001773153	-0.0005780141	0	0	0	
6.004	24	19	49	37	1	-1497.847	0.00908271	15.28596	-0.001292409	-0.004933228	-0.0005787521	0	0	0	
6.028	24	19	49	37	1	-1497.846	0.009154531	15.33446	-0.003185286	-0.005780264	-0.0005769426	0	0	0	
6.052	24	19	49	37	1	-1497.846	0.009222768	15.38279	-0.004338202	-0.004026399	-0.0005805233	0	0	0	
6.08	24	19	49	37	1	-1497.845	0.009284537	15.43896	-0.004017925	-0.001525432	-0.0005879122	0	0	0	
6.108	24	19	49	37	1	-1497.844	0.009327017	15.48691	-0.00223085	0.0006175277	-0.0005923748	0	0	0	
6.132	24	19	49	37	1	-1497.844	0.009377498	15.54262	-0.0002363476	0.001781139	-0.0005975043	0	0	0	
6.156	24	19	49	37	1	-1497.843	0.009417517	15.59018	0.001941678	0.001595234	-0.0006021719	0	0	0	
6.18	24	19	49	37	1	-1497.843	0.009462328	15.63757	0.003615308	0.0003129177	-0.0006095176	0	0	0	
6.2	24	19	49	37	1	-1497.843	0.009497137	15.67692	0.004602755	-0.001616586	-0.0006165332	0	0	0	
6.216	24	19	49	37	1	-1497.842	0.00952601	15.70831	0.004936803	-0.002953435	-0.0006236299	0	0	0	
6.236	24	19	49	37	1	-1497.842	0.009555248	15.74744	0.005015253	-0.003689278	-0.0006320077	0	0	0	
6.264	24	19	49	37	1	-1497.841	0.009584632	15.79423	0.004294621	-0.00318899	-0.0006413315	0	0	0	
6.288	24	19	49	37	1	-1497.841	0.009612462	15.84858	0.003008434	-0.00135493	-0.0006497486	0	0	0	
6.316	24	19	49	37	1	-1497.84	0.009616495	15.90269	0.001624439	0.0007856497	-0.0006555187	0	0	0	
6.344	24	19	49	37	1	-1497.84	0.009603732	15.94887	0.0004978947	0.0009622082	-0.000667485	0	0	0	
6.364	24	19	49	37	1	-1497.839	0.009589054	15.98721	-0.0001758014	-0.0001138218	-0.0006772024	0	0	0	
6.376	24	19	49	37	1	-1497.839	0.009567737	16.01779	-0.0003327456	-0.001231638	-0.0006853137	0	0	0	
6.396	24	19	49	38	1	-1497.839	0.009524462	16.0559	-2.65627e-05	-0.003418352	-0.0007038015	0	0	0	
6.416	24	19	49	38	1	-1497.838	0.00947055	16.09389	0.0006630117	-0.004932417	-0.0007190164	0	0	0	
6.44	24	19	49	38	1	-1497.838	0.009414512	16.13175	0.001484335	-0.005032223	-0.0007353226	0	0	0	
6.46	24	19	49	38	1	-1497.838	0.009357257	16.16948	0.001993386	-0.003455148	-0.0007416676	0	0	0	
6.488	24	19	49	38	1	-1497.837	0.009278784	16.22959	0.001886237	0.001096445	-0.00073745	0	0	0	
6.508	24	19	49	38	1	-1497.836	0.00923472	16.267	0.001382089	0.002708523	-0.0007293121	0	0	0	
6.532	24	19	49	38	1	-1497.836	0.00918416	16.31173	0.0004893483	0.00142826	-0.0007181301	0	0	0	
6.556	24	19	49	38	1	-1497.836	0.009125862	16.35628	-0.0002112185	-0.001529362	-0.0007034707	0	0	0	
6.576	24	19	49	38	1	-1497.835	0.009077424	16.39326	-0.00075817	-0.004338262	-0.0006900436	0	0	0	
6.6	24	19	49	38	1	-1497.835	0.009011894	16.43747	-0.001007231	-0.006582781	-0.0006787487	0	0	0	
6.628	24	19	49	38	1	-1497.834	0.008936661	16.4815	-0.0005919662	-0.005359871	-0.0006764496	0	0	0	
6.656	24	19	49	38	1	-1497.834	0.008820602	16.53991	0.0004317499	-0.002163169	-0.0006776881	0	0	0	
6.688	24	19	49	38	1	-1497.833	0.008714998	16.59074	0.001656761	0.0001421823	-0.0006707579	0	0	0	
6.704	24	19	49	38	1	-1497.833	0.008636573	16.62689	0.002172492	0.0001442438	-0.0006653564	0	0	0	
6.736	24	19	49	38	1	-1497.832	0.008513005	16.68445	0.002600003	-0.001365657	-0.0006630508	0	0	0	
6.772	24	19	49	38	1	-1497.832	0.008361051	16.7488	0.002546413	-0.003607293	-0.0006633653	0	0	0	
6.796	24	19	49	38	1	-1497.831	0.008238014	16.79147	0.002680213	-0.004336087	-0.0006529598	0	0	0	
6.816	24	19	49	38	1	-1497.831	0.008142301	16.82688	0.002191294	-0.003982447	-0.0006417403	0	0	0	
6.84	24	19	49	38	1	-1497.831	0.008036032	16.8692	0.0009614401	-0.001965991	-0.0006271953	0	0	0	
6.864	24	19	49	38	1	-1497.83	0.007928626	16.91134	-0.0003860786	5.582949e-05	-0.0006157254	0	0	0	
6.888	24	19	49	39	1	-1497.83	0.007803456	16.95328	-0.001032554	0.0002242096	-0.0006041807	0	0	0	
6.912	24	19	49	39	1	-1497.829	0.007660689	16.99504	-0.0008620947	-0.001193776	-0.0005935639	0	0	0	
6.94	24	19	49	39	1	-1497.829	0.007481779	17.04352	-1.732055e-05	-0.00211947	-0.000579493	0	0	0	
6.968	24	19	49	39	1	-1497.828	0.007301493	17.09175	0.0009145809	-0.001404052	-0.0005653573	0	0	0	
6.988	24	19	49	39	1	-1497.828	0.007161877	17.12604	0.001844612	-0.0002477628	-0.0005562746	0	0	0	
7.012	24	19	49	39	1	-1497.828	0.006986044	17.16702	0.002937672	0.0006984276	-0.0005476283	0	0	0	
7.032	24	19	49	39	1	-1497.827	0.006843236	17.20102	0.003327222	0.0002038259	-0.0005494005	0	0	0	
7.056	24	19	49	39	1	-1497.827	0.006703655	17.23489	0.003088274	-0.00143499	-0.0005586456	0	0	0	
7.088	24	19	49	39	1	-1497.827	0.006456301	17.29552	0.001849905	-0.003279723	-0.0005677652	0	0	0	
7.116	24	19	49	39	1	-1497.826	0.006288049	17.3357	0.0004529878	-0.003136992	-0.0005655013	0	0	0	
7.14	24	19	49	39	1	-1497.826	0.006084648	17.38234	-0.0006661104	-0.00231017	-0.000565046	0	0	0	
7.156	24	19	49	39	1	-1497.825	0.005971113	17.40887	-0.001429502	-0.001438871	-0.000565517	0	0	0	
7.176	24	19	49	39	1	-1497.825	0.005833248	17.44191	-0.002333528	-0.0005047096	-0.0005673598	0	0	0	
7.208	24	19	49	39	1	-1497.825	0.005655692	17.48795	-0.003681592	-0.0001278444	-0.0005771465	0	0	0	
7.236	24	19	49	39	1	-1497.824	0.005452212	17.54025	-0.003793446	0.0003125535	-0.000585148	0	0	0	
7.276	24	19	49	39	1	-1497.823	0.005217464	17.59869	-0.002085851	0.000726997	-0.0005927487	0	0	0	
7.308	24	19	49	39	1	-1497.823	0.004983184	17.6567	0.0001275263	-0.0003518324	-0.0005980656	0	0	0	
7.328	24	19	49	39	1	-1497.822	0.00486238	17.68875	0.001398167	-0.0001562958	-0.0006012582	0	0	0	
7.352	24	19	49	39	1	-1497.822	0.004751995	17.72067	0.001945842	0.0002245443	-0.0005978619	0	0	0	
7.38	24	19	49	39	1	-1497.822	0.004579423	17.77146	0.002199958	-8.313749e-05	-0.0005940506	0	0	0	
7.408	24	19	49	40	1	-1497.821	0.004449853	17.80934	0.001931192	-0.0009271014	-0.0005922639	0	0	0	
7.44	24	19	49	40	1	-1497.821	0.004286411	17.85956	0.0007746247	-0.002240195	-0.0005889558	0	0	0	
7.468	24	19	49	40	1	-1497.82	0.00411391	17.90944	-0.0001610443	-0.001239047	-0.0005901081	0	0	0	
7.488	24	19	49	40	1	-1497.819	0.00400463	17.94045	-0.000759199	-4.64485e-05	-0.0005861762	0	0	0	
7.512	24	19	49	40	1	-1497.819	0.003867685	17.97748	-0.001123749	0.0003266828	-0.0005788617	0	0	0	
7.532	24	19	49	40	1	-1497.819	0.003749478	18.0082	-0.001110706	-0.0008415511	-0.0005698659	0	0	0	
7.552	24	19	49	40	1	-1497.818	0.003618829	18.03879	-0.0005115655	-0.002800397	-0.0005599808	0	0	0	
7.58	24	19	49	40	1	-1497.818	0.003422308	18.0814	0.0009037369	-0.005517424	-0.0005516946	0	0	0	
7.604	24	19	49	40	1	-1497.817	0.003256064	18.11772	0.001898035	-0.00576225	-0.0005437271	0	0	0	
7.636	24	19	49	40	1	-1497.817	0.003025914	18.16586	0.00296761	-0.003489285	-0.0005320765	0	0	0	
7.66	24	19	49	40	1	-1497.816	0.002841991	18.20173	0.003552638	-0.0017616	-0.0005268209	0	0	0	
7.684	24	19	49	40	1	-1497.816	0.002651855	18.23741	0.003705537	-0.001250884	-0.0005258018	0	0	0	
7.708	24	19	49	40	1	-1497.816	0.002490262	18.267	0.003370811	-0.001303001	-0.0005273566	0	0	0	
7.72	24	19	49	40	1	-1497.815	0.002352387	18.29058	0.003180328	-0.001210341	-0.0005271984	0	0	0	
7.756	24	19	49	40	1	-1497.815	0.002041142	18.34331	0.001787249	-0.001025684	-0.0005240365	0	0	0	
7.792	24	19	49	40	1	-1497.814	0.001720936	18.39562	4.572753e-06	-0.002114985	-0.0005217358	0	0	0	
7.828	24	19	49	40	1	-1497.814	0.001426931	18.44176	-0.001408258	-0.002561592	-0.0005284142	0	0	0	
7.86	24	19	49	40	1	-1497.813	0.001112316	18.49328	-0.002644775	-0.0002798362	-0.0005451141	0	0	0	
7.888	24	19	49	40	1	-1497.813	0.0008670927	18.53307	-0.002943937	0.001109103	-0.0005549015	0	0	0	
7.92	24	19	49	40	1	-1497.812	0.0005611702	18.57823	-0.001477164	0.0003222833	-0.0005524503	0	0	0	
7.944	24	19	49	41	1	-1497.812	0.0003603645	18.60628	0.0004094974	-0.0004952116	-0.0005520852	0	0	0	
7.972	24	19	49	41	1	-1497.811	3.638675e-05	18.65091	0.002589377	-0.001741836	-0.0005432143	0	0	0	
7.996	24	19	49	41	1	-1497.811	-0.0001983068	18.68415	0.003692254	-0.002264893	-0.0005230198	0	0	0	
8.028	24	19	49	41	1	-1497.811	-0.0004913196	18.7282	0.003437774	-0.00186807	-0.0004770532	0	0	0	
8.064	24	19	49	41	1	-1497.81	-0.0008166885	18.77735	0.001721907	-0.001718606	-0.0004231226	0	0	0	
8.092	24	19	49	41	1	-1497.809	-0.001083407	18.81529	0.0003402889	-0.003013236	-0.0003871134	0	0	0	
8.104	24	19	49	41	1	-1497.809	-0.001198251	18.83148	-0.0002722982	-0.003543794	-0.0003738835	0	0	0	
8.124	24	19	49	41	1	-1497.809	-0.001385873	18.85834	-0.001590136	-0.003431191	-0.0003547723	0	0	0	
8.152	24	19	49	41	1	-1497.809	-0.001642379	18.89574	-0.002763741	-0.002398789	-0.0003356698	0	0	0	
8.192	24	19	49	41	1	-1497.808	-0.001973094	18.94873	-0.004612051	-0.0001699378	-0.0003060624	0	0	0	
8.232	24	19	49	41	1	-1497.807	-0.002256412	18.99598	-0.004652208	0.0003256763	-0.0002585408	0	0	0	
8.268	24	19	49	41	1	-1497.807	-0.002537001	19.04281	-0.002558278	8.235843e-05	-0.0002149524	0	0	0	
8.292	24	19	49	41	1	-1497.806	-0.002775551	19.07896	9.622598e-05	-0.0008871549	-0.0002040231	0	0	0	
8.316	24	19	49	41	1	-1497.806	-0.002981422	19.10976	0.002772096	-0.002855984	-0.0001930468	0	0	0	
8.328	24	19	49	41	1	-1497.806	-0.003079018	19.12509	0.003765504	-0.003554804	-0.0001849731	0	0	0	
8.348	24	19	49	41	1	-1497.805	-0.003223606	19.15054	0.004398339	-0.004019299	-0.0001642522	0	0	0	
8.372	24	19	49	41	1	-1497.805	-0.003382543	19.18093	0.0039162	-0.003333792	-0.0001362255	0	0	0	
8.392	24	19	49	41	1	-1497.805	-0.003482318	19.20108	0.00266936	-0.003025818	-0.0001207473	0	0	0	
8.416	24	19	49	41	1	-1497.804	-0.00365605	19.23617	0.000763304	-0.002941745	-0.0001145377	0	0	0	
8.432	24	19	49	41	1	-1497.804	-0.003757129	19.25611	-0.0005525627	-0.002386777	-0.0001146763	0	0	0	
8.452	24	19	49	42	1	-1497.804	-0.003887127	19.28092	-0.00198584	-0.00183245	-0.0001115725	0	0	0	
8.48	24	19	49	42	1	-1497.804	-0.004050714	19.31053	-0.003224553	-0.00247702	-0.0001001284	0	0	0	
8.504	24	19	49	42	1	-1497.803	-0.004207547	19.33996	-0.003863592	-0.002459395	-8.447384e-05	0	0	0	
8.528	24	19	49	42	1	-1497.803	-0.004388435	19.37408	-0.003809399	-0.002534615	-6.860845e-05	0	0	0	
8.548	24	19	49	42	1	-1497.803	-0.004510339	19.39829	-0.003306515	-0.002443926	-5.913452e-05	0	0	0	
8.572	24	19	49	42	1	-1497.802	-0.004663422	19.42719	-0.002178074	-0.001757578	-5.844166e-05	0	0	0	
8.6	24	19	49	42	1	-1497.802	-0.00483856	19.46068	-0.0002982263	-0.0006030783	-5.658037e-05	0	0	0	
8.628	24	19	49	42	1	-1497.802	-0.005019696	19.49394	0.001880706	-0.0004179219	-5.446319e-05	0	0	0	
8.66	24	19	49	42	1	-1497.801	-0.005199974	19.52695	0.003719378	-0.002794101	-6.307172e-05	0	0	0	
8.68	24	19	49	42	1	-1497.801	-0.005338963	19.55506	0.003800799	-0.003635296	-6.937825e-05	0	0	0	
8.708	24	19	49	42	1	-1497.801	-0.005484147	19.58764	0.002613253	-0.002993932	-7.465581e-05	0	0	0	
8.736	24	19	49	42	1	-1497.8	-0.005621046	19.61538	0.00127163	-0.002190238	-7.436375e-05	0	0	0	
8.752	24	19	49	42	1	-1497.8	-0.005711023	19.63378	0.0002472886	-0.00155999	-7.099592e-05	0	0	0	
8.768	24	19	49	42	1	-1497.8	-0.005818204	19.65667	-0.0008967775	-0.0005333014	-7.218508e-05	0	0	0	
8.792	24	19	49	42	1	-1497.799	-0.005958485	19.68398	-0.002026861	0.0007375429	-7.633165e-05	0	0	0	
8.816	24	19	49	42	1	-1497.799	-0.006119	19.71112	-0.002073598	-0.0002328786	-7.433951e-05	0	0	0	
8.844	24	19	49	42	1	-1497.799	-0.006315452	19.74257	-0.001313986	-0.002165543	-5.976611e-05	0	0	0	
8.868	24	19	49	42	1	-1497.799	-0.006481071	19.76935	-0.0004645257	-0.002881832	-4.359335e-05	0	0	0	
8.9	24	19	49	42	1	-1497.798	-0.00671199	19.80479	0.001133796	-0.003013573	-2.180835e-05	0	0	0	
8.932	24	19	49	42	1	-1497.798	-0.006931498	19.83555	0.003078797	-0.002436972	-1.101387e-05	0	0	0	
8.952	24	19	49	43	1	-1497.798	-0.007122522	19.86174	0.003878197	-0.002535157	-8.645233e-06	0	0	0	
8.976	24	19	49	43	1	-1497.797	-0.007270722	19.88343	0.003704587	-0.002414288	-9.700474e-06	0	0	0	
9.004	24	19	49	43	1	-1497.797	-0.007493324	19.9179	0.002235601	-0.002058077	-1.452272e-05	0	0	0	
9.024	24	19	49	43	1	-1497.797	-0.00761962	19.93929	0.0003959279	-0.001829483	-1.226413e-05	0	0	0	
9.044	24	19	49	43	1	-1497.797	-0.007741403	19.96056	-0.001643678	-0.001594043	-9.82052e-06	0	0	0	
9.068	24	19	49	43	1	-1497.796	-0.007880809	19.98594	-0.004006546	-0.001214716	-6.449982e-06	0	0	0	
9.1	24	19	49	43	1	-1497.796	-0.008035935	20.01534	-0.006178374	-0.001675986	-1.306399e-07	0	0	0	
9.124	24	19	49	43	1	-1497.796	-0.008197302	20.04451	-0.006297763	-0.002934149	2.111871e-05	0	0	0	
9.148	24	19	49	43	1	-1497.796	-0.008329071	20.06934	-0.005455864	-0.003922947	4.956046e-05	0	0	0	
9.18	24	19	49	43	1	-1497.795	-0.0084818	20.09809	-0.002850142	-0.004052549	8.661922e-05	0	0	0	
9.216	24	19	49	43	1	-1497.795	-0.008656743	20.13474	0.0004303362	-0.002119772	0.000119204	0	0	0	
9.252	24	19	49	43	1	-1497.795	-0.008823593	20.17102	0.003250815	0.0001640836	0.0001653198	0	0	0	
9.288	24	19	49	43	1	-1497.794	-0.008978439	20.2109	0.003889414	-8.698273e-05	0.0001973833	0	0	0	
9.312	24	19	49	43	1	-1497.794	-0.009058311	20.23461	0.0029876	-0.002473808	0.0002123112	0	0	0	
9.34	24	19	49	43	1	-1497.794	-0.009122508	20.25817	0.0005629169	-0.004411696	0.0002323972	0	0	0	
9.344	24	19	49	43	1	-1497.794	-0.009139207	20.26598	0.0001066118	-0.004435744	0.0002361996	0	0	0	
9.364	24	19	49	43	1	-1497.794	-0.009177629	20.28545	-0.00219568	-0.003887502	0.000256255	0	0	0	
9.388	24	19	49	43	1	-1497.794	-0.009220699	20.30865	-0.004653591	-0.002360865	0.0002689364	0	0	0	
9.412	24	19	49	43	1	-1497.793	-0.009260148	20.3317	-0.006515776	-0.0001874343	0.0002763466	0	0	0	
9.436	24	19	49	43	1	-1497.793	-0.009308159	20.35458	-0.006568354	0.0006204146	0.0002875473	0	0	0	
9.456	24	19	49	44	1	-1497.793	-0.009348882	20.36975	-0.005385567	-0.0004546246	0.0003096499	0	0	0	
9.488	24	19	49	44	1	-1497.793	-0.009461623	20.40363	-0.001499447	-0.004082577	0.0003584287	0	0	0	
9.504	24	19	49	44	1	-1497.793	-0.009502205	20.41857	0.0003760571	-0.005341687	0.0003810738	0	0	0	
9.528	24	19	49	44	1	-1497.793	-0.009549512	20.44086	0.002628925	-0.005387091	0.0004087689	0	0	0	
9.556	24	19	49	44	1	-1497.792	-0.009604721	20.46666	0.004615605	-0.002108852	0.0004400735	0	0	0	
9.592	24	19	49	44	1	-1497.792	-0.009661904	20.49952	0.004956038	0.001063645	0.0004668292	0	0	0	
9.628	24	19	49	44	1	-1497.792	-0.009719054	20.53204	0.003243997	-0.0003436739	0.0004527119	0	0	0	
9.664	24	19	49	44	1	-1497.792	-0.009798653	20.5642	0.0009403867	-0.0031017	0.0004422023	0	0	0	
9.7	24	19	49	44	1	-1497.792	-0.009896579	20.59603	-0.001134723	-0.003100132	0.0004460494	0	0	0	
9.72	24	19	49	44	1	-1497.791	-0.009960301	20.61356	-0.001809926	-0.002822971	0.0004516442	0	0	0	
9.74	24	19	49	44	1	-1497.791	-0.01002923	20.63098	-0.002066677	-0.002213253	0.0004609424	0	0	0	
9.768	24	19	49	44	1	-1497.791	-0.01013703	20.6552	-0.001582732	-0.0005897705	0.0004733224	0	0	0	
9.78	24	19	49	44	1	-1497.791	-0.01018589	20.66552	-0.001144874	0.0001637539	0.0004803583	0	0	0	
9.816	24	19	49	44	1	-1497.791	-0.01032696	20.69623	0.000215242	0.0009083227	0.0004990075	0	0	0	
9.844	24	19	49	44	1	-1497.791	-0.0103972	20.71652	0.000245465	0.0003108384	0.0005119143	0	0	0	
9.88	24	19	49	44	1	-1497.79	-0.01047958	20.74667	-0.0005597276	1.556513e-05	0.0005231426	0	0	0	
9.908	24	19	49	44	1	-1497.79	-0.01053334	20.77319	-0.001604708	-0.0007862414	0.0005257666	0	0	0	
9.936	24	19	49	44	1	-1497.79	-0.01056968	20.79291	-0.002333528	-0.001644144	0.0005239213	0	0	0	
9.96	24	19	49	44	1	-1497.79	-0.01060724	20.81248	-0.002476833	-0.00323016	0.0005195689	0	0	0	
9.968	24	19	49	44	1	-1497.79	-0.01062771	20.82221	-0.002266079	-0.003981007	0.0005126382	0	0	0	
10.004	24	19	49	45	1	-1497.79	-0.0106997	20.85118	-0.0009954847	-0.004515789	0.0004867913	0	0	0	
10.036	24	19	49	45	1	-1497.789	-0.01076702	20.87666	0.0007072259	-0.002217268	0.000453865	0	0	0	
10.064	24	19	49	45	1	-1497.789	-0.01081986	20.89875	0.001820389	0.0001252784	0.0004319196	0	0	0	
10.088	24	19	49	45	1	-1497.789	-0.01085105	20.91753	0.001932005	0.0006772272	0.0004187515	0	0	0	
10.108	24	19	49	45	1	-1497.789	-0.01086421	20.93307	0.001304778	-0.0002602827	0.0004092754	0	0	0	
10.132	24	19	49	45	1	-1497.789	-0.01086718	20.95159	-0.0001027467	-0.002130455	0.0004019119	0	0	0	
10.152	24	19	49	45	1	-1497.789	-0.01086763	20.96692	-0.001343368	-0.003066518	0.0003952692	0	0	0	
10.164	24	19	49	45	1	-1497.789	-0.01087062	20.97302	-0.001846749	-0.002760403	0.0003873116	0	0	0	
10.192	24	19	49	45	1	-1497.788	-0.01089004	20.99426	-0.002314375	-0.001134712	0.0003632086	0	0	0	
10.216	24	19	49	45	1	-1497.788	-0.01092398	21.01232	-0.001627568	-0.0002327037	0.0003350584	0	0	0	
10.24	24	19	49	45	1	-1497.788	-0.01098216	21.03322	-0.0001516078	-0.000370568	0.000300424	0	0	0	
10.256	24	19	49	45	1	-1497.788	-0.01101939	21.04507	0.0009804229	-0.0009773974	0.0002728351	0	0	0	
10.28	24	19	49	45	1	-1497.788	-0.01107392	21.06273	0.002449375	-0.002984007	0.0002290986	0	0	0	
10.3	24	19	49	45	1	-1497.788	-0.0111087	21.07735	0.002965284	-0.004621605	0.0001925287	0	0	0	
10.316	24	19	49	45	1	-1497.788	-0.01112747	21.08897	0.00278585	-0.005415424	0.0001656584	0	0	0	
10.344	24	19	49	45	1	-1497.788	-0.01116143	21.10917	0.00196016	-0.00497355	0.0001278749	0	0	0	
10.372	24	19	49	45	1	-1497.788	-0.01118609	21.12918	0.0003176361	-0.002171327	0.0001054492	0	0	0	
10.404	24	19	49	45	1	-1497.787	-0.01121265	21.15183	-0.001693433	0.0006614371	9.042359e-05	0	0	0	
10.432	24	19	49	45	1	-1497.787	-0.01125491	21.17146	-0.002377285	0.0002495323	9.253174e-05	0	0	0	
10.46	24	19	49	45	1	-1497.787	-0.01131191	21.1909	-0.001958428	-0.001986053	0.000105365	0	0	0	
10.492	24	19	49	46	1	-1497.787	-0.01135991	21.21016	-0.001274219	-0.00441238	0.0001233758	0	0	0	
10.508	24	19	49	46	1	-1497.787	-0.01138307	21.22381	-0.001067557	-0.004508343	0.000129959	0	0	0	
10.536	24	19	49	46	1	-1497.787	-0.01140922	21.24276	-0.000671383	-0.003248685	0.0001426376	0	0	0	
10.556	24	19	49	46	1	-1497.787	-0.01142102	21.2562	-0.0005152803	-0.002261987	0.0001544381	0	0	0	
10.584	24	19	49	46	1	-1497.787	-0.01142552	21.27219	-0.0005800793	-0.001328348	0.0001758787	0	0	0	
10.604	24	19	49	46	1	-1497.787	-0.01142941	21.28805	-0.000549968	-0.0004983314	0.0001827771	0	0	0	
10.628	24	19	49	46	2	-1497.787	-0.01143036	21.30379	-0.00052823	0.000897579	0.0001867583	0	0	0	
10.648	24	19	49	46	2	-1497.787	-0.01141997	21.3168	-0.0008203893	0.001276137	0.0001881109	0	0	0	
10.684	24	19	49	46	2	-1497.786	-0.01151759	21.3404	0.002934243	0.007366037	-0.001519421	0	0	0	
10.708	24	19	49	46	2	-1497.785	-0.01200689	21.35719	0.01906635	0.03836347	-0.005772168	0	0	0	
10.736	24	19	49	46	2	-1497.783	-0.01313066	21.37815	0.05004972	0.08725422	-0.01287991	0	0	0	
10.76	24	19	49	46	2	-1497.781	-0.01460855	21.39731	0.08127452	0.1157772	-0.02111494	0	0	0	
10.788	24	19	49	46	2	-1497.779	-0.01657512	21.41757	0.1137908	0.1187799	-0.03551348	0	0	0	
10.808	24	19	49	46	2	-1497.777	-0.01903157	21.43895	0.1291488	0.1054203	-0.04942941	0	0	0	
10.832	24	19	49	46	2	-1497.775	-0.02200323	21.46149	0.1354491	0.08577773	-0.06853674	0	0	0	
10.86	24	19	49	46	2	-1497.771	-0.02619785	21.48925	0.1258195	0.07420938	-0.0912235	0	0	0	
10.884	24	19	49	46	2	-1497.767	-0.02971992	21.51005	0.1062295	0.07832092	-0.1101732	0	0	0	
10.9	24	19	49	46	2	-1497.763	-0.03370726	21.53164	0.09005781	0.08590222	-0.1229425	0	0	0	
10.924	24	19	49	46	2	-1497.757	-0.0391058	21.55862	0.06521234	0.09844747	-0.1429965	0	0	0	
10.948	24	19	49	46	2	-1497.751	-0.04514564	21.58677	0.04408489	0.1062511	-0.1643561	0	0	0	
10.968	24	19	49	47	2	-1497.746	-0.05063394	21.61111	0.03182534	0.1070308	-0.1829297	0	0	0	
10.988	24	19	49	47	2	-1497.74	-0.05651277	21.63625	0.02555495	0.1039883	-0.2019242	0	0	0	
11.016	24	19	49	47	2	-1497.731	-0.06537646	21.67279	0.02670729	0.09894923	-0.2288919	0	0	0	
11.04	24	19	49	47	2	-1497.724	-0.07215812	21.69983	0.03529599	0.09842143	-0.252154	0	0	0	
11.068	24	19	49	47	2	-1497.714	-0.08228665	21.73897	0.05043533	0.1035093	-0.2792335	0	0	0	
11.084	24	19	49	47	2	-1497.706	-0.08996962	21.76782	0.05961188	0.1078095	-0.2946465	0	0	0	
11.108	24	19	49	47	2	-1497.696	-0.0996703	21.80342	0.07131236	0.1133513	-0.3177746	0	0	0	
11.136	24	19	49	47	2	-1497.684	-0.111651	21.8463	0.07869276	0.1157764	-0.3449438	0	0	0	
11.16	24	19	49	47	2	-1497.675	-0.1206584	21.87782	0.07796864	0.1145057	-0.3683564	0	0	0	
11.18	24	19	49	47	2	-1497.663	-0.1319868	21.91661	0.07239338	0.1124272	-0.3877982	0	0	0	
11.2	24	19	49	47	2	-1497.653	-0.1418821	21.94976	0.06317943	0.1107931	-0.407024	0	0	0	
11.22	24	19	49	47	2	-1497.645	-0.1501064	21.97681	0.05173043	0.1103877	-0.4259644	0	0	0	
11.244	24	19	49	47	2	-1497.632	-0.1629596	22.01827	0.03719933	0.1117074	-0.4483151	0	0	0	
11.28	24	19	49	47	2	-1497.609	-0.1857281	22.08973	0.01902315	0.1156131	-0.4811846	0	0	0	
11.3	24	19	49	47	2	-1497.597	-0.1977157	22.12656	0.01279436	0.1174939	-0.4991422	0	0	0	
11.324	24	19	49	47	2	-1497.582	-0.2126087	22.17171	0.009794002	0.1187584	-0.5203857	0	0	0	
11.344	24	19	49	47	2	-1497.569	-0.2254338	22.21012	0.01083002	0.1190459	-0.537807	0	0	0	
11.356	24	19	49	47	2	-1497.561	-0.2333083	22.23351	0.01351259	0.1190089	-0.551547	0	0	0	
11.384	24	19	49	47	2	-1497.542	-0.2522049	22.28907	0.01940543	0.1190115	-0.5718105	0	0	0	
11.42	24	19	49	47	2	-1497.519	-0.2747016	22.35426	0.02863048	0.119749	-0.6014217	0	0	0	
11.436	24	19	49	48	2	-1497.504	-0.2892531	22.39591	0.03152628	0.120303	-0.6142845	0	0	0	
11.456	24	19	49	48	2	-1497.489	-0.3041856	22.43824	0.03326446	0.1210507	-0.6301035	0	0	0	
11.48	24	19	49	48	2	-1497.47	-0.3226129	22.48994	0.03217313	0.1217834	-0.6487147	0	0	0	
11.496	24	19	49	48	2	-1497.457	-0.3352081	22.52494	0.02864048	0.1221036	-0.6639189	0	0	0	
11.524	24	19	49	48	2	-1497.434	-0.3578537	22.58724	0.02055198	0.1221151	-0.6847339	0	0	0	
11.552	24	19	49	48	2	-1497.41	-0.3812772	22.65084	0.01205615	0.1219896	-0.7021291	0	0	0	
11.576	24	19	49	48	2	-1497.389	-0.4019781	22.70639	0.003657634	0.1220309	-0.7191109	0	0	0	
11.608	24	19	49	48	2	-1497.36	-0.4304666	22.78191	-0.0052228	0.1224459	-0.7411159	0	0	0	
11.632	24	19	49	48	2	-1497.337	-0.452487	22.83964	-0.009097647	0.1229106	-0.7571481	0	0	0	
11.66	24	19	49	48	2	-1497.315	-0.4750583	22.89829	-0.01023988	0.1234168	-0.7753446	0	0	0	
11.68	24	19	49	48	2	-1497.291	-0.4981738	22.95784	-0.009121291	0.1236579	-0.7880083	0	0	0	
11.716	24	19	49	48	2	-1497.255	-0.5338577	23.04884	-0.004806796	0.1237489	-0.8101103	0	0	0	
11.74	24	19	49	48	2	-1497.23	-0.558319	23.11062	-0.00138926	0.1235792	-0.826719	0	0	0	
11.76	24	19	49	48	2	-1497.208	-0.5791181	23.16277	-9.115654e-05	0.1235275	-0.8359852	0	0	0	
11.788	24	19	49	48	2	-1497.178	-0.6088769	23.23679	0.0003442999	0.1236587	-0.8518079	0	0	0	
11.816	24	19	49	48	2	-1497.147	-0.6393858	23.31196	-0.001901635	0.1239607	-0.8671507	0	0	0	
11.844	24	19	49	48	2	-1497.115	-0.6706439	23.38827	-0.006551393	0.1241551	-0.8820306	0	0	0	
11.88	24	19	49	48	2	-1497.073	-0.7119348	23.48804	-0.01439915	0.1240284	-0.9004875	0	0	0	
11.916	24	19	49	48	2	-1497.03	-0.7544672	23.58962	-0.02178966	0.1237164	-0.9182018	0	0	0	
11.948	24	19	49	48	2	-1496.99	-0.7933158	23.68141	-0.02608259	0.1236539	-0.9333605	0	0	0	
11.988	24	19	49	49	2	-1496.939	-0.8432428	23.7981	-0.02744949	0.1238486	-0.9515539	0	0	0	
12.028	24	19	49	49	2	-1496.892	-0.8894561	23.90493	-0.02543135	0.1238026	-0.9689201	0	0	0	
12.044	24	19	49	49	2	-1496.865	-0.91565	23.96501	-0.02396207	0.1236034	-0.9772989	0	0	0	
12.068	24	19	49	49	2	-1496.833	-0.9475741	24.03779	-0.02270084	0.1233814	-0.9854801	0	0	0	
12.088	24	19	49	49	2	-1496.805	-0.9745892	24.099	-0.02196502	0.1232192	-0.9934694	0	0	0	
12.112	24	19	49	49	2	-1496.772	-1.007503	24.17311	-0.02205571	0.1231102	-1.002809	0	0	0	
12.132	24	19	49	49	2	-1496.743	-1.035344	24.23541	-0.02305134	0.123081	-1.010395	0	0	0	
12.152	24	19	49	49	2	-1496.714	-1.06356	24.2982	-0.02484546	0.1230855	-1.017806	0	0	0	
12.176	24	19	49	49	2	-1496.679	-1.097916	24.37418	-0.02781571	0.1230843	-1.026471	0	0	0	
12.2	24	19	49	49	2	-1496.644	-1.132811	24.45084	-0.03125719	0.1230265	-1.034887	0	0	0	
12.224	24	19	49	49	2	-1496.614	-1.162301	24.51524	-0.03464648	0.1228691	-1.043057	0	0	0	
12.244	24	19	49	49	2	-1496.577	-1.198184	24.59313	-0.03708686	0.1227065	-1.049683	0	0	0	
12.276	24	19	49	49	2	-1496.527	-1.246864	24.69801	-0.03972457	0.1225208	-1.059955	0	0	0	
12.312	24	19	49	49	2	-1496.47	-1.302768	24.81735	-0.04051022	0.1224275	-1.071049	0	0	0	
12.34	24	19	49	49	2	-1496.432	-1.340703	24.89771	-0.03980506	0.1223002	-1.079349	0	0	0	
12.368	24	19	49	49	2	-1496.379	-1.392107	25.00582	-0.03854531	0.1220877	-1.087369	0	0	0	
12.4	24	19	49	49	2	-1496.326	-1.444453	25.11501	-0.03731707	0.1218207	-1.09621	0	0	0	
12.44	24	19	49	49	2	-1496.264	-1.504469	25.23914	-0.03726951	0.121517	-1.106812	0	0	0	
12.476	24	19	49	49	2	-1496.195	-1.572556	25.37859	-0.03909074	0.1214793	-1.115962	0	0	0	
12.5	24	19	49	49	2	-1496.152	-1.614116	25.46301	-0.04111682	0.1215461	-1.121863	0	0	0	
12.528	24	19	49	50	2	-1496.102	-1.663272	25.5622	-0.04386552	0.1216205	-1.128539	0	0	0	
12.56	24	19	49	50	2	-1496.044	-1.720331	25.67644	-0.04685087	0.1216611	-1.135896	0	0	0	
12.58	24	19	49	50	2	-1496.007	-1.756469	25.7483	-0.04832978	0.1216299	-1.140347	0	0	0	
12.596	24	19	49	50	2	-1495.985	-1.778327	25.79159	-0.04919905	0.1215756	-1.143827	0	0	0	
12.616	24	19	49	50	2	-1495.947	-1.815049	25.86401	-0.04985313	0.1214995	-1.148077	0	0	0	
12.632	24	19	49	50	2	-1495.909	-1.852136	25.93677	-0.05003915	0.1214627	-1.1514	0	0	0	
12.652	24	19	49	50	2	-1495.871	-1.889588	26.00986	-0.04989869	0.1214522	-1.155462	0	0	0	
12.676	24	19	49	50	2	-1495.825	-1.935011	26.09801	-0.0493445	0.1214445	-1.160203	0	0	0	
12.716	24	19	49	50	2	-1495.754	-2.004124	26.23107	-0.04820856	0.1213356	-1.167802	0	0	0	
12.752	24	19	49	50	2	-1495.674	-2.082292	26.38009	-0.04781982	0.121213	-1.174342	0	0	0	
12.788	24	19	49	50	2	-1495.601	-2.153884	26.51523	-0.04858303	0.1211862	-1.180617	0	0	0	
12.824	24	19	49	50	2	-1495.527	-2.22665	26.65128	-0.05073578	0.1212237	-1.1873	0	0	0	
12.848	24	19	49	50	2	-1495.477	-2.275812	26.74247	-0.05210252	0.1212738	-1.190531	0	0	0	
12.876	24	19	49	50	2	-1495.426	-2.325496	26.83403	-0.05401578	0.1213643	-1.194929	0	0	0	
12.892	24	19	49	50	2	-1495.383	-2.367296	26.91062	-0.05498938	0.1214192	-1.197372	0	0	0	
12.924	24	19	49	50	2	-1495.314	-2.434925	27.03367	-0.05641433	0.1214583	-1.202105	0	0	0	
12.948	24	19	49	50	2	-1495.262	-2.486251	27.12637	-0.05696857	0.1213898	-1.206091	0	0	0	
12.972	24	19	49	50	2	-1495.209	-2.538092	27.21939	-0.05698703	0.1212941	-1.208855	0	0	0	
13.004	24	19	49	50	2	-1495.146	-2.599227	27.32833	-0.05657062	0.1211614	-1.213138	0	0	0	
13.024	24	19	49	50	2	-1495.092	-2.652187	27.42205	-0.05611432	0.1211191	-1.21624	0	0	0	
13.052	24	19	49	51	2	-1495.038	-2.705662	27.51608	-0.05575935	0.1211216	-1.219257	0	0	0	
13.072	24	19	49	51	2	-1494.982	-2.759652	27.61039	-0.05565822	0.121136	-1.221707	0	0	0	
13.096	24	19	49	51	2	-1494.927	-2.814154	27.705	-0.05585517	0.1211495	-1.224575	0	0	0	
13.116	24	19	49	51	2	-1494.88	-2.859964	27.78404	-0.05630875	0.121184	-1.226904	0	0	0	
13.14	24	19	49	51	2	-1494.823	-2.915408	27.87914	-0.05716465	0.1212708	-1.22963	0	0	0	
13.172	24	19	49	51	2	-1494.747	-2.99013	28.00633	-0.05864608	0.1214017	-1.233148	0	0	0	
13.192	24	19	49	51	2	-1494.699	-3.037294	28.08605	-0.05961499	0.1214564	-1.235279	0	0	0	
13.216	24	19	49	51	2	-1494.64	-3.094358	28.18193	-0.06081334	0.1214555	-1.238172	0	0	0	
13.252	24	19	49	51	2	-1494.562	-3.171237	28.31012	-0.06172529	0.1213917	-1.241354	0	0	0	
13.268	24	19	49	51	2	-1494.512	-3.219747	28.39044	-0.06196115	0.1213542	-1.242898	0	0	0	
13.288	24	19	49	51	2	-1494.462	-3.26861	28.4709	-0.06205452	0.1212913	-1.244784	0	0	0	
13.312	24	19	49	51	2	-1494.402	-3.327712	28.56764	-0.06192253	0.1212149	-1.246987	0	0	0	
13.336	24	19	49	51	2	-1494.341	-3.387322	28.66458	-0.06162636	0.1212053	-1.249129	0	0	0	
13.356	24	19	49	51	2	-1494.29	-3.437386	28.7455	-0.06131105	0.1212719	-1.251213	0	0	0	
13.376	24	19	49	51	2	-1494.238	-3.487803	28.82655	-0.06116015	0.1213438	-1.252572	0	0	0	
13.4	24	19	49	51	2	-1494.176	-3.548766	28.92396	-0.0611216	0.121449	-1.25489	0	0	0	
13.424	24	19	49	51	2	-1494.113	-3.610233	29.02154	-0.06131598	0.1214796	-1.256503	0	0	0	
13.452	24	19	49	51	2	-1494.039	-3.682582	29.13559	-0.06190295	0.1214871	-1.258705	0	0	0	
13.472	24	19	49	51	2	-1493.986	-3.734681	29.21717	-0.06250395	0.1214792	-1.260236	0	0	0	
13.484	24	19	49	51	2	-1493.954	-3.766108	29.26617	-0.06305024	0.1214645	-1.261436	0	0	0	
13.508	24	19	49	52	2	-1493.889	-3.82934	29.36427	-0.06375575	0.1214508	-1.262902	0	0	0	
13.54	24	19	49	52	2	-1493.813	-3.903748	29.47888	-0.06477823	0.1214882	-1.265178	0	0	0	
13.576	24	19	49	52	2	-1493.703	-4.011235	29.64289	-0.06552233	0.1216289	-1.267638	0	0	0	
13.616	24	19	49	52	2	-1493.592	-4.120117	29.8072	-0.06570786	0.1217792	-1.270246	0	0	0	
13.656	24	19	49	52	2	-1493.479	-4.230385	29.97179	-0.06541871	0.121725	-1.272723	0	0	0	
13.68	24	19	49	52	2	-1493.411	-4.297212	30.07066	-0.06520858	0.1216347	-1.274152	0	0	0	
13.712	24	19	49	52	2	-1493.319	-4.387092	30.20261	-0.06508581	0.1216044	-1.276004	0	0	0	
13.744	24	19	49	52	2	-1493.226	-4.477859	30.3347	-0.06527967	0.121655	-1.277798	0	0	0	
13.768	24	19	49	52	2	-1493.156	-4.546514	30.43383	-0.06564743	0.1217224	-1.279107	0	0	0	
13.792	24	19	49	52	2	-1493.085	-4.615667	30.53302	-0.06615654	0.1218043	-1.280383	0	0	0	
13.824	24	19	49	52	2	-1493.002	-4.696972	30.64879	-0.06693897	0.1219324	-1.282039	0	0	0	
13.852	24	19	49	52	2	-1492.906	-4.790719	30.78118	-0.06758607	0.1220308	-1.283449	0	0	0	
13.876	24	19	49	52	2	-1492.834	-4.861606	30.8805	-0.06800819	0.1220604	-1.284622	0	0	0	
13.896	24	19	49	52	2	-1492.773	-4.921055	30.96329	-0.06823979	0.1220279	-1.285571	0	0	0	
13.916	24	19	49	52	2	-1492.712	-4.980847	31.04609	-0.06835707	0.1219697	-1.286494	0	0	0	
13.94	24	19	49	52	2	-1492.638	-5.05305	31.14547	-0.06836043	0.1219363	-1.28775	0	0	0	
13.972	24	19	49	52	2	-1492.538	-5.150089	31.27799	-0.06824615	0.1219891	-1.288972	0	0	0	
14.004	24	19	49	52	2	-1492.451	-5.235718	31.39395	-0.06808074	0.1221351	-1.29033	0	0	0	
14.028	24	19	49	52	2	-1492.363	-5.322014	31.5099	-0.0680157	0.1222313	-1.291317	0	0	0	
14.056	24	19	49	52	2	-1492.274	-5.408977	31.62584	-0.06806355	0.1222544	-1.292427	0	0	0	
14.072	24	19	49	53	2	-1492.222	-5.458969	31.69207	-0.06816775	0.1222178	-1.293043	0	0	0	
14.104	24	19	49	53	2	-1492.119	-5.559603	31.82452	-0.06861191	0.1220732	-1.294385	0	0	0	
14.128	24	19	49	53	2	-1492.042	-5.635649	31.92383	-0.06895788	0.1220429	-1.295112	0	0	0	
14.156	24	19	49	53	2	-1491.95	-5.72499	32.03963	-0.06949206	0.1221477	-1.296115	0	0	0	
14.176	24	19	49	53	2	-1491.885	-5.789212	32.12232	-0.0698526	0.1222925	-1.296817	0	0	0	
14.2	24	19	49	53	2	-1491.805	-5.866725	32.2215	-0.07021058	0.1224562	-1.297637	0	0	0	
14.22	24	19	49	53	2	-1491.739	-5.93169	32.30411	-0.07045105	0.1225477	-1.298432	0	0	0	
14.236	24	19	49	53	2	-1491.685	-5.983903	32.37018	-0.07052165	0.1225605	-1.298817	0	0	0	
14.256	24	19	49	53	2	-1491.618	-6.049473	32.45272	-0.07056989	0.1225428	-1.299441	0	0	0	
14.276	24	19	49	53	2	-1491.551	-6.115379	32.53522	-0.07054667	0.1224952	-1.300046	0	0	0	
14.312	24	19	49	53	2	-1491.428	-6.234859	32.68359	-0.07040523	0.1224456	-1.301104	0	0	0	
14.34	24	19	49	53	2	-1491.346	-6.315119	32.78242	-0.07028976	0.1224909	-1.301914	0	0	0	
14.372	24	19	49	53	2	-1491.222	-6.436414	32.93052	-0.07028262	0.1225741	-1.302823	0	0	0	
14.404	24	19	49	53	2	-1491.125	-6.531504	33.04558	-0.07046687	0.1226328	-1.303709	0	0	0	
14.428	24	19	49	53	2	-1491.027	-6.627249	33.16051	-0.07072828	0.1226492	-1.304354	0	0	0	
14.46	24	19	49	53	2	-1490.914	-6.737471	33.29171	-0.07116991	0.1226183	-1.305185	0	0	0	
14.496	24	19	49	53	2	-1490.786	-6.862491	33.43908	-0.07165851	0.122631	-1.306098	0	0	0	
14.532	24	19	49	53	2	-1490.657	-6.988591	33.58622	-0.07201059	0.1227592	-1.306987	0	0	0	
14.556	24	19	49	53	2	-1490.585	-7.059111	33.66784	-0.07213475	0.1228139	-1.307566	0	0	0	
14.58	24	19	49	53	2	-1490.498	-7.144171	33.76569	-0.07216911	0.122799	-1.308134	0	0	0	
14.604	24	19	49	54	2	-1490.395	-7.24401	33.87969	-0.07213819	0.1227913	-1.308694	0	0	0	
14.628	24	19	49	54	2	-1490.307	-7.330103	33.97727	-0.07206391	0.1228177	-1.309332	0	0	0	
14.664	24	19	49	54	2	-1490.174	-7.460135	34.12338	-0.0720011	0.1228631	-1.310041	0	0	0	
14.692	24	19	49	54	2	-1490.07	-7.562009	34.23682	-0.07202057	0.1229132	-1.310647	0	0	0	
14.728	24	19	49	54	2	-1489.935	-7.693937	34.38237	-0.07216821	0.1229555	-1.31141	0	0	0	
14.748	24	19	49	54	2	-1489.859	-7.767691	34.4631	-0.0723066	0.1229628	-1.311828	0	0	0	
14.772	24	19	49	54	2	-1489.783	-7.841772	34.54371	-0.07251572	0.1229619	-1.312325	0	0	0	
14.792	24	19	49	54	2	-1489.707	-7.916181	34.62423	-0.07270817	0.1229632	-1.312734	0	0	0	
14.808	24	19	49	54	2	-1489.631	-7.990918	34.70463	-0.07290391	0.1229743	-1.313139	0	0	0	
14.84	24	19	49	54	2	-1489.523	-8.096099	34.817	-0.07316262	0.123012	-1.313696	0	0	0	
14.864	24	19	49	54	2	-1489.414	-8.201922	34.92915	-0.07333915	0.1230661	-1.314164	0	0	0	
14.884	24	19	49	54	2	-1489.337	-8.277901	35.00912	-0.07343985	0.1231143	-1.314544	0	0	0	
14.908	24	19	49	54	2	-1489.243	-8.369506	35.10492	-0.07349807	0.1231661	-1.314986	0	0	0	
14.936	24	19	49	54	2	-1489.133	-8.476969	35.21647	-0.07350428	0.1231553	-1.315482	0	0	0	
14.968	24	19	49	54	2	-1489.006	-8.600563	35.34366	-0.07347264	0.123133	-1.316031	0	0	0	
14.98	24	19	49	54	2	-1488.958	-8.647126	35.39127	-0.07346284	0.1231431	-1.316234	0	0	0	
15.004	24	19	49	54	2	-1488.863	-8.740602	35.48635	-0.07345743	0.1231895	-1.316635	0	0	0	
15.024	24	19	49	54	2	-1488.782	-8.818856	35.56544	-0.0734721	0.1232398	-1.316962	0	0	0	
15.048	24	19	49	54	2	-1488.702	-8.897433	35.6444	-0.07351435	0.1232863	-1.317348	0	0	0	
15.076	24	19	49	54	2	-1488.572	-9.023826	35.77046	-0.07361448	0.123274	-1.317791	0	0	0	
15.096	24	19	49	55	2	-1488.491	-9.103241	35.84907	-0.07372512	0.1232207	-1.3181	0	0	0	
15.124	24	19	49	55	2	-1488.377	-9.214964	35.95889	-0.07392421	0.123213	-1.318528	0	0	0	
15.168	24	19	49	55	2	-1488.212	-9.375668	36.11529	-0.07427279	0.1234054	-1.319196	0	0	0	
15.208	24	19	49	55	2	-1488.046	-9.537652	36.27112	-0.07448641	0.123356	-1.319767	0	0	0	
15.244	24	19	49	55	2	-1487.895	-9.684532	36.41088	-0.07452948	0.1232047	-1.32026	0	0	0	
15.268	24	19	49	55	2	-1487.794	-9.783029	36.50378	-0.07450757	0.1231822	-1.320588	0	0	0	
15.296	24	19	49	55	2	-1487.676	-9.898526	36.61189	-0.07445868	0.1232587	-1.320977	0	0	0	
15.336	24	19	49	55	2	-1487.489	-10.08128	36.78116	-0.07441436	0.1233771	-1.321525	0	0	0	
15.376	24	19	49	55	2	-1487.317	-10.24876	36.9344	-0.07447036	0.1233742	-1.322052	0	0	0	
15.4	24	19	49	55	2	-1487.213	-10.34986	37.02604	-0.07455541	0.1232979	-1.322357	0	0	0	
15.436	24	19	49	55	2	-1487.057	-10.50236	37.16305	-0.07473966	0.1232198	-1.322806	0	0	0	
15.468	24	19	49	55	2	-1486.917	-10.63877	37.2844	-0.07492511	0.1232639	-1.323203	0	0	0	
15.492	24	19	49	55	2	-1486.829	-10.72444	37.36003	-0.0750614	0.1233396	-1.3235	0	0	0	
15.512	24	19	49	55	2	-1486.723	-10.82767	37.45056	-0.07516616	0.1234017	-1.323744	0	0	0	
15.544	24	19	49	55	2	-1486.582	-10.966	37.57089	-0.07531166	0.1234633	-1.32413	0	0	0	
15.58	24	19	49	55	2	-1486.421	-11.12259	37.70574	-0.07540665	0.1234227	-1.324558	0	0	0	
15.604	24	19	49	55	2	-1486.313	-11.22755	37.79532	-0.07541064	0.1233437	-1.32484	0	0	0	
15.636	24	19	49	55	2	-1486.169	-11.36819	37.91439	-0.07535123	0.1232513	-1.325212	0	0	0	
15.664	24	19	49	55	2	-1486.042	-11.49191	38.0182	-0.07529251	0.1232423	-1.325538	0	0	0	
15.68	24	19	49	55	2	-1485.969	-11.56288	38.07736	-0.07527618	0.1232552	-1.325724	0	0	0	
15.704	24	19	49	56	2	-1485.86	-11.66972	38.16589	-0.0752916	0.1233084	-1.326006	0	0	0	
15.716	24	19	49	56	2	-1485.805	-11.72331	38.21006	-0.07532147	0.1233392	-1.326146	0	0	0	
15.728	24	19	49	56	2	-1485.75	-11.777	38.25417	-0.07538051	0.1233725	-1.326329	0	0	0	
15.752	24	19	49	56	2	-1485.639	-11.88474	38.34218	-0.07548317	0.1233834	-1.326554	0	0	0	
15.78	24	19	49	56	2	-1485.528	-11.99291	38.42992	-0.07566351	0.1233664	-1.326872	0	0	0	
15.808	24	19	49	56	2	-1485.398	-12.11969	38.53196	-0.07582961	0.1233546	-1.327193	0	0	0	
15.836	24	19	49	56	2	-1485.249	-12.26532	38.64813	-0.07593415	0.1233223	-1.32751	0	0	0	
15.856	24	19	49	56	2	-1485.155	-12.35674	38.7205	-0.07597259	0.1232736	-1.327732	0	0	0	
15.876	24	19	49	56	2	-1485.08	-12.4301	38.77826	-0.07598505	0.123217	-1.327949	0	0	0	
15.9	24	19	49	56	2	-1484.967	-12.5405	38.86467	-0.07597908	0.1231917	-1.32821	0	0	0	
15.92	24	19	49	56	2	-1484.853	-12.65136	38.95081	-0.07596756	0.1232239	-1.32843	0	0	0	
15.948	24	19	49	56	2	-1484.739	-12.76266	39.03667	-0.07595216	0.1232898	-1.328742	0	0	0	
15.968	24	19	49	56	2	-1484.624	-12.8744	39.12225	-0.07593896	0.1233239	-1.328964	0	0	0	
15.996	24	19	49	56	2	-1484.49	-13.00532	39.22175	-0.07592329	0.1233413	-1.329272	0	0	0	
16.024	24	19	49	56	2	-1484.355	-13.13685	39.32087	-0.07592649	0.1233263	-1.329577	0	0	0	
16.04	24	19	49	56	2	-1484.277	-13.21227	39.37734	-0.07595524	0.1232598	-1.329787	0	0	0	
16.068	24	19	49	56	2	-1484.141	-13.34474	39.47586	-0.07601972	0.1231318	-1.330034	0	0	0	
16.092	24	19	49	56	2	-1484.024	-13.45876	39.55999	-0.07610468	0.1230448	-1.330283	0	0	0	
16.124	24	19	49	56	2	-1483.867	-13.61147	39.67173	-0.07624202	0.123096	-1.330625	0	0	0	
16.144	24	19	49	56	2	-1483.769	-13.70731	39.7413	-0.07632579	0.1231977	-1.330843	0	0	0	
16.168	24	19	49	57	2	-1483.651	-13.82272	39.82453	-0.07640852	0.1233144	-1.3311	0	0	0	
16.188	24	19	49	57	2	-1483.552	-13.91924	39.89366	-0.07647044	0.1233434	-1.331343	0	0	0	
16.212	24	19	49	57	2	-1483.452	-14.01605	39.96259	-0.07650886	0.1232748	-1.331536	0	0	0	
16.228	24	19	49	57	2	-1483.372	-14.09372	40.01759	-0.07653045	0.123174	-1.331687	0	0	0	
16.248	24	19	49	57	2	-1483.252	-14.21058	40.09984	-0.07654929	0.1230399	-1.331874	0	0	0	
16.272	24	19	49	57	2	-1483.132	-14.32788	40.18179	-0.07656927	0.1229675	-1.332103	0	0	0	
16.288	24	19	49	57	2	-1483.051	-14.40632	40.23626	-0.07657746	0.1229691	-1.332261	0	0	0	
16.312	24	19	49	57	2	-1482.93	-14.52435	40.31773	-0.07658318	0.122997	-1.332501	0	0	0	
16.34	24	19	49	57	2	-1482.788	-14.6626	40.4124	-0.07659543	0.1230283	-1.332782	0	0	0	
16.38	24	19	49	57	2	-1482.584	-14.86112	40.54694	-0.07663004	0.1229901	-1.333166	0	0	0	
16.4	24	19	49	57	2	-1482.482	-14.96083	40.6139	-0.07665177	0.1229424	-1.333355	0	0	0	
16.432	24	19	49	57	2	-1482.318	-15.12099	40.7206	-0.07670399	0.1228836	-1.333658	0	0	0	
16.452	24	19	49	57	2	-1482.214	-15.22148	40.78701	-0.07675546	0.1228888	-1.333893	0	0	0	
16.484	24	19	49	57	2	-1482.069	-15.36266	40.87964	-0.07680983	0.1228752	-1.334167	0	0	0	
16.5	24	19	49	57	2	-1481.965	-15.46387	40.94555	-0.0768377	0.1228305	-1.334322	0	0	0	
16.532	24	19	49	57	2	-1481.798	-15.62641	41.05057	-0.07688546	0.1227482	-1.334628	0	0	0	
16.572	24	19	49	57	2	-1481.589	-15.83067	41.18108	-0.0769448	0.1227104	-1.335006	0	0	0	
16.604	24	19	49	57	2	-1481.42	-15.99493	41.28488	-0.07698555	0.1226865	-1.335306	0	0	0	
16.636	24	19	49	57	2	-1481.25	-16.15995	41.38814	-0.07700698	0.1226289	-1.335606	0	0	0	
16.668	24	19	49	57	2	-1481.08	-16.32573	41.49085	-0.07699937	0.1226403	-1.335914	0	0	0	
16.692	24	19	49	58	2	-1480.952	-16.45056	41.56752	-0.0769905	0.1226854	-1.336149	0	0	0	
16.724	24	19	49	58	2	-1480.78	-16.61766	41.66927	-0.07700963	0.1227072	-1.336456	0	0	0	
16.768	24	19	49	58	2	-1480.543	-16.84865	41.80828	-0.07709382	0.1226109	-1.336868	0	0	0	
16.804	24	19	49	58	2	-1480.347	-17.03869	41.92124	-0.07718912	0.1223763	-1.337191	0	0	0	
16.832	24	19	49	58	2	-1480.195	-17.18716	42.00861	-0.07726446	0.1222017	-1.337444	0	0	0	
16.868	24	19	49	58	2	-1479.998	-17.3789	42.12033	-0.07734658	0.1222253	-1.337793	0	0	0	
16.888	24	19	49	58	2	-1479.888	-17.48583	42.18209	-0.07738345	0.1223366	-1.338002	0	0	0	
16.924	24	19	49	58	2	-1479.689	-17.67904	42.2927	-0.07740118	0.1224031	-1.338374	0	0	0	
16.964	24	19	49	58	2	-1479.467	-17.89481	42.41478	-0.07736661	0.1221928	-1.338774	0	0	0	
16.988	24	19	49	58	2	-1479.334	-18.02483	42.4876	-0.07735402	0.1220717	-1.339014	0	0	0	
17.008	24	19	49	58	2	-1479.222	-18.13351	42.54805	-0.0773427	0.1220243	-1.339221	0	0	0	
17.028	24	19	49	58	2	-1479.11	-18.24247	42.60828	-0.07733651	0.1220518	-1.339434	0	0	0	
17.048	24	19	49	58	2	-1478.998	-18.35172	42.66829	-0.07734637	0.1221184	-1.339652	0	0	0	
17.072	24	19	49	58	2	-1478.862	-18.4832	42.74001	-0.07739104	0.1221667	-1.339916	0	0	0	
17.096	24	19	49	58	2	-1478.727	-18.6151	42.81142	-0.07746223	0.1221433	-1.340173	0	0	0	
17.128	24	19	49	58	2	-1478.545	-18.7916	42.90613	-0.07757089	0.1219352	-1.340534	0	0	0	
17.148	24	19	49	58	2	-1478.431	-18.90229	42.96503	-0.0776142	0.1218296	-1.340692	0	0	0	
17.168	24	19	49	58	2	-1478.317	-19.01327	43.02372	-0.07767581	0.1217361	-1.340895	0	0	0	
17.192	24	19	49	58	2	-1478.18	-19.14682	43.09385	-0.07774952	0.1216948	-1.341147	0	0	0	
17.208	24	19	49	58	2	-1478.088	-19.23608	43.14043	-0.07778484	0.1217162	-1.341319	0	0	0	
17.224	24	19	49	59	2	-1477.996	-19.32553	43.18686	-0.07780378	0.1217449	-1.341492	0	0	0	
17.256	24	19	49	59	2	-1477.812	-19.50497	43.27931	-0.0777903	0.1217757	-1.341828	0	0	0	
17.288	24	19	49	59	2	-1477.626	-19.68514	43.3712	-0.07773369	0.121737	-1.342151	0	0	0	
17.308	24	19	49	59	2	-1477.51	-19.79812	43.42833	-0.07769071	0.1216772	-1.342389	0	0	0	
17.336	24	19	49	59	2	-1477.347	-19.95676	43.50796	-0.07766591	0.1215814	-1.342664	0	0	0	
17.368	24	19	49	59	2	-1477.183	-20.11596	43.58715	-0.07769988	0.1215125	-1.342941	0	0	0	
17.392	24	19	49	59	2	-1477.019	-20.27572	43.6659	-0.07776309	0.1214923	-1.343181	0	0	0	
17.432	24	19	49	59	2	-1476.783	-20.50491	43.77765	-0.07790401	0.1215078	-1.34359	0	0	0	
17.476	24	19	49	59	2	-1476.546	-20.73522	43.88851	-0.07800879	0.1213978	-1.344032	0	0	0	
17.516	24	19	49	59	2	-1476.284	-20.98987	44.00943	-0.07801986	0.1212746	-1.344427	0	0	0	
17.54	24	19	49	59	2	-1476.14	-21.12934	44.07494	-0.07800657	0.1212028	-1.344671	0	0	0	
17.568	24	19	49	59	2	-1475.996	-21.26922	44.14013	-0.07797251	0.1211222	-1.344963	0	0	0	
17.604	24	19	49	59	2	-1475.779	-21.47979	44.23731	-0.07794513	0.1210458	-1.345347	0	0	0	
17.632	24	19	49	59	2	-1475.586	-21.66772	44.3231	-0.07794111	0.1210171	-1.345647	0	0	0	
17.668	24	19	49	59	2	-1475.392	-21.85637	44.40832	-0.07797146	0.1209441	-1.346029	0	0	0	
17.692	24	19	49	59	2	-1475.221	-22.02202	44.48243	-0.078019	0.1208743	-1.346283	0	0	0	
17.712	24	19	49	59	2	-1475.099	-22.14068	44.5351	-0.07806576	0.1208074	-1.346493	0	0	0	
17.74	24	19	49	59	2	-1474.928	-22.30726	44.60846	-0.07812914	0.1207078	-1.346787	0	0	0	
17.772	24	19	49	59	2	-1474.731	-22.49831	44.69178	-0.07814864	0.1206292	-1.347132	0	0	0	
17.8	24	19	49	59	2	-1474.583	-22.64206	44.7539	-0.07813087	0.1206671	-1.347446	0	0	0	
17.824	24	19	50	0	2	-1474.41	-22.81028	44.82597	-0.07810453	0.1206923	-1.347715	0	0	0	
17.848	24	19	50	0	2	-1474.286	-22.93076	44.87719	-0.07809395	0.1206275	-1.347979	0	0	0	
17.868	24	19	50	0	2	-1474.136	-23.0757	44.93836	-0.0781084	0.1205172	-1.348193	0	0	0	
17.888	24	19	50	0	2	-1474.012	-23.19679	44.98909	-0.0781444	0.1204206	-1.348407	0	0	0	
17.908	24	19	50	0	2	-1473.887	-23.31815	45.0396	-0.07819385	0.120366	-1.348625	0	0	0	
17.932	24	19	50	0	2	-1473.761	-23.43979	45.08988	-0.07825846	0.120364	-1.348893	0	0	0	
17.956	24	19	50	0	2	-1473.585	-23.61054	45.15992	-0.07833046	0.1203746	-1.34921	0	0	0	
17.98	24	19	50	0	2	-1473.434	-23.75732	45.2196	-0.07838339	0.120394	-1.34944	0	0	0	
18	24	19	50	0	2	-1473.333	-23.8554	45.25921	-0.07841934	0.1203856	-1.349668	0	0	0	
18.02	24	19	50	0	2	-1473.207	-23.97824	45.30852	-0.07842786	0.1203036	-1.349892	0	0	0	
18.044	24	19	50	0	2	-1473.029	-24.15067	45.37718	-0.07841683	0.1201612	-1.35016	0	0	0	
18.072	24	19	50	0	2	-1472.851	-24.32364	45.44542	-0.07839004	0.1200306	-1.350478	0	0	0	
18.112	24	19	50	0	2	-1472.595	-24.57166	45.54215	-0.07835994	0.119964	-1.35094	0	0	0	
18.136	24	19	50	0	2	-1472.441	-24.72099	45.59976	-0.07833567	0.119964	-1.351223	0	0	0	
18.164	24	19	50	0	2	-1472.261	-24.8957	45.66658	-0.07831839	0.119961	-1.351559	0	0	0	
18.188	24	19	50	0	2	-1472.106	-25.04588	45.72352	-0.07833754	0.1199147	-1.351844	0	0	0	
18.208	24	19	50	0	2	-1471.977	-25.17132	45.77072	-0.07837278	0.1198225	-1.352077	0	0	0	
18.232	24	19	50	0	2	-1471.848	-25.29703	45.8177	-0.07843332	0.1197163	-1.352351	0	0	0	
18.26	24	19	50	0	2	-1471.64	-25.49874	45.89242	-0.07852075	0.1196714	-1.352671	0	0	0	
18.3	24	19	50	0	2	-1471.405	-25.72647	45.97581	-0.07865576	0.1196365	-1.353137	0	0	0	
18.316	24	19	50	1	2	-1471.274	-25.85337	46.02184	-0.07870494	0.1195728	-1.353321	0	0	0	
18.348	24	19	50	1	2	-1471.064	-26.05695	46.09503	-0.07875507	0.1193845	-1.353688	0	0	0	
18.384	24	19	50	1	2	-1470.854	-26.26122	46.16766	-0.07873839	0.1192251	-1.354107	0	0	0	
18.416	24	19	50	1	2	-1470.616	-26.49185	46.24871	-0.07867593	0.1191708	-1.354488	0	0	0	
18.432	24	19	50	1	2	-1470.51	-26.59462	46.28451	-0.07864447	0.1191653	-1.354683	0	0	0	
18.452	24	19	50	1	2	-1470.377	-26.72333	46.32906	-0.07861484	0.1191649	-1.354928	0	0	0	
18.472	24	19	50	1	2	-1470.244	-26.85231	46.3734	-0.07860406	0.1191505	-1.355174	0	0	0	
18.492	24	19	50	1	2	-1470.111	-26.98155	46.41752	-0.07861508	0.1191264	-1.355421	0	0	0	
18.516	24	19	50	1	2	-1469.951	-27.13698	46.47018	-0.07864953	0.1190964	-1.355716	0	0	0	
18.536	24	19	50	1	2	-1469.817	-27.2668	46.51383	-0.07869631	0.1190776	-1.355962	0	0	0	
18.56	24	19	50	1	2	-1469.656	-27.42294	46.56591	-0.07876359	0.1190455	-1.35626	0	0	0	
18.58	24	19	50	1	2	-1469.548	-27.52724	46.60047	-0.07882223	0.1189747	-1.356507	0	0	0	
18.6	24	19	50	1	2	-1469.386	-27.684	46.65204	-0.07887785	0.1188851	-1.356752	0	0	0	
18.616	24	19	50	1	2	-1469.278	-27.78872	46.68625	-0.0789128	0.1188049	-1.35695	0	0	0	
18.64	24	19	50	1	2	-1469.116	-27.94612	46.73731	-0.07894854	0.1186895	-1.357251	0	0	0	
18.66	24	19	50	1	2	-1468.981	-28.07757	46.77962	-0.0789603	0.1186234	-1.357507	0	0	0	
18.68	24	19	50	1	2	-1468.845	-28.20929	46.82172	-0.07894977	0.1185867	-1.357766	0	0	0	
18.704	24	19	50	1	2	-1468.708	-28.34126	46.86361	-0.07891835	0.1185392	-1.358074	0	0	0	
18.728	24	19	50	1	2	-1468.517	-28.52647	46.92189	-0.07888642	0.1184816	-1.358382	0	0	0	
18.744	24	19	50	1	2	-1468.408	-28.63253	46.95501	-0.07885917	0.1184185	-1.358634	0	0	0	
18.768	24	19	50	2	2	-1468.243	-28.79194	47.00443	-0.07883847	0.1183634	-1.358887	0	0	0	
18.8	24	19	50	2	2	-1468.024	-29.00506	47.06986	-0.07884848	0.1182849	-1.359339	0	0	0	
18.832	24	19	50	2	2	-1467.803	-29.21885	47.13474	-0.078913	0.1181906	-1.359678	0	0	0	
18.852	24	19	50	2	2	-1467.665	-29.35281	47.17502	-0.07898666	0.1181021	-1.359969	0	0	0	
18.884	24	19	50	2	2	-1467.443	-29.56767	47.23902	-0.07906972	0.1180674	-1.36032	0	0	0	
18.908	24	19	50	2	2	-1467.304	-29.7023	47.27875	-0.07913562	0.1181042	-1.360627	0	0	0	
18.94	24	19	50	2	2	-1467.053	-29.94528	47.34973	-0.07918573	0.1180972	-1.361034	0	0	0	
18.96	24	19	50	2	2	-1466.913	-30.08063	47.38888	-0.07919386	0.1180207	-1.361284	0	0	0	
18.976	24	19	50	2	2	-1466.689	-30.29773	47.45107	-0.07918558	0.1178191	-1.361731	0	0	0	
18.976	24	19	50	2	2	-1466.465	-30.51548	47.51274	-0.07915635	0.1176904	-1.36209	0	0	0	
18.976	24	19	50	2	2	-1466.296	-30.67923	47.55864	-0.0791285	0.1175907	-1.362457	0	0	0	
18.976	24	19	50	2	2	-1466.041	-30.92554	47.62693	-0.0791291	0.1174799	-1.362874	0	0	0	
18.976	24	19	50	2	2	-1465.786	-31.17267	47.69456	-0.07917693	0.1173337	-1.363336	0	0	0	
18.976	24	19	50	2	2	-1465.558	-31.39304	47.75412	-0.07922393	0.1172208	-1.363797	0	0	0	
18.976	24	19	50	2	2	-1465.33	-31.61406	47.81315	-0.0792652	0.1171675	-1.364159	0	0	0	
18.976	24	19	50	2	2	-1465.101	-31.83572	47.87166	-0.07929885	0.1171391	-1.364639	0	0	0	
18.976	24	19	50	2	2	-1464.9	-32.03022	47.92242	-0.07932372	0.1171405	-1.365019	0	0	0	
18.976	24	19	50	2	2	-1464.67	-32.2531	47.97996	-0.07932688	0.1170845	-1.36539	0	0	0	
18.976	24	19	50	2	2	-1464.497	-32.42068	48.02277	-0.07931939	0.1169783	-1.365699	0	0	0	
18.976	24	19	50	2	2	-1464.323	-32.58863	48.0653	-0.0793101	0.1168318	-1.366005	0	0	0	
18.976	24	19	50	3	2	-1464.092	-32.81312	48.12154	-0.07931351	0.1167114	-1.366431	0	0	0	
18.976	24	19	50	3	2	-1463.917	-32.98191	48.16339	-0.0793406	0.1166987	-1.366766	0	0	0	
18.976	24	19	50	3	2	-1463.713	-33.17929	48.21184	-0.0794017	0.1166814	-1.367161	0	0	0	
18.976	24	19	50	3	2	-1463.509	-33.37716	48.25991	-0.07946476	0.1166098	-1.367547	0	0	0	
18.976	24	19	50	3	2	-1463.245	-33.63228	48.32113	-0.0795302	0.1164385	-1.368096	0	0	0	
18.976	24	19	50	3	2	-1463.01	-33.85973	48.37501	-0.07953943	0.1163583	-1.368484	0	0	0	
18.976	24	19	50	3	2	-1462.804	-34.05928	48.42174	-0.07951421	0.116285	-1.368932	0	0	0	
18.976	24	19	50	3	2	-1462.597	-34.25931	48.46809	-0.07948445	0.1161728	-1.369328	0	0	0	
18.976	24	19	50	3	2	-1462.39	-34.45982	48.51406	-0.07946589	0.1160705	-1.369672	0	0	0	
18.976	24	19	50	3	2	-1462.123	-34.71835	48.5726	-0.07945739	0.1160177	-1.370205	0	0	0	
18.976	24	19	50	3	2	-1461.884	-34.94881	48.62411	-0.07948617	0.1159073	-1.370681	0	0	0	
18.976	24	19	50	3	2	-1461.645	-35.17991	48.67513	-0.07955702	0.1156904	-1.371146	0	0	0	
18.976	24	19	50	3	2	-1461.436	-35.38263	48.71936	-0.07963549	0.1155545	-1.371559	0	0	0	
18.976	24	19	50	3	2	-1461.256	-35.55678	48.75698	-0.07970812	0.115495	-1.371983	0	0	0	
18.976	24	19	50	3	2	-1461.045	-35.76039	48.80052	-0.0797481	0.1154469	-1.372353	0	0	0	
18.976	24	19	50	3	2	-1460.894	-35.90613	48.83139	-0.07976277	0.1154003	-1.372664	0	0	0	
18.976	24	19	50	3	2	-1460.713	-36.08133	48.86819	-0.0797585	0.1153494	-1.37304	0	0	0	
18.976	24	19	50	3	2	-1460.441	-36.34479	48.92287	-0.07971733	0.1153067	-1.373603	0	0	0	
18.976	24	19	50	3	2	-1460.198	-36.57964	48.97097	-0.07970082	0.1152333	-1.374096	0	0	0	
18.976	24	19	50	3	2	-1459.924	-36.84459	49.0245	-0.07969504	0.1150219	-1.374643	0	0	0	
18.976	24	19	50	4	2	-1459.771	-36.99212	49.05398	-0.07969993	0.1148631	-1.375002	0	0	0	
18.976	24	19	50	4	2	-1459.526	-37.22867	49.10076	-0.07973147	0.1147604	-1.375425	0	0	0	
18.976	24	19	50	4	2	-1459.312	-37.43617	49.1413	-0.07980379	0.114762	-1.375856	0	0	0	
18.976	24	19	50	4	2	-1459.127	-37.61439	49.17576	-0.07988538	0.114809	-1.376232	0	0	0	
18.976	24	19	50	4	2	-1458.85	-37.88238	49.22696	-0.08000787	0.1148295	-1.376799	0	0	0	
18.976	24	19	50	4	2	-1458.572	-38.15115	49.27756	-0.08008603	0.1145788	-1.377353	0	0	0	
18.976	24	19	50	4	2	-1458.293	-38.42069	49.32758	-0.08009168	0.114268	-1.377902	0	0	0	
18.976	24	19	50	4	2	-1458.044	-38.66093	49.37155	-0.08005954	0.11414	-1.378396	0	0	0	
18.976	24	19	50	4	2	-1457.764	-38.93193	49.42047	-0.08002445	0.114092	-1.378958	0	0	0	
18.976	24	19	50	4	2	-1457.451	-39.23395	49.47413	-0.08000489	0.1140069	-1.379642	0	0	0	
18.976	24	19	50	4	2	-1457.169	-39.50658	49.52182	-0.08001469	0.1139584	-1.380139	0	0	0	
18.976	24	19	50	4	2	-1456.98	-39.68875	49.55329	-0.08004647	0.1138872	-1.380507	0	0	0	
18.976	24	19	50	4	2	-1456.728	-39.93218	49.59486	-0.08010915	0.1137514	-1.381001	0	0	0	
18.976	24	19	50	4	2	-1456.444	-40.20676	49.64109	-0.08019032	0.1135953	-1.38157	0	0	0	
18.976	24	19	50	4	2	-1456.127	-40.51275	49.69179	-0.08025809	0.1135436	-1.382214	0	0	0	
18.976	24	19	50	4	2	-1455.841	-40.78894	49.73683	-0.08028639	0.1134859	-1.382867	0	0	0	
18.976	24	19	50	4	2	-1455.65	-40.97349	49.76654	-0.0802753	0.113413	-1.383188	0	0	0	
18.976	24	19	50	4	2	-1455.426	-41.18922	49.80089	-0.08025309	0.1132794	-1.383637	0	0	0	
18.976	24	19	50	4	2	-1455.138	-41.46726	49.84457	-0.08023521	0.113095	-1.384218	0	0	0	
18.976	24	19	50	4	2	-1454.914	-41.68403	49.87815	-0.08024751	0.1129845	-1.384675	0	0	0	
18.976	24	19	50	5	2	-1454.688	-41.90127	49.91141	-0.08028817	0.1129487	-1.385206	0	0	0	
18.976	24	19	50	5	2	-1454.463	-42.11895	49.94434	-0.08032593	0.1129214	-1.38561	0	0	0	
18.976	24	19	50	5	2	-1454.269	-42.3059	49.9723	-0.08036761	0.1128489	-1.386015	0	0	0	
18.976	24	19	50	5	2	-1454.075	-42.49319	50.00002	-0.0804233	0.1127436	-1.386491	0	0	0	
18.976	24	19	50	5	2	-1453.881	-42.6808	50.0275	-0.08047487	0.1126598	-1.386899	0	0	0	
18.976	24	19	50	5	2	-1453.653	-42.90011	50.05925	-0.0805182	0.1125439	-1.387304	0	0	0	
18.976	24	19	50	5	2	-1453.458	-43.08844	50.08621	-0.08055551	0.1124159	-1.387775	0	0	0	
18.976	24	19	50	5	2	-1453.197	-43.34007	50.12179	-0.0805691	0.1123467	-1.388249	0	0	0	
18.976	24	19	50	5	2	-1453.067	-43.4661	50.13942	-0.08057604	0.1122802	-1.388588	0	0	0	
18.976	24	19	50	5	2	-1453.067	-43.4661	50.13942	-0.08057604	0.1122802	-1.388588	0	0	0	
18.976	24	19	50	5	2	-1453.067	-43.4661	50.13942	-0.08057604	0.1122802	-1.388588	0	0	0	
18.976	24	19	50	5	2	-1453.067	-43.4661	50.13942	-0.08057604	0.1122802	-1.388588	0	0	0	
18.976	24	19	50	5	2	-1453.067	-43.4661	50.13942	-0.08057604	0.1122802	-1.388588	0	0	0	
18.976	24	19	50	5	2	-1453.067	-43.4661	50.13942	-0.08057604	0.1122802	-1.388588	0	0	0	
18.976	24	19	50	5	2	-1453.067	-43.4661	50.13942	-0.08057604	0.1122802	-1.388588	0	0	0	
18.976	24	19	50	5	2	-1453.067	-43.4661	50.13942	-0.08057604	0.1122802	-1.388588	0	0	0	
18.976	24	19	50	5	2	-1453.067	-43.4661	50.13942	-0.08057604	0.1122802	-1.388588	0	0	0	
18.976	24	19	50	5	2	-1453.067	-43.4661	50.13942	-0.08057604	0.1122802	-1.388588	0	0	0	
18.976	24	19	50	5	2	-1453.067	-43.4661	50.13942	-0.08057604	0.1122802	-1.388588	0	0	0	
18.976	24	19	50	5	2	-1453.067	-43.4661	50.13942	-0.08057604	0.1122802	-1.388588	0	0	0	
18.976	24	19	50	6	2	-1453.067	-43.4661	50.13942	-0.08057604	0.1122802	-1.388588	0	0	0	
18.976	24	19	50	6	2	-1453.067	-43.4661	50.13942	-0.08057604	0.1122802	-1.388588	0	0	0	
18.976	24	19	50	6	2	-1453.067	-43.4661	50.13942	-0.08057604	0.1122802	-1.388588	0	0	0	
18.976	24	19	50	6	2	-1453.067	-43.4661	50.13942	-0.08057604	0.1122802	-1.388588	0	0	0	
18.976	24	19	50	6	2	-1453.067	-43.4661	50.13942	-0.08057604	0.1122802	-1.388588	0	0	0	
18.976	24	19	50	6	2	-1453.067	-43.4661	50.13942	-0.08057604	0.1122802	-1.388588	0	0	0	
18.976	24	19	50	6	2	-1453.067	-43.4661	50.13942	-0.08057604	0.1122802	-1.388588	0	0	0	
18.976	24	19	50	6	2	-1453.067	-43.4661	50.13942	-0.08057604	0.1122802	-1.388588	0	0	0	
18.976	24	19	50	6	2	-1453.067	-43.4661	50.13942	-0.08057604	0.1122802	-1.388588	0	0	0	
18.976	24	19	50	6	2	-1453.067	-43.4661	50.13942	-0.08057604	0.1122802	-1.388588	0	0	0	
18.976	24	19	50	6	2	-1453.067	-43.4661	50.13942	-0.08057604	0.1122802	-1.388588	0	0	0	
18.976	24	19	50	6	2	-1453.067	-43.4661	50.13942	-0.08057604	0.1122802	-1.388588	0	0	0	
18.976	24	19	50	6	2	-1453.067	-43.4661	50.13942	-0.08057604	0.1122802	-1.388588	0	0	0	
18.976	24	19	50	6	2	-1453.067	-43.4661	50.13942	-0.08057604	0.1122802	-1.388588	0	0	0	
18.976	24	19	50	6	2	-1453.067	-43.4661	50.13942	-0.08057604	0.1122802	-1.388588	0	0	0	
18.976	24	19	50	6	2	-1453.067	-43.4661	50.13942	-0.08057604	0.1122802	-1.388588	0	0	0	
18.976	24	19	50	6	2	-1453.067	-43.4661	50.13942	-0.08057604	0.1122802	-1.388588	0	0	0	
18.976	24	19	50	6	2	-1453.067	-43.4661	50.13942	-0.08057604	0.1122802	-1.388588	0	0	0	
18.976	24	19	50	6	2	-1453.067	-43.4661	50.13942	-0.08057604	0.1122802	-1.388588	0	0	0	
18.976	24	19	50	6	2	-1453.067	-43.4661	50.13942	-0.08057604	0.1122802	-1.388588	0	0	0	
18.976	24	19	50	7	2	-1453.067	-43.4661	50.13942	-0.08057604	0.1122802	-1.388588	0	0	0	
18.976	24	19	50	7	2	-1453.067	-43.4661	50.13942	-0.08057604	0.1122802	-1.388588	0	0	0	
18.976	24	19	50	7	2	-1453.067	-43.4661	50.13942	-0.08057604	0.1122802	-1.388588	0	0	0	
18.976	24	19	50	7	2	-1453.067	-43.4661	50.13942	-0.08057604	0.1122802	-1.388588	0	0	0	
18.976	24	19	50	7	2	-1453.067	-43.4661	50.13942	-0.08057604	0.1122802	-1.388588	0	0	0	
18.976	24	19	50	7	2	-1453.067	-43.4661	50.13942	-0.08057604	0.1122802	-1.388588	0	0	0	
18.976	24	19	50	7	2	-1453.067	-43.4661	50.13942	-0.08057604	0.1122802	-1.388588	0	0	0	
18.976	24	19	50	7	2	-1453.067	-43.4661	50.13942	-0.08057604	0.1122802	-1.388588	0	0	0	
18.976	24	19	50	7	2	-1453.067	-43.4661	50.13942	-0.08057604	0.1122802	-1.388588	0	0	0	
18.976	24	19	50	7	2	-1453.067	-43.4661	50.13942	-0.08057604	0.1122802	-1.388588	0	0	0	
18.976	24	19	50	7	2	-1453.067	-43.4661	50.13942	-0.08057604	0.1122802	-1.388588	0	0	0	
18.976	24	19	50	7	2	-1453.067	-43.4661	50.13942	-0.08057604	0.1122802	-1.388588	0	0	0	
18.976	24	19	50	7	2	-1453.067	-43.4661	50.13942	-0.08057604	0.1122802	-1.388588	0	0	0	
18.976	24	19	50	7	2	-1453.067	-43.4661	50.13942	-0.08057604	0.1122802	-1.388588	0	0	0	
18.976	24	19	50	7	2	-1453.067	-43.4661	50.13942	-0.08057604	0.1122802	-1.388588	0	0	0	
18.976	24	19	50	7	2	-1453.067	-43.4661	50.13942	-0.08057604	0.1122802	-1.388588	0	0	0	
18.976	24	19	50	7	2	-1453.067	-43.4661	50.13942	-0.08057604	0.1122802	-1.388588	0	0	0	
18.976	24	19	50	7	2	-1453.067	-43.4661	50.13942	-0.08057604	0.1122802	-1.388588	0	0	0	
18.976	24	19	50	7	2	-1453.067	-43.4661	50.13942	-0.08057604	0.1122802	-1.388588	0	0	0	
18.976	24	19	50	7	2	-1453.067	-43.4661	50.13942	-0.08057604	0.1122802	-1.388588	0	0	0	
18.976	24	19	50	8	2	-1453.067	-43.4661	50.13942	-0.08057604	0.1122802	-1.388588	0	0	0	
18.976	24	19	50	8	2	-1453.067	-43.4661	50.13942	-0.08057604	0.1122802	-1.388588	0	0	0	
18.976	24	19	50	8	2	-1453.067	-43.4661	50.13942	-0.08057604	0.1122802	-1.388588	0	0	0	
18.976	24	19	50	8	2	-1453.067	-43.4661	50.13942	-0.08057604	0.1122802	-1.388588	0	0	0	
18.976	24	19	50	8	2	-1453.067	-43.4661	50.13942	-0.08057604	0.1122802	-1.388588	0	0	0	
18.976	24	19	50	8	2	-1453.067	-43.4661	50.13942	-0.08057604	0.1122802	-1.388588	0	0	0	
18.976	24	19	50	8	2	-1453.067	-43.4661	50.13942	-0.08057604	0.1122802	-1.388588	0	0	0	
18.976	24	19	50	8	2	-1453.067	-43.4661	50.13942	-0.08057604	0.1122802	-1.388588	0	0	0	
18.976	24	19	50	8	2	-1453.067	-43.4661	50.13942	-0.08057604	0.1122802	-1.388588	0	0	0	
18.976	24	19	50	8	2	-1453.067	-43.4661	50.13942	-0.08057604	0.1122802	-1.388588	0	0	0	
18.976	24	19	50	8	2	-1453.067	-43.4661	50.13942	-0.08057604	0.1122802	-1.388588	0	0	0	
18.976	24	19	50	8	2	-1453.067	-43.4661	50.13942	-0.08057604	0.1122802	-1.388588	0	0	0	
18.976	24	19	50	8	2	-1453.067	-43.4661	50.13942	-0.08057604	0.1122802	-1.388588	0	0	0	
18.976	24	19	50	8	2	-1453.067	-43.4661	50.13942	-0.08057604	0.1122802	-1.388588	0	0	0	
18.976	24	19	50	8	2	-1453.067	-43.4661	50.13942	-0.08057604	0.1122802	-1.388588	0	0	0	
18.976	24	19	50	8	2	-1453.067	-43.4661	50.13942	-0.08057604	0.1122802	-1.388588	0	0	0	
18.976	24	19	50	8	2	-1453.067	-43.4661	50.13942	-0.08057604	0.1122802	-1.388588	0	0	0	
18.976	24	19	50	8	2	-1453.067	-43.4661	50.13942	-0.08057604	0.1122802	-1.388588	0	0	0	
18.976	24	19	50	8	2	-1453.067	-43.4661	50.13942	-0.08057604	0.1122802	-1.388588	0	0	0	
18.976	24	19	50	8	2	-1453.067	-43.4661	50.13942	-0.08057604	0.1122802	-1.388588	0	0	0	
18.976	24	19	50	9	2	-1453.067	-43.4661	50.13942	-0.08057604	0.1122802	-1.388588	0	0	0	
18.976	24	19	50	9	2	-1453.067	-43.4661	50.13942	-0.08057604	0.1122802	-1.388588	0	0	0	
18.976	24	19	50	9	2	-1453.067	-43.4661	50.13942	-0.08057604	0.1122802	-1.388588	0	0	0	
18.976	24	19	50	9	2	-1453.067	-43.4661	50.13942	-0.08057604	0.1122802	-1.388588	0	0	0	
18.976	24	19	50	9	2	-1453.067	-43.4661	50.13942	-0.08057604	0.1122802	-1.388588	0	0	0	
18.976	24	19	50	9	2	-1453.067	-43.4661	50.13942	-0.08057604	0.1122802	-1.388588	0	0	0	
18.976	24	19	50	9	2	-1453.067	-43.4661	50.13942	-0.08057604	0.1122802	-1.388588	0	0	0	
18.976	24	19	50	9	2	-1453.067	-43.4661	50.13942	-0.08057604	0.1122802	-1.388588	0	0	0	
18.976	24	19	50	9	2	-1453.067	-43.4661	50.13942	-0.08057604	0.1122802	-1.388588	0	0	0	
18.976	24	19	50	9	2	-1453.067	-43.4661	50.13942	-0.08057604	0.1122802	-1.388588	0	0	0	
18.976	24	19	50	9	2	-1453.067	-43.4661	50.13942	-0.08057604	0.1122802	-1.388588	0	0	0	
18.976	24	19	50	9	2	-1453.067	-43.4661	50.13942	-0.08057604	0.1122802	-1.388588	0	0	0	
18.976	24	19	50	9	2	-1453.067	-43.4661	50.13942	-0.08057604	0.1122802	-1.388588	0	0	0	
18.976	24	19	50	9	2	-1453.067	-43.4661	50.13942	-0.08057604	0.1122802	-1.388588	0	0	0	
18.976	24	19	50	9	2	-1453.067	-43.4661	50.13942	-0.08057604	0.1122802	-1.388588	0	0	0	
18.976	24	19	50	9	2	-1453.067	-43.4661	50.13942	-0.08057604	0.1122802	-1.388588	0	0	0	
18.976	24	19	50	9	2	-1453.067	-43.4661	50.13942	-0.08057604	0.1122802	-1.388588	0	0	0	
18.976	24	19	50	9	2	-1453.067	-43.4661	50.13942	-0.08057604	0.1122802	-1.388588	0	0	0	
18.976	24	19	50	9	2	-1453.067	-43.4661	50.13942	-0.08057604	0.1122802	-1.388588	0	0	0	
18.976	24	19	50	9	2	-1453.067	-43.4661	50.13942	-0.08057604	0.1122802	-1.388588	0	0	0	
18.976	24	19	50	10	2	-1453.067	-43.4661	50.13942	-0.08057604	0.1122802	-1.388588	0	0	0	
18.976	24	19	50	10	2	-1453.067	-43.4661	50.13942	-0.08057604	0.1122802	-1.388588	0	0	0	
18.976	24	19	50	10	2	-1453.067	-43.4661	50.13942	-0.08057604	0.1122802	-1.388588	0	0	0	
18.976	24	19	50	10	2	-1453.067	-43.4661	50.13942	-0.08057604	0.1122802	-1.388588	0	0	0	
18.976	24	19	50	10	2	-1453.067	-43.4661	50.13942	-0.08057604	0.1122802	-1.388588	0	0	0	
18.976	24	19	50	10	2	-1453.067	-43.4661	50.13942	-0.08057604	0.1122802	-1.388588	0	0	0	
18.976	24	19	50	10	2	-1453.067	-43.4661	50.13942	-0.08057604	0.1122802	-1.388588	0	0	0	
18.976	24	19	50	10	2	-1453.067	-43.4661	50.13942	-0.08057604	0.1122802	-1.388588	0	0	0	
18.976	24	19	50	10	2	-1453.067	-43.4661	50.13942	-0.08057604	0.1122802	-1.388588	0	0	0	
18.976	24	19	50	10	2	-1453.067	-43.4661	50.13942	-0.08057604	0.1122802	-1.388588	0	0	0	
18.976	24	19	50	10	2	-1453.067	-43.4661	50.13942	-0.08057604	0.1122802	-1.388588	0	0	0	
18.976	24	19	50	10	2	-1453.067	-43.4661	50.13942	-0.08057604	0.1122802	-1.388588	0	0	0	
18.976	24	19	50	10	2	-1453.067	-43.4661	50.13942	-0.08057604	0.1122802	-1.388588	0	0	0	
18.976	24	19	50	10	2	-1453.067	-43.4661	50.13942	-0.08057604	0.1122802	-1.388588	0	0	0	
18.976	24	19	50	10	2	-1453.067	-43.4661	50.13942	-0.08057604	0.1122802	-1.388588	0	0	0	
18.976	24	19	50	10	2	-1453.067	-43.4661	50.13942	-0.08057604	0.1122802	-1.388588	0	0	0	
18.976	24	19	50	10	2	-1453.067	-43.4661	50.13942	-0.08057604	0.1122802	-1.388588	0	0	0	
18.976	24	19	50	10	2	-1453.067	-43.4661	50.13942	-0.08057604	0.1122802	-1.388588	0	0	0	
18.976	24	19	50	10	2	-1453.067	-43.4661	50.13942	-0.08057604	0.1122802	-1.388588	0	0	0	
18.976	24	19	50	10	2	-1453.067	-43.4661	50.13942	-0.08057604	0.1122802	-1.388588	0	0	0	
18.976	24	19	50	11	2	-1453.067	-43.4661	50.13942	-0.08057604	0.1122802	-1.388588	0	0	0	
18.976	24	19	50	11	2	-1453.067	-43.4661	50.13942	-0.08057604	0.1122802	-1.388588	0	0	0	
18.976	24	19	50	11	2	-1453.067	-43.4661	50.13942	-0.08057604	0.1122802	-1.388588	0	0	0	
18.976	24	19	50	11	2	-1453.067	-43.4661	50.13942	-0.08057604	0.1122802	-1.388588	0	0	0	
18.976	24	19	50	11	2	-1453.067	-43.4661	50.13942	-0.08057604	0.1122802	-1.388588	0	0	0	
18.976	24	19	50	11	2	-1453.067	-43.4661	50.13942	-0.08057604	0.1122802	-1.388588	0	0	0	
18.976	24	19	50	11	2	-1453.067	-43.4661	50.13942	-0.08057604	0.1122802	-1.388588	0	0	0	
18.976	24	19	50	11	2	-1453.067	-43.4661	50.13942	-0.08057604	0.1122802	-1.388588	0	0	0	
18.976	24	19	50	11	2	-1453.067	-43.4661	50.13942	-0.08057604	0.1122802	-1.388588	0	0	0	
18.976	24	19	50	11	2	-1453.067	-43.4661	50.13942	-0.08057604	0.1122802	-1.388588	0	0	0	
18.976	24	19	50	11	2	-1453.067	-43.4661	50.13942	-0.08057604	0.1122802	-1.388588	0	0	0	
18.976	24	19	50	11	2	-1453.067	-43.4661	50.13942	-0.08057604	0.1122802	-1.388588	0	0	0	
18.976	24	19	50	11	2	-1453.067	-43.4661	50.13942	-0.08057604	0.1122802	-1.388588	0	0	0	
18.976	24	19	50	11	2	-1453.067	-43.4661	50.13942	-0.08057604	0.1122802	-1.388588	0	0	0	
18.976	24	19	50	11	2	-1453.067	-43.4661	50.13942	-0.08057604	0.1122802	-1.388588	0	0	0	
18.976	24	19	50	11	2	-1453.067	-43.4661	50.13942	-0.08057604	0.1122802	-1.388588	0	0	0	
18.976	24	19	50	11	2	-1453.067	-43.4661	50.13942	-0.08057604	0.1122802	-1.388588	0	0	0	
18.976	24	19	50	11	2	-1453.067	-43.4661	50.13942	-0.08057604	0.1122802	-1.388588	0	0	0	
18.976	24	19	50	11	2	-1453.067	-43.4661	50.13942	-0.08057604	0.1122802	-1.388588	0	0	0	
18.976	24	19	50	11	2	-1453.067	-43.4661	50.13942	-0.08057604	0.1122802	-1.388588	0	0	0	
18.976	24	19	50	12	2	-1453.067	-43.4661	50.13942	-0.08057604	0.1122802	-1.388588	0	0	0	
18.976	24	19	50	12	2	-1453.067	-43.4661	50.13942	-0.08057604	0.1122802	-1.388588	0	0	0	
18.976	24	19	50	12	2	-1453.067	-43.4661	50.13942	-0.08057604	0.1122802	-1.388588	0	0	0	
18.976	24	19	50	12	2	-1453.067	-43.4661	50.13942	-0.08057604	0.1122802	-1.388588	0	0	0	
18.976	24	19	50	12	2	-1453.067	-43.4661	50.13942	-0.08057604	0.1122802	-1.388588	0	0	0	
18.976	24	19	50	12	2	-1453.067	-43.4661	50.13942	-0.08057604	0.1122802	-1.388588	0	0	0	
18.976	24	19	50	12	2	-1453.067	-43.4661	50.13942	-0.08057604	0.1122802	-1.388588	0	0	0	
18.976	24	19	50	12	2	-1453.067	-43.4661	50.13942	-0.08057604	0.1122802	-1.388588	0	0	0	
18.976	24	19	50	12	2	-1453.067	-43.4661	50.13942	-0.08057604	0.1122802	-1.388588	0	0	0	
18.976	24	19	50	12	2	-1453.067	-43.4661	50.13942	-0.08057604	0.1122802	-1.388588	0	0	0	
18.976	24	19	50	12	2	-1453.067	-43.4661	50.13942	-0.08057604	0.1122802	-1.388588	0	0	0	
18.976	24	19	50	12	2	-1453.067	-43.4661	50.13942	-0.08057604	0.1122802	-1.388588	0	0	0	
18.976	24	19	50	12	2	-1453.067	-43.4661	50.13942	-0.08057604	0.1122802	-1.388588	0	0	0	
18.976	24	19	50	12	2	-1453.067	-43.4661	50.13942	-0.08057604	0.1122802	-1.388588	0	0	0	
18.976	24	19	50	12	2	-1453.067	-43.4661	50.13942	-0.08057604	0.1122802	-1.388588	0	0	0	
18.976	24	19	50	12	2	-1453.067	-43.4661	50.13942	-0.08057604	0.1122802	-1.388588	0	0	0	
18.976	24	19	50	12	2	-1453.067	-43.4661	50.13942	-0.08057604	0.1122802	-1.388588	0	0	0	
18.976	24	19	50	12	2	-1453.067	-43.4661	50.13942	-0.08057604	0.1122802	-1.388588	0	0	0	
18.976	24	19	50	12	2	-1453.067	-43.4661	50.13942	-0.08057604	0.1122802	-1.388588	0	0	0	
18.976	24	19	50	12	2	-1453.067	-43.4661	50.13942	-0.08057604	0.1122802	-1.388588	0	0	0	
18.976	24	19	50	13	2	-1453.067	-43.4661	50.13942	-0.08057604	0.1122802	-1.388588	0	0	0	
18.976	24	19	50	13	2	-1453.067	-43.4661	50.13942	-0.08057604	0.1122802	-1.388588	0	0	0	
18.976	24	19	50	13	2	-1453.067	-43.4661	50.13942	-0.08057604	0.1122802	-1.388588	0	0	0	
18.976	24	19	50	13	2	-1453.067	-43.4661	50.13942	-0.08057604	0.1122802	-1.388588	0	0	0	
18.976	24	19	50	13	2	-1453.067	-43.4661	50.13942	-0.08057604	0.1122802	-1.388588	0	0	0	
18.976	24	19	50	13	2	-1453.067	-43.4661	50.13942	-0.08057604	0.1122802	-1.388588	0	0	0	
18.976	24	19	50	13	2	-1453.067	-43.4661	50.13942	-0.08057604	0.1122802	-1.388588	0	0	0	
18.976	24	19	50	13	2	-1453.067	-43.4661	50.13942	-0.08057604	0.1122802	-1.388588	0	0	0	
18.976	24	19	50	13	2	-1453.067	-43.4661	50.13942	-0.08057604	0.1122802	-1.388588	0	0	0	
18.976	24	19	50	13	2	-1453.067	-43.4661	50.13942	-0.08057604	0.1122802	-1.388588	0	0	0	
18.976	24	19	50	13	2	-1453.067	-43.4661	50.13942	-0.08057604	0.1122802	-1.388588	0	0	0	
18.976	24	19	50	13	2	-1453.067	-43.4661	50.13942	-0.08057604	0.1122802	-1.388588	0	0	0	
18.976	24	19	50	13	2	-1453.067	-43.4661	50.13942	-0.08057604	0.1122802	-1.388588	0	0	0	
18.976	24	19	50	13	2	-1453.067	-43.4661	50.13942	-0.08057604	0.1122802	-1.388588	0	0	0	
18.976	24	19	50	13	2	-1453.067	-43.4661	50.13942	-0.08057604	0.1122802	-1.388588	0	0	0	
18.976	24	19	50	13	2	-1453.067	-43.4661	50.13942	-0.08057604	0.1122802	-1.388588	0	0	0	
18.976	24	19	50	13	2	-1453.067	-43.4661	50.13942	-0.08057604	0.1122802	-1.388588	0	0	0	
18.976	24	19	50	13	2	-1453.067	-43.4661	50.13942	-0.08057604	0.1122802	-1.388588	0	0	0	
18.976	24	19	50	13	2	-1453.067	-43.4661	50.13942	-0.08057604	0.1122802	-1.388588	0	0	0	
18.976	24	19	50	13	2	-1453.067	-43.4661	50.13942	-0.08057604	0.1122802	-1.388588	0	0	0	
18.976	24	19	50	14	2	-1453.067	-43.4661	50.13942	-0.08057604	0.1122802	-1.388588	0	0	0	
18.976	24	19	50	14	2	-1453.067	-43.4661	50.13942	-0.08057604	0.1122802	-1.388588	0	0	0	
18.976	24	19	50	14	2	-1453.067	-43.4661	50.13942	-0.08057604	0.1122802	-1.388588	0	0	0	
