time	day	hour	min	sec	control_state	uav_pos_x	uav_pos_y	uav_pos_z	uav_roll	uav_pitch	uav_yaw	uav_vel_x	uav_vel_y	uav_vel_z	
0	24	19	49	25	0	0	0	0	0	0	0	0	0	0	
0	24	19	49	25	1	-1502	1.551952e-06	4.2755	0	0	0	0	0	0	
0.008	24	19	49	25	1	-1502	1.551952e-06	4.2755	0	0	0	0	0	0	
0.032	24	19	49	25	1	-1502	1.551952e-06	4.2755	0	0	0	0	0	0	
0.052	24	19	49	25	1	-1502	1.519515e-06	4.2755	0	0	0	0	0	0	
0.072	24	19	49	25	1	-1502	4.910832e-06	4.275502	0	0	0	0	0	0	
0.092	24	19	49	25	1	-1502	1.591647e-05	4.275509	0	0	0	0	0	0	
0.108	24	19	49	25	1	-1502	3.640458e-05	4.275526	0	0	0	0	0	0	
0.136	24	19	49	25	1	-1502	7.735548e-05	4.27556	0	0	0	0	0	0	
0.164	24	19	49	25	1	-1502	0.0001070691	4.275598	0	0	0	0	0	0	
0.192	24	19	49	25	1	-1502	0.0001110166	4.275647	0	0	0	0	0	0	
0.204	24	19	49	25	1	-1502	0.0001115822	4.275668	0	0	0	0	0	0	
0.228	24	19	49	25	1	-1502	0.0001164933	4.275712	0	0	0	0	0	0	
0.244	24	19	49	25	1	-1502	0.0001196771	4.275742	0	0	0	0	0	0	
0.264	24	19	49	25	1	-1502	0.0001237167	4.275776	0	0	0	0	0	0	
0.288	24	19	49	25	1	-1502	0.0001349481	4.275818	0	0	0	0	0	0	
0.312	24	19	49	25	1	-1502	0.0001580788	4.275861	0	0	0	0	0	0	
0.336	24	19	49	26	1	-1501.999	0.0001901842	4.275907	-0.001474504	-0.001268155	-0.000448884	0	0	0	
0.372	24	19	49	26	1	-1501.999	0.0002245558	4.276324	-0.001398127	0.002304667	-0.0005560528	0	0	0	
0.392	24	19	49	26	1	-1501.999	0.0002435675	4.277395	-0.00103562	0.003627272	-0.0006041686	0	0	0	
0.42	24	19	49	26	1	-1501.999	0.0002783161	4.280206	-0.000534412	0.003147351	-0.0006520868	0	0	0	
0.456	24	19	49	26	1	-1501.999	0.0003217517	4.285345	0.0002746168	0.001174435	-0.0006969274	0	0	0	
0.48	24	19	49	26	1	-1501.998	0.0003369457	4.291537	0.001433578	0.0007653488	-0.0007220605	0	0	0	
0.492	24	19	49	26	1	-1501.998	0.0003409582	4.294675	0.001970165	0.0009280519	-0.000730536	0	0	0	
0.52	24	19	49	26	1	-1501.998	0.0003530067	4.301824	0.002589514	0.001663693	-0.000746233	0	0	0	
0.54	24	19	49	26	1	-1501.998	0.0003595764	4.308665	0.002676917	0.002084269	-0.0007553003	0	0	0	
0.56	24	19	49	26	1	-1501.997	0.0003651616	4.317926	0.002379984	0.002202935	-0.000761328	0	0	0	
0.584	24	19	49	26	1	-1501.997	0.0003612274	4.326511	0.001915335	0.001799108	-0.0007697176	0	0	0	
0.604	24	19	49	26	1	-1501.997	0.0003482781	4.337841	0.001398687	0.001260459	-0.0007775326	0	0	0	
0.628	24	19	49	26	1	-1501.997	0.0003399146	4.34813	0.0003738104	0.0004176586	-0.0007864232	0	0	0	
0.66	24	19	49	26	1	-1501.996	0.0003331156	4.368568	-0.001306715	-0.0002088751	-0.0007973274	0	0	0	
0.68	24	19	49	26	1	-1501.996	0.0003274068	4.378432	-0.001998919	-0.000306246	-0.0008089869	0	0	0	
0.7	24	19	49	26	1	-1501.995	0.0003194628	4.394116	-0.00238717	-4.449213e-05	-0.0008221035	0	0	0	
0.728	24	19	49	26	1	-1501.995	0.0003162208	4.413743	-0.002480127	0.0001659922	-0.0008350161	0	0	0	
0.748	24	19	49	26	1	-1501.995	0.0003158928	4.428629	-0.00213414	3.857369e-05	-0.0008462506	0	0	0	
0.776	24	19	49	26	1	-1501.994	0.0003049013	4.450667	-0.0007397175	3.420197e-05	-0.0008684715	0	0	0	
0.796	24	19	49	26	1	-1501.994	0.0002898321	4.467254	0.0006817949	0.0001211731	-0.0008876164	0	0	0	
0.82	24	19	49	27	1	-1501.993	0.0002735293	4.488076	0.002173283	0.0002285588	-0.0009105487	0	0	0	
0.848	24	19	49	27	1	-1501.993	0.0002640896	4.513615	0.002958854	0.0007232134	-0.0009250351	0	0	0	
0.884	24	19	49	27	1	-1501.992	0.0002727903	4.544426	0.001932015	0.0005321971	-0.0009308269	0	0	0	
0.916	24	19	49	27	1	-1501.992	0.0002883235	4.581124	2.047215e-05	-0.001194905	-0.0009285062	0	0	0	
0.944	24	19	49	27	1	-1501.991	0.0003062103	4.611128	-0.001863473	-0.001289954	-0.000926046	0	0	0	
0.968	24	19	49	27	1	-1501.991	0.0003224265	4.637848	-0.003070469	0.0002029791	-0.0009313525	0	0	0	
0.996	24	19	49	27	1	-1501.99	0.0003478978	4.665484	-0.00399298	0.001470667	-0.0009433939	0	0	0	
1.012	24	19	49	27	1	-1501.99	0.000371153	4.684409	-0.004209377	0.002271787	-0.0009534636	0	0	0	
1.032	24	19	49	27	1	-1501.989	0.0004181463	4.713538	-0.004229121	0.003129058	-0.0009668817	0	0	0	
1.06	24	19	49	27	1	-1501.989	0.0004722526	4.743547	-0.003340474	0.002391313	-0.0009730865	0	0	0	
1.092	24	19	49	27	1	-1501.988	0.0005456463	4.790187	-0.000921162	0.0004064059	-0.0009651941	0	0	0	
1.116	24	19	49	27	1	-1501.988	0.000589567	4.822346	0.001369946	-0.0002628751	-0.0009532719	0	0	0	
1.148	24	19	49	27	1	-1501.987	0.000646978	4.866528	0.003921418	0.0003927019	-0.000932838	0	0	0	
1.172	24	19	49	27	1	-1501.986	0.00070423	4.900628	0.004398494	0.0009895255	-0.0009178481	0	0	0	
1.196	24	19	49	27	1	-1501.986	0.0007617781	4.929666	0.003468439	0.0008477403	-0.0009057169	0	0	0	
1.224	24	19	49	27	1	-1501.985	0.0008643487	4.97728	0.001185143	-1.029276e-05	-0.0009052343	0	0	0	
1.244	24	19	49	27	1	-1501.984	0.0009292564	5.007751	-0.0007279673	0.0003766962	-0.0009074782	0	0	0	
1.268	24	19	49	27	1	-1501.984	0.001003944	5.045027	-0.002738397	0.001044537	-0.0009049301	0	0	0	
1.296	24	19	49	27	1	-1501.983	0.001083576	5.089483	-0.004038032	0.0009456714	-0.0009042224	0	0	0	
1.328	24	19	49	27	1	-1501.982	0.001158874	5.141542	-0.00351704	-0.0005839194	-0.0008965407	0	0	0	
1.36	24	19	49	28	1	-1501.981	0.001243506	5.194913	-0.00194647	-0.0008232795	-0.0008801532	0	0	0	
1.396	24	19	49	28	1	-1501.98	0.001369787	5.256499	-0.0003337001	0.0008472225	-0.0008581248	0	0	0	
1.424	24	19	49	28	1	-1501.979	0.001469175	5.305504	0.001045018	0.001291385	-0.0008291317	0	0	0	
1.444	24	19	49	28	1	-1501.979	0.001543103	5.341089	0.001769653	0.0006003185	-0.0008045671	0	0	0	
1.48	24	19	49	28	1	-1501.978	0.001666986	5.399011	0.002121687	-0.001466628	-0.0007570034	0	0	0	
1.5	24	19	49	28	1	-1501.977	0.001764642	5.443238	0.00176248	-0.001799254	-0.0007308531	0	0	0	
1.524	24	19	49	28	1	-1501.977	0.001838546	5.4806	0.001302569	-0.001857961	-0.0007020835	0	0	0	
1.544	24	19	49	28	1	-1501.976	0.00192134	5.526032	0.0008862178	-0.001892364	-0.0006773087	0	0	0	
1.568	24	19	49	28	1	-1501.975	0.001997301	5.572109	0.0004311186	-0.001970443	-0.0006435319	0	0	0	
1.592	24	19	49	28	1	-1501.975	0.002057284	5.610988	2.736654e-05	-0.001708367	-0.0006052542	0	0	0	
1.612	24	19	49	28	1	-1501.974	0.00212546	5.658215	-0.000181035	-0.001856196	-0.0005757245	0	0	0	
1.632	24	19	49	28	1	-1501.974	0.002176178	5.69804	-0.0001666639	-0.002170874	-0.0005490543	0	0	0	
1.66	24	19	49	28	1	-1501.973	0.002230361	5.746385	0.0001517284	-0.001775328	-0.0005097937	0	0	0	
1.68	24	19	49	28	1	-1501.972	0.002288915	5.795325	0.0002390284	-0.0004176971	-0.0004817282	0	0	0	
1.708	24	19	49	28	1	-1501.971	0.002366244	5.853164	4.220775e-06	0.001522488	-0.0004371976	0	0	0	
1.732	24	19	49	28	1	-1501.971	0.002423747	5.894959	-0.0002564085	0.001669947	-0.0004056901	0	0	0	
1.744	24	19	49	28	1	-1501.97	0.00247171	5.928681	-0.0004250479	0.00121914	-0.0003840835	0	0	0	
1.772	24	19	49	28	1	-1501.97	0.00256188	5.988293	-0.0009085653	-0.0003423379	-0.000328711	0	0	0	
1.796	24	19	49	28	1	-1501.969	0.002644816	6.039985	-0.00129971	-0.001217917	-0.0002901123	0	0	0	
1.82	24	19	49	28	1	-1501.968	0.002725079	6.092215	-0.001315761	-0.0006442728	-0.0002658857	0	0	0	
1.844	24	19	49	29	1	-1501.967	0.002804384	6.144975	-0.001008438	0.000816815	-0.0002585769	0	0	0	
1.872	24	19	49	29	1	-1501.967	0.002882559	6.198256	-0.0003781864	0.001419837	-0.000257524	0	0	0	
1.9	24	19	49	29	1	-1501.966	0.002993127	6.261065	-0.0003218456	3.901811e-05	-0.0002504249	0	0	0	
1.916	24	19	49	29	1	-1501.965	0.00308244	6.306348	-0.0004993125	-0.0008724065	-0.0002459256	0	0	0	
1.936	24	19	49	29	1	-1501.965	0.003179674	6.351974	-0.0008856376	-0.001552854	-0.0002414449	0	0	0	
1.96	24	19	49	29	1	-1501.964	0.003281505	6.397939	-0.001342607	-0.00177697	-0.0002351781	0	0	0	
1.976	24	19	49	29	1	-1501.963	0.003380151	6.444237	-0.001392986	-0.001732436	-0.0002322913	0	0	0	
1.996	24	19	49	29	1	-1501.963	0.003474453	6.490866	-0.001133592	-0.001249691	-0.0002346063	0	0	0	
2.016	24	19	49	29	1	-1501.962	0.003560822	6.53782	-0.0004290341	-0.0005331547	-0.0002392183	0	0	0	
2.044	24	19	49	29	1	-1501.961	0.003660489	6.594588	0.0008019899	-0.0003785245	-0.0002459529	0	0	0	
2.06	24	19	49	29	1	-1501.961	0.00372642	6.632685	0.00146699	-0.000598622	-0.0002480935	0	0	0	
2.084	24	19	49	29	1	-1501.96	0.003838419	6.699831	0.002281992	-0.0007452436	-0.0002473776	0	0	0	
2.116	24	19	49	29	1	-1501.959	0.003959637	6.777294	0.002842106	-0.0008621691	-0.0002462111	0	0	0	
2.156	24	19	49	29	1	-1501.958	0.004122209	6.875181	0.001651752	-0.001509662	-0.0002333665	0	0	0	
2.188	24	19	49	29	1	-1501.957	0.004239453	6.954308	0.0006049406	-0.002069658	-0.0002244262	0	0	0	
2.22	24	19	49	29	1	-1501.955	0.004344427	7.034141	-0.0003603727	-0.001208298	-0.0002227367	0	0	0	
2.252	24	19	49	29	1	-1501.955	0.004436725	7.104558	-0.001213847	-9.811661e-05	-0.0002212427	0	0	0	
2.276	24	19	49	29	1	-1501.954	0.004522226	7.165325	-0.001763196	-0.0004550165	-0.0002202055	0	0	0	
2.304	24	19	49	29	1	-1501.953	0.004614793	7.23669	-0.001617218	-0.002259059	-0.0002209957	0	0	0	
2.324	24	19	49	29	1	-1501.952	0.004685927	7.29825	-0.001010112	-0.003467163	-0.0002198454	0	0	0	
2.352	24	19	49	30	1	-1501.951	0.004751908	7.360163	0.0002974684	-0.003748187	-0.0002144003	0	0	0	
2.376	24	19	49	30	1	-1501.951	0.004818095	7.432831	0.001683741	-0.002890103	-0.0002054608	0	0	0	
2.408	24	19	49	30	1	-1501.95	0.004882593	7.51644	0.003322954	-0.001678751	-0.0001885786	0	0	0	
2.436	24	19	49	30	1	-1501.949	0.004944679	7.590075	0.003619254	-0.0008977282	-0.0001835199	0	0	0	
2.476	24	19	49	30	1	-1501.948	0.005039867	7.685382	0.001752289	-0.0001028782	-0.0001899934	0	0	0	
2.496	24	19	49	30	1	-1501.947	0.005112866	7.749307	0.0001177618	-0.0005142494	-0.0001935168	0	0	0	
2.516	24	19	49	30	1	-1501.946	0.005166687	7.80281	-0.001287018	-0.0009784344	-0.0001973483	0	0	0	
2.536	24	19	49	30	1	-1501.946	0.005215197	7.85652	-0.002317309	-0.0008406186	-0.0002008476	0	0	0	
2.56	24	19	49	30	1	-1501.945	0.005272458	7.921238	-0.003063965	0.0001744129	-0.0002066325	0	0	0	
2.584	24	19	49	30	1	-1501.944	0.005337471	7.986237	-0.003433288	0.001383342	-0.0002103727	0	0	0	
2.596	24	19	49	30	1	-1501.944	0.005371546	8.018838	-0.00337649	0.00192627	-0.0002120857	0	0	0	
2.636	24	19	49	30	1	-1501.943	0.005483872	8.11704	-0.002431142	0.001005557	-0.0002287977	0	0	0	
2.664	24	19	49	30	1	-1501.942	0.005576219	8.204821	-0.0006352174	-0.001432156	-0.0002475174	0	0	0	
2.692	24	19	49	30	1	-1501.941	0.005656424	8.282	0.001358616	-0.003448461	-0.0002633217	0	0	0	
2.716	24	19	49	30	1	-1501.94	0.005739077	8.348421	0.002334094	-0.002894818	-0.0002680546	0	0	0	
2.748	24	19	49	30	1	-1501.939	0.005878862	8.437348	0.001913089	0.0001095062	-0.0002664918	0	0	0	
2.78	24	19	49	30	1	-1501.938	0.006037626	8.526681	0.0001966918	0.002029969	-0.0002716006	0	0	0	
2.808	24	19	49	30	1	-1501.937	0.006161329	8.593933	-0.001561071	0.001442203	-0.0002811545	0	0	0	
2.824	24	19	49	30	1	-1501.936	0.006264306	8.650139	-0.002375617	0.0003812961	-0.0002821134	0	0	0	
2.84	24	19	49	30	1	-1501.936	0.006345555	8.695209	-0.002941018	-0.0002472706	-0.000281027	0	0	0	
2.864	24	19	49	31	1	-1501.935	0.00644397	8.751675	-0.003144957	-0.00044099	-0.0002742185	0	0	0	
2.884	24	19	49	31	1	-1501.934	0.006565376	8.819616	-0.002925108	-0.0005645739	-0.0002675499	0	0	0	
2.904	24	19	49	31	1	-1501.934	0.006667362	8.87638	-0.00229603	-0.0004225069	-0.0002602581	0	0	0	
2.928	24	19	49	31	1	-1501.933	0.006765517	8.933273	-0.0009194428	-0.0005706406	-0.0002455172	0	0	0	
2.94	24	19	49	31	1	-1501.932	0.006839848	8.97888	0.0002452416	-0.001331654	-0.0002347203	0	0	0	
2.964	24	19	49	31	1	-1501.932	0.006934099	9.035999	0.001620631	-0.002726764	-0.000220311	0	0	0	
2.984	24	19	49	31	1	-1501.931	0.007050838	9.104701	0.002674949	-0.003901279	-0.0002045243	0	0	0	
3.012	24	19	49	31	1	-1501.93	0.007194969	9.185068	0.00326937	-0.003787189	-0.000182719	0	0	0	
3.032	24	19	49	31	1	-1501.929	0.007292574	9.242607	0.003347506	-0.003045825	-0.0001655754	0	0	0	
3.052	24	19	49	31	1	-1501.929	0.007377039	9.300252	0.00341885	-0.002498321	-0.0001457206	0	0	0	
3.076	24	19	49	31	1	-1501.928	0.007468571	9.36956	0.003227867	-0.002336745	-0.0001227622	0	0	0	
3.104	24	19	49	31	1	-1501.927	0.007576516	9.450597	0.002180415	-0.002764834	-0.0001064094	0	0	0	
3.124	24	19	49	31	1	-1501.926	0.007652681	9.508595	0.001090323	-0.003139048	-9.971824e-05	0	0	0	
3.152	24	19	49	31	1	-1501.925	0.007757626	9.589946	-0.0005763889	-0.002921512	-9.650482e-05	0	0	0	
3.172	24	19	49	31	1	-1501.925	0.007831817	9.64816	-0.001657823	-0.00178581	-9.510926e-05	0	0	0	
3.192	24	19	49	31	1	-1501.924	0.007887181	9.694794	-0.002318613	-0.0001845392	-8.823913e-05	0	0	0	
3.208	24	19	49	31	1	-1501.924	0.007952063	9.75316	-0.002479481	0.0008359476	-7.631521e-05	0	0	0	
3.228	24	19	49	31	1	-1501.923	0.00799511	9.799911	-0.001962811	0.001081327	-5.333783e-05	0	0	0	
3.248	24	19	49	31	1	-1501.922	0.008048939	9.870127	-0.0008773494	-0.0001921228	-2.720281e-05	0	0	0	
3.268	24	19	49	31	1	-1501.922	0.008093383	9.928721	0.0003383953	-0.002201527	1.447554e-06	0	0	0	
3.292	24	19	49	32	1	-1501.921	0.008158392	9.999129	0.001341027	-0.003370963	3.397091e-05	0	0	0	
3.32	24	19	49	32	1	-1501.92	0.008251606	10.0814	0.00156449	-0.001665237	7.66172e-05	0	0	0	
3.344	24	19	49	32	1	-1501.919	0.008326946	10.14024	0.001094978	-0.0002634205	9.778626e-05	0	0	0	
3.364	24	19	49	32	1	-1501.919	0.008426978	10.21093	0.0002686127	0.0004892404	0.0001192696	0	0	0	
3.396	24	19	49	32	1	-1501.918	0.008559602	10.3053	-0.001020267	-0.001045439	0.0001563885	0	0	0	
3.42	24	19	49	32	1	-1501.917	0.008663332	10.37617	-0.001901421	-0.002801437	0.0001865881	0	0	0	
3.456	24	19	49	32	1	-1501.916	0.008821117	10.48261	-0.002530393	-0.001719527	0.0002245015	0	0	0	
3.48	24	19	49	32	1	-1501.915	0.008928465	10.55365	-0.002308378	0.001287952	0.0002461852	0	0	0	
3.5	24	19	49	32	1	-1501.914	0.009018119	10.6129	-0.001900955	0.002713934	0.0002560836	0	0	0	
3.52	24	19	49	32	1	-1501.914	0.00911747	10.67219	-0.001472395	0.003139005	0.0002684903	0	0	0	
3.548	24	19	49	32	1	-1501.913	0.009270577	10.75524	-0.001003823	0.0009981459	0.0002815648	0	0	0	
3.58	24	19	49	32	1	-1501.912	0.00942652	10.83836	-0.0002076047	-0.003571385	0.0002816995	0	0	0	
3.6	24	19	49	32	1	-1501.911	0.009552202	10.90966	0.0005974856	-0.005330469	0.0002816176	0	0	0	
3.624	24	19	49	32	1	-1501.91	0.009676478	10.98099	0.001484994	-0.005791762	0.0002784525	0	0	0	
3.648	24	19	49	32	1	-1501.91	0.009800075	11.05235	0.002211941	-0.004022922	0.0002766785	0	0	0	
3.672	24	19	49	32	1	-1501.909	0.009901716	11.11183	0.002414111	-0.00171033	0.0002756712	0	0	0	
3.696	24	19	49	32	1	-1501.908	0.01004162	11.19514	0.002335384	0.0004780377	0.0002784787	0	0	0	
3.72	24	19	49	32	1	-1501.907	0.01015269	11.26656	0.00210394	0.00199738	0.0002854274	0	0	0	
3.74	24	19	49	32	1	-1501.907	0.01023304	11.3261	0.002025463	0.002856248	0.0002931036	0	0	0	
3.764	24	19	49	32	1	-1501.906	0.01029657	11.38564	0.002358512	0.002401472	0.0003047749	0	0	0	
3.784	24	19	49	33	1	-1501.905	0.01034514	11.45709	0.003092088	0.0004605626	0.0003135456	0	0	0	
3.808	24	19	49	33	1	-1501.905	0.01037483	11.51665	0.003808551	-0.002151264	0.0003157663	0	0	0	
3.84	24	19	49	33	1	-1501.904	0.01041621	11.61193	0.003804182	-0.003237717	0.0003227123	0	0	0	
3.864	24	19	49	33	1	-1501.903	0.01045367	11.69529	0.002919739	-0.001780201	0.0003370429	0	0	0	
3.884	24	19	49	33	1	-1501.902	0.01047758	11.75483	0.001653068	-0.0006232613	0.0003517672	0	0	0	
3.904	24	19	49	33	1	-1501.901	0.01048831	11.81436	0.0009945662	-0.000358042	0.0003604924	0	0	0	
3.924	24	19	49	33	1	-1501.901	0.0104884	11.87388	0.0003821221	-0.000566231	0.0003721866	0	0	0	
3.944	24	19	49	33	1	-1501.9	0.01048554	11.93338	-0.000167197	-0.001259493	0.0003889824	0	0	0	
3.964	24	19	49	33	1	-1501.899	0.01048146	11.99286	-0.0006371884	-0.002356536	0.0004107787	0	0	0	
3.984	24	19	49	33	1	-1501.899	0.01046667	12.05232	-0.0006398317	-0.00330155	0.0004276001	0	0	0	
4.004	24	19	49	33	1	-1501.898	0.01045143	12.09987	-0.0003883207	-0.00324654	0.0004447352	0	0	0	
4.028	24	19	49	33	1	-1501.897	0.01042881	12.18304	-0.0001479158	-0.002263108	0.0004605882	0	0	0	
4.056	24	19	49	33	1	-1501.896	0.01040276	12.26615	0.0003373809	-0.0009441136	0.0004729073	0	0	0	
4.084	24	19	49	33	1	-1501.896	0.01037345	12.34921	0.0008761214	-0.0003170671	0.00048515	0	0	0	
4.104	24	19	49	33	1	-1501.895	0.01035118	12.4085	0.001192188	-0.0006301598	0.0004911633	0	0	0	
4.132	24	19	49	33	1	-1501.894	0.0103063	12.4796	0.002130474	-0.001787732	0.0005045165	0	0	0	
4.148	24	19	49	33	1	-1501.894	0.01026406	12.53881	0.002562145	-0.002377393	0.000512747	0	0	0	
4.176	24	19	49	33	1	-1501.893	0.01020464	12.60981	0.003144902	-0.002388629	0.0005277082	0	0	0	
4.204	24	19	49	33	1	-1501.892	0.0101225	12.70439	0.003030515	-0.0009053029	0.0005506182	0	0	0	
4.224	24	19	49	33	1	-1501.891	0.01007133	12.75164	0.002927137	0.0003434444	0.0005719245	0	0	0	
4.252	24	19	49	34	1	-1501.89	0.009967639	12.84605	0.002152186	0.001481035	0.0005955372	0	0	0	
4.284	24	19	49	34	1	-1501.889	0.009884536	12.94035	-3.610257e-05	0.0001961023	0.000609044	0	0	0	
4.312	24	19	49	34	1	-1501.888	0.009818474	13.02276	-0.002167773	-0.001467401	0.0006169193	0	0	0	
4.34	24	19	49	34	1	-1501.887	0.009757976	13.10507	-0.003893753	-0.002975248	0.0006305431	0	0	0	
4.376	24	19	49	34	1	-1501.886	0.009683859	13.21074	-0.004666188	-0.001599127	0.0006450697	0	0	0	
4.416	24	19	49	34	1	-1501.885	0.009618447	13.32793	-0.003724132	0.0001424203	0.0006648044	0	0	0	
4.452	24	19	49	34	1	-1501.884	0.009572157	13.4332	-0.001576017	-0.001554454	0.0006836503	0	0	0	
4.484	24	19	49	34	1	-1501.883	0.009562882	13.51493	-0.0001300786	-0.003242269	0.0007033284	0	0	0	
4.5	24	19	49	34	1	-1501.882	0.009567448	13.57323	0.0003853123	-0.00289749	0.0007176229	0	0	0	
4.516	24	19	49	34	1	-1501.882	0.00956951	13.61982	0.0009306787	-0.002022616	0.0007319444	0	0	0	
4.536	24	19	49	34	1	-1501.881	0.009573625	13.67799	0.001456991	-0.001053264	0.0007461978	0	0	0	
4.56	24	19	49	34	1	-1501.88	0.009580142	13.73609	0.001757208	-0.0007056266	0.0007547252	0	0	0	
4.58	24	19	49	34	1	-1501.88	0.009589179	13.80571	0.001713874	-0.0008143923	0.0007566531	0	0	0	
4.608	24	19	49	34	1	-1501.879	0.009599595	13.88679	0.001327894	-0.0007251398	0.0007514781	0	0	0	
4.62	24	19	49	34	1	-1501.878	0.009601853	13.9215	0.001135312	-0.000346464	0.0007513544	0	0	0	
4.64	24	19	49	34	1	-1501.878	0.009602115	13.96773	0.0008513979	0.0006123227	0.000753735	0	0	0	
4.66	24	19	49	34	1	-1501.877	0.009591131	14.03697	0.0008133618	0.001444747	0.0007544269	0	0	0	
4.688	24	19	49	34	1	-1501.876	0.009570981	14.1176	0.0007938426	0.001258948	0.0007509961	0	0	0	
4.708	24	19	49	34	1	-1501.876	0.009562939	14.1751	0.0004516588	-0.0006525206	0.0007418524	0	0	0	
4.736	24	19	49	34	1	-1501.875	0.009547975	14.24398	0.0001555001	-0.00353137	0.0007174594	0	0	0	
4.756	24	19	49	35	1	-1501.874	0.009527176	14.31273	7.415205e-05	-0.003380646	0.0006947065	0	0	0	
4.78	24	19	49	35	1	-1501.873	0.009511875	14.36993	-0.000105452	-0.001769004	0.0006660027	0	0	0	
4.804	24	19	49	35	1	-1501.872	0.009496391	14.44987	-0.0004204579	-0.001094605	0.0006387895	0	0	0	
4.832	24	19	49	35	1	-1501.872	0.00948549	14.51825	-0.0006843941	-0.001326824	0.0006140483	0	0	0	
4.852	24	19	49	35	1	-1501.871	0.00945742	14.58649	-0.0002319738	-0.002107139	0.0006024648	0	0	0	
4.884	24	19	49	35	1	-1501.87	0.009385973	14.67727	0.001612063	-0.003143389	0.0005844323	0	0	0	
4.908	24	19	49	35	1	-1501.869	0.009314984	14.74519	0.003298724	-0.002782308	0.000570541	0	0	0	
4.944	24	19	49	35	1	-1501.868	0.009208081	14.83552	0.005104623	-0.0002581082	0.0005611256	0	0	0	
4.98	24	19	49	35	1	-1501.867	0.009065828	14.94809	0.005087741	0.0005153356	0.0005383929	0	0	0	
5.012	24	19	49	35	1	-1501.866	0.008916457	15.03784	0.004489351	-0.001998774	0.0004972586	0	0	0	
5.044	24	19	49	35	1	-1501.865	0.008744324	15.12733	0.003210002	-0.004208972	0.000472919	0	0	0	
5.072	24	19	49	35	1	-1501.864	0.008559712	15.20541	0.002378864	-0.004438985	0.0004688949	0	0	0	
5.096	24	19	49	35	1	-1501.863	0.008412632	15.26106	0.001837442	-0.003888123	0.0004682653	0	0	0	
5.12	24	19	49	35	1	-1501.862	0.008198373	15.33877	0.001237253	-0.002252652	0.0004691708	0	0	0	
5.14	24	19	49	35	1	-1501.862	0.00804127	15.39414	0.0006897628	-0.0002731194	0.0004634317	0	0	0	
5.164	24	19	49	35	1	-1501.861	0.007841488	15.46044	0.0003294605	0.001345878	0.0004506459	0	0	0	
5.188	24	19	49	35	1	-1501.86	0.007624259	15.52658	0.0005307095	0.0005525353	0.0004294979	0	0	0	
5.212	24	19	49	35	1	-1501.86	0.007433999	15.58157	0.001041219	-0.002316329	0.0003987572	0	0	0	
5.232	24	19	49	35	1	-1501.859	0.007204321	15.6474	0.001383706	-0.005264578	0.000374604	0	0	0	
5.26	24	19	49	35	1	-1501.858	0.006929898	15.724	0.001795398	-0.007614669	0.0003478835	0	0	0	
5.284	24	19	49	36	1	-1501.858	0.006701427	15.78947	0.0015874	-0.006668954	0.0003292043	0	0	0	
5.304	24	19	49	36	1	-1501.857	0.006558367	15.83302	0.0007434382	-0.00417228	0.0003103628	0	0	0	
5.328	24	19	49	36	1	-1501.856	0.006357514	15.8982	-0.0007177687	-0.0006703171	0.0002875453	0	0	0	
5.356	24	19	49	36	1	-1501.856	0.0061028	15.97403	-0.00147076	0.0025155	0.0002681698	0	0	0	
5.384	24	19	49	36	1	-1501.855	0.005807277	16.06039	-0.001768233	0.002608571	0.0002580179	0	0	0	
5.416	24	19	49	36	1	-1501.854	0.005556836	16.1357	-0.001837769	-0.001128157	0.0002704194	0	0	0	
5.432	24	19	49	36	1	-1501.854	0.005381897	16.18934	-0.001714408	-0.002796765	0.0002794583	0	0	0	
5.452	24	19	49	36	1	-1501.853	0.005207128	16.24286	-0.001346725	-0.00378499	0.0002918674	0	0	0	
5.48	24	19	49	36	1	-1501.852	0.00495553	16.31757	-0.0002794104	-0.003173138	0.0003075537	0	0	0	
5.516	24	19	49	36	1	-1501.851	0.004622168	16.41325	0.001543036	-0.001761638	0.0003276823	0	0	0	
5.548	24	19	49	36	1	-1501.85	0.004362951	16.48738	0.002674013	-0.0006089359	0.0003515027	0	0	0	
5.568	24	19	49	36	1	-1501.85	0.00414289	16.55071	0.00293294	8.925948e-05	0.0003791872	0	0	0	
5.58	24	19	49	36	1	-1501.849	0.004033464	16.5823	0.002886445	0.0004757581	0.0003961215	0	0	0	
5.608	24	19	49	36	1	-1501.849	0.003779811	16.65584	0.002231875	0.0008089137	0.0004245175	0	0	0	
5.628	24	19	49	36	1	-1501.848	0.00363296	16.69774	0.001540433	0.0006248894	0.0004402228	0	0	0	
5.664	24	19	49	36	1	-1501.847	0.00323687	16.80212	0.0007775114	-0.001225364	0.000473006	0	0	0	
5.684	24	19	49	36	1	-1501.846	0.00304142	16.8541	9.754523e-05	-0.001747217	0.0005032941	0	0	0	
5.712	24	19	49	36	1	-1501.846	0.002781624	16.92666	-0.001288632	-0.001845801	0.0005539683	0	0	0	
5.732	24	19	49	36	1	-1501.845	0.002601054	16.97832	-0.002245167	-0.002069123	0.0005919965	0	0	0	
5.768	24	19	49	36	1	-1501.844	0.002280625	17.07095	-0.00327199	-0.002874244	0.000646111	0	0	0	
5.796	24	19	49	37	1	-1501.843	0.002029934	17.14268	-0.003045786	-0.002523882	0.0006652981	0	0	0	
5.82	24	19	49	37	1	-1501.843	0.001814237	17.20394	-0.002168759	-0.001341243	0.0006758162	0	0	0	
5.848	24	19	49	37	1	-1501.842	0.001583274	17.27515	-0.001309272	0.0003429619	0.0006873913	0	0	0	
5.876	24	19	49	37	1	-1501.841	0.001383167	17.34607	-0.001125047	0.0007214258	0.0007127717	0	0	0	
5.9	24	19	49	37	1	-1501.84	0.001221503	17.40665	-0.001046233	-0.001035524	0.0007339398	0	0	0	
5.924	24	19	49	37	1	-1501.84	0.001060444	17.46702	-0.0007642489	-0.003289472	0.0007525041	0	0	0	
5.952	24	19	49	37	1	-1501.839	0.0008736021	17.53719	-0.0002633207	-0.004171074	0.0007576581	0	0	0	
5.976	24	19	49	37	1	-1501.838	0.0007221153	17.59711	2.183299e-05	-0.004035678	0.0007616826	0	0	0	
6.004	24	19	49	37	1	-1501.838	0.0005345588	17.66676	0.0006216071	-0.003300513	0.0007778747	0	0	0	
6.028	24	19	49	37	1	-1501.837	0.000365216	17.72622	0.001395059	-0.00211687	0.0007996604	0	0	0	
6.052	24	19	49	37	1	-1501.836	0.0001876033	17.78548	0.002214186	-0.001409378	0.0008225655	0	0	0	
6.072	24	19	49	37	1	-1501.836	4.486975e-05	17.83469	0.002417396	-0.001282246	0.0008482179	0	0	0	
6.092	24	19	49	37	1	-1501.835	-6.614733e-05	17.87396	0.002170892	-0.001606096	0.0008628428	0	0	0	
6.108	24	19	49	37	1	-1501.835	-0.0002004501	17.9229	0.001671949	-0.002381263	0.0008751126	0	0	0	
6.136	24	19	49	37	1	-1501.834	-0.0003660022	17.98144	0.0007216262	-0.004134348	0.0008986469	0	0	0	
6.156	24	19	49	37	1	-1501.834	-0.0005359932	18.03977	4.16205e-05	-0.005243504	0.0009214354	0	0	0	
6.188	24	19	49	37	1	-1501.833	-0.0007484256	18.1172	-0.001454437	-0.004819144	0.0009436372	0	0	0	
6.216	24	19	49	37	1	-1501.832	-0.0009218553	18.18465	-0.00277272	-0.002461918	0.0009439483	0	0	0	
6.236	24	19	49	37	1	-1501.832	-0.001032053	18.23264	-0.003748163	-0.00109824	0.0009384357	0	0	0	
6.248	24	19	49	37	1	-1501.832	-0.001097367	18.26137	-0.004125095	-0.0004495684	0.0009349438	0	0	0	
6.272	24	19	49	38	1	-1501.831	-0.001232859	18.31865	-0.004102629	8.656182e-05	0.000933349	0	0	0	
6.292	24	19	49	38	1	-1501.831	-0.001350001	18.36621	-0.003329187	-0.0001711735	0.0009391905	0	0	0	
6.308	24	19	49	38	1	-1501.83	-0.001442291	18.40415	-0.002426746	-0.0008101003	0.000948113	0	0	0	
6.332	24	19	49	38	1	-1501.83	-0.001567142	18.46087	-0.001160317	-0.002692687	0.000964167	0	0	0	
6.36	24	19	49	38	1	-1501.829	-0.001704588	18.52677	0.0003273851	-0.004913024	0.0009764601	0	0	0	
6.384	24	19	49	38	1	-1501.829	-0.001799259	18.57366	0.00142332	-0.004887781	0.0009844728	0	0	0	
6.404	24	19	49	38	1	-1501.828	-0.001908395	18.62972	0.002032917	-0.003349269	0.0009935671	0	0	0	
6.432	24	19	49	38	1	-1501.828	-0.002016947	18.68556	0.002405071	-0.0008679394	0.001009642	0	0	0	
6.452	24	19	49	38	1	-1501.827	-0.002096301	18.73193	0.001908857	-0.0001827015	0.001020693	0	0	0	
6.472	24	19	49	38	1	-1501.827	-0.002194066	18.78737	0.001346373	-0.001371635	0.001028167	0	0	0	
6.496	24	19	49	38	1	-1501.826	-0.002307733	18.84258	0.0009606175	-0.004670353	0.001033286	0	0	0	
6.528	24	19	49	38	1	-1501.826	-0.002485112	18.91586	0.001081372	-0.00746644	0.001033771	0	0	0	
6.56	24	19	49	38	1	-1501.825	-0.002650936	18.97965	0.001295357	-0.005636046	0.001029797	0	0	0	
6.58	24	19	49	38	1	-1501.825	-0.002786519	19.03408	0.001021999	-0.002720581	0.001030017	0	0	0	
6.608	24	19	49	38	1	-1501.824	-0.002922519	19.08829	0.0005433086	0.001073825	0.001029911	0	0	0	
6.644	24	19	49	38	1	-1501.824	-0.003140804	19.16918	0.0002879004	0.002110085	0.001024158	0	0	0	
6.668	24	19	49	38	1	-1501.823	-0.003328777	19.23174	0.0006099943	-0.0002115628	0.001013751	0	0	0	
6.688	24	19	49	38	1	-1501.823	-0.003464962	19.27623	0.0008381798	-0.002183897	0.001011512	0	0	0	
6.712	24	19	49	38	1	-1501.822	-0.003601333	19.32057	0.001004124	-0.003148278	0.001009199	0	0	0	
6.736	24	19	49	38	1	-1501.822	-0.003794028	19.38237	0.001043774	-0.00211635	0.001000234	0	0	0	
6.76	24	19	49	39	1	-1501.821	-0.003960792	19.4351	0.0009885164	-0.0005427994	0.0009923034	0	0	0	
6.784	24	19	49	39	1	-1501.821	-0.004096036	19.47886	0.0006190946	0.000573958	0.0009732767	0	0	0	
6.812	24	19	49	39	1	-1501.821	-0.004312813	19.54855	-2.436526e-05	-0.0001678462	0.0009338202	0	0	0	
6.84	24	19	49	39	1	-1501.82	-0.004497491	19.6092	-0.0006273089	-0.0007400628	0.0009071395	0	0	0	
6.864	24	19	49	39	1	-1501.82	-0.004624312	19.65232	-0.001328845	-0.001807801	0.0008870399	0	0	0	
6.884	24	19	49	39	1	-1501.819	-0.004760044	19.70386	-0.002201588	-0.002771027	0.0008721591	0	0	0	
6.904	24	19	49	39	1	-1501.819	-0.004860262	19.74663	-0.003160646	-0.002836535	0.0008591998	0	0	0	
6.928	24	19	49	39	1	-1501.819	-0.004960521	19.78924	-0.003728425	-0.001872994	0.0008380122	0	0	0	
6.96	24	19	49	39	1	-1501.818	-0.00514535	19.86554	-0.003245977	-0.001407158	0.0008106143	0	0	0	
6.988	24	19	49	39	1	-1501.817	-0.005303675	19.92452	-0.001414897	-0.001928086	0.0007913627	0	0	0	
7.012	24	19	49	39	1	-1501.817	-0.005439305	19.97483	0.000484057	-0.002881928	0.0007818608	0	0	0	
7.032	24	19	49	39	1	-1501.817	-0.005523927	20.00824	0.001768044	-0.002864	0.00078027	0	0	0	
7.048	24	19	49	39	1	-1501.816	-0.00562826	20.04986	0.002817434	-0.001949302	0.0007816989	0	0	0	
7.076	24	19	49	39	1	-1501.816	-0.005771535	20.10785	0.003484811	-0.0008496772	0.0007770647	0	0	0	
7.108	24	19	49	39	1	-1501.815	-0.005930374	20.17374	0.003260568	-0.0006417792	0.0007628276	0	0	0	
7.144	24	19	49	39	1	-1501.815	-0.006111682	20.24737	0.001873644	-0.0007557039	0.0007427201	0	0	0	
7.18	24	19	49	39	1	-1501.814	-0.006258812	20.31237	-0.0008383923	-0.000820063	0.0007336741	0	0	0	
7.204	24	19	49	39	1	-1501.814	-0.00636635	20.36891	-0.003119718	-0.001275137	0.0007287951	0	0	0	
7.224	24	19	49	39	1	-1501.813	-0.006425698	20.40108	-0.004626934	-0.002098593	0.0007304677	0	0	0	
7.252	24	19	49	39	1	-1501.813	-0.006553796	20.4651	-0.005386973	-0.003696205	0.0007421442	0	0	0	
7.276	24	19	49	40	1	-1501.812	-0.006664861	20.51284	-0.004445465	-0.003324906	0.0007416613	0	0	0	
7.308	24	19	49	40	1	-1501.812	-0.006802592	20.57614	-0.002272342	-0.0007615001	0.0007393746	0	0	0	
7.34	24	19	49	40	1	-1501.811	-0.006921427	20.63903	4.286071e-05	0.0006063235	0.0007527368	0	0	0	
7.36	24	19	49	40	1	-1501.811	-0.006990079	20.67812	0.001357379	0.0001956345	0.0007639379	0	0	0	
7.384	24	19	49	40	1	-1501.811	-0.007056158	20.72482	0.002151351	-0.001199817	0.0007750841	0	0	0	
7.404	24	19	49	40	1	-1501.81	-0.007100878	20.76356	0.002169247	-0.002160278	0.0007815468	0	0	0	
7.428	24	19	49	40	1	-1501.81	-0.007136492	20.80213	0.001395356	-0.002545222	0.0007895483	0	0	0	
7.452	24	19	49	40	1	-1501.809	-0.007161128	20.85587	-0.0003429613	-0.002463502	0.0008044031	0	0	0	
7.476	24	19	49	40	1	-1501.809	-0.007174333	20.90168	-0.002220575	-0.001429064	0.0008214644	0	0	0	
7.508	24	19	49	40	1	-1501.808	-0.007178148	20.96241	-0.004462584	-0.0001085826	0.0008457743	0	0	0	
7.536	24	19	49	40	1	-1501.808	-0.007184524	21.0152	-0.005121154	-0.001272881	0.0008775831	0	0	0	
7.556	24	19	49	40	1	-1501.808	-0.007184654	21.05272	-0.004938412	-0.003155221	0.0009020919	0	0	0	
7.58	24	19	49	40	1	-1501.807	-0.007184954	21.09008	-0.003851714	-0.004664138	0.0009218904	0	0	0	
7.596	24	19	49	40	1	-1501.807	-0.007187332	21.12729	-0.0026396	-0.005013054	0.0009317914	0	0	0	
7.628	24	19	49	40	1	-1501.807	-0.00719738	21.1791	0.0006011645	-0.00482371	0.0009503348	0	0	0	
7.664	24	19	49	40	1	-1501.806	-0.007210689	21.24526	0.003983019	-0.001961019	0.0009793132	0	0	0	
7.696	24	19	49	40	1	-1501.805	-0.007222935	21.31089	0.005669313	0.0003788132	0.001000068	0	0	0	
7.732	24	19	49	40	1	-1501.805	-0.007222344	21.37601	0.004947381	0.001594944	0.001021812	0	0	0	
7.76	24	19	49	40	1	-1501.805	-0.007209944	21.41914	0.002432231	0.001746471	0.001044952	0	0	0	
7.788	24	19	49	40	1	-1501.804	-0.007183952	21.47627	-0.0013931	0.0007012477	0.00107733	0	0	0	
7.816	24	19	49	41	1	-1501.804	-0.007165941	21.52593	-0.003872439	-0.0007383111	0.00110836	0	0	0	
7.84	24	19	49	41	1	-1501.803	-0.007157508	21.56824	-0.005396842	-0.00267835	0.001140799	0	0	0	
7.868	24	19	49	41	1	-1501.803	-0.00715184	21.61731	-0.005740111	-0.005227951	0.001177919	0	0	0	
7.9	24	19	49	41	1	-1501.802	-0.00716169	21.67302	-0.003801948	-0.006126898	0.00120792	0	0	0	
7.932	24	19	49	41	1	-1501.802	-0.007174442	21.72832	-0.0001174749	-0.001245631	0.001228114	0	0	0	
7.964	24	19	49	41	1	-1501.801	-0.007148714	21.78323	0.001705004	0.001932205	0.001241174	0	0	0	
7.976	24	19	49	41	1	-1501.801	-0.007125672	21.80371	0.001955253	0.002341406	0.001243019	0	0	0	
8	24	19	49	41	1	-1501.801	-0.007069178	21.84452	0.001825201	0.001242426	0.001239938	0	0	0	
8.024	24	19	49	41	1	-1501.801	-0.007010909	21.8851	0.001304129	-0.001480729	0.001228455	0	0	0	
8.064	24	19	49	41	1	-1501.8	-0.006935613	21.95222	0.000695128	-0.005232448	0.001205374	0	0	0	
8.1	24	19	49	41	1	-1501.8	-0.006867357	22.01211	-0.0001464164	-0.004321461	0.001192988	0	0	0	
8.136	24	19	49	41	1	-1501.799	-0.006814469	22.07148	-0.0004019753	-0.001096561	0.001178569	0	0	0	
8.164	24	19	49	41	1	-1501.799	-0.006769078	22.11731	-0.0006184648	-0.0007102927	0.00115672	0	0	0	
8.188	24	19	49	41	1	-1501.798	-0.006731974	22.15635	-0.0006103148	-0.00132388	0.001131801	0	0	0	
8.2	24	19	49	41	1	-1501.798	-0.006712175	22.17579	-0.0006012086	-0.002112113	0.001121238	0	0	0	
8.22	24	19	49	41	1	-1501.798	-0.006669918	22.20806	-0.0008348094	-0.003382817	0.0011014	0	0	0	
8.244	24	19	49	41	1	-1501.798	-0.006616303	22.24659	-0.001060802	-0.004230424	0.001073131	0	0	0	
8.264	24	19	49	41	1	-1501.797	-0.006579232	22.27852	-0.000830919	-0.003790281	0.001045361	0	0	0	
8.288	24	19	49	41	1	-1501.797	-0.006541827	22.31663	-0.0001676311	-0.002105418	0.001011042	0	0	0	
8.304	24	19	49	41	1	-1501.797	-0.006511764	22.34192	0.0001284292	-0.001373207	0.000985348	0	0	0	
8.324	24	19	49	42	1	-1501.797	-0.006468953	22.37339	0.0003057221	-0.001610591	0.0009546068	0	0	0	
8.352	24	19	49	42	1	-1501.796	-0.006401489	22.41719	0.0002371418	-0.003095428	0.0009161882	0	0	0	
8.372	24	19	49	42	1	-1501.796	-0.006352178	22.44829	0.0001174969	-0.003157082	0.000890186	0	0	0	
8.4	24	19	49	42	1	-1501.796	-0.006287557	22.49158	8.67247e-05	-0.002030862	0.0008635929	0	0	0	
8.424	24	19	49	42	1	-1501.796	-0.006241777	22.52231	7.064648e-05	-0.002084749	0.0008420673	0	0	0	
8.444	24	19	49	42	1	-1501.795	-0.006187989	22.559	8.441427e-05	-0.002757226	0.0008284989	0	0	0	
8.472	24	19	49	42	1	-1501.795	-0.006129702	22.60152	0.0002418142	-0.003465709	0.0008179486	0	0	0	
8.5	24	19	49	42	1	-1501.795	-0.006087127	22.64374	0.0008833974	-0.002109863	0.0008113614	0	0	0	
8.528	24	19	49	42	1	-1501.794	-0.006068568	22.68567	0.002129101	0.00051138	0.0008077675	0	0	0	
8.552	24	19	49	42	1	-1501.794	-0.006058034	22.72137	0.002974073	0.002018743	0.0008056466	0	0	0	
8.58	24	19	49	42	1	-1501.794	-0.00603879	22.76276	0.003028377	0.001714021	0.0008009699	0	0	0	
8.604	24	19	49	42	1	-1501.794	-0.006010167	22.79799	0.00205623	-0.0001737245	0.0007869609	0	0	0	
8.624	24	19	49	42	1	-1501.794	-0.005980826	22.82719	0.0007580493	-0.002022731	0.0007741801	0	0	0	
8.644	24	19	49	42	1	-1501.793	-0.005947286	22.85624	-0.0007784787	-0.003368003	0.000760817	0	0	0	
8.664	24	19	49	42	1	-1501.793	-0.005909285	22.88514	-0.002362543	-0.003661661	0.0007469271	0	0	0	
8.688	24	19	49	42	1	-1501.793	-0.005861841	22.91962	-0.003899897	-0.003038003	0.0007282591	0	0	0	
8.716	24	19	49	42	1	-1501.793	-0.005812283	22.95957	-0.004558728	-0.001889657	0.0007121961	0	0	0	
8.74	24	19	49	42	1	-1501.792	-0.005781929	22.99358	-0.003559768	-0.001267267	0.0007095819	0	0	0	
8.768	24	19	49	42	1	-1501.792	-0.005751874	23.03299	-0.001517986	-0.001671712	0.0007189528	0	0	0	
8.804	24	19	49	42	1	-1501.792	-0.005708468	23.07768	0.0009732114	-0.003719928	0.0007379825	0	0	0	
8.824	24	19	49	43	1	-1501.792	-0.005674207	23.11095	0.002619328	-0.004348917	0.0007601925	0	0	0	
8.844	24	19	49	43	1	-1501.791	-0.005645438	23.13851	0.00348188	-0.004267765	0.0007790074	0	0	0	
8.876	24	19	49	43	1	-1501.791	-0.00561449	23.18231	0.00477632	-0.003908198	0.0008146773	0	0	0	
8.896	24	19	49	43	1	-1501.791	-0.005596499	23.20949	0.004791969	-0.004454352	0.0008330851	0	0	0	
8.916	24	19	49	43	1	-1501.791	-0.005577534	23.23652	0.004263602	-0.004397627	0.000843841	0	0	0	
8.94	24	19	49	43	1	-1501.791	-0.005545362	23.26878	0.002523064	-0.002695241	0.0008625762	0	0	0	
8.972	24	19	49	43	1	-1501.79	-0.005496278	23.30614	-0.0008932444	0.001401446	0.000890234	0	0	0	
8.996	24	19	49	43	1	-1501.79	-0.005457825	23.33795	-0.003143897	0.002619541	0.0009121846	0	0	0	
9.024	24	19	49	43	1	-1501.79	-0.005427065	23.37479	-0.00454526	0.001739068	0.0009468808	0	0	0	
9.048	24	19	49	43	1	-1501.79	-0.005400199	23.41135	-0.004761378	0.0001473321	0.0009842436	0	0	0	
9.084	24	19	49	43	1	-1501.79	-0.005375601	23.45795	-0.003114852	-0.002657243	0.00102971	0	0	0	
9.124	24	19	49	43	1	-1501.789	-0.00532874	23.5041	-0.0009039159	-0.004645768	0.001054801	0	0	0	
9.16	24	19	49	43	1	-1501.789	-0.005269502	23.55484	0.001723659	-0.00300242	0.001074474	0	0	0	
9.184	24	19	49	43	1	-1501.789	-0.005236584	23.58502	0.003060246	-0.0008419744	0.001091186	0	0	0	
9.208	24	19	49	43	1	-1501.789	-0.005211115	23.615	0.004081905	0.0005730587	0.001111055	0	0	0	
9.22	24	19	49	43	1	-1501.789	-0.005200116	23.62991	0.004375359	0.0006598389	0.001118708	0	0	0	
9.236	24	19	49	43	1	-1501.788	-0.005187857	23.64972	0.004527911	9.849872e-05	0.001127153	0	0	0	
9.26	24	19	49	43	1	-1501.788	-0.005174029	23.67926	0.004209611	-0.0005099258	0.001137376	0	0	0	
9.284	24	19	49	43	1	-1501.788	-0.005167719	23.70861	0.003365912	-0.0004562489	0.001145439	0	0	0	
9.312	24	19	49	43	1	-1501.788	-0.005162499	23.74261	0.00167959	-0.001104296	0.001157456	0	0	0	
9.328	24	19	49	44	1	-1501.788	-0.005154832	23.76191	0.0003316118	-0.001651471	0.00116661	0	0	0	
9.36	24	19	49	44	1	-1501.788	-0.005142301	23.80026	-0.00223834	-0.001932344	0.001174402	0	0	0	
9.376	24	19	49	44	1	-1501.787	-0.005138937	23.81931	-0.003192408	-0.001147281	0.001172294	0	0	0	
9.4	24	19	49	44	1	-1501.787	-0.005134516	23.84772	-0.0040807	0.0004307033	0.001163908	0	0	0	
9.424	24	19	49	44	1	-1501.787	-0.005116748	23.87594	-0.004660724	0.0007523254	0.001153066	0	0	0	
9.464	24	19	49	44	1	-1501.787	-0.005077249	23.92252	-0.004005825	-0.001352888	0.001137027	0	0	0	
9.5	24	19	49	44	1	-1501.786	-0.005051272	23.96399	-0.001330015	-0.003296899	0.001113503	0	0	0	
9.536	24	19	49	44	1	-1501.786	-0.005010075	24.00049	0.001208732	-0.004282304	0.001083224	0	0	0	
9.572	24	19	49	44	1	-1501.786	-0.004965512	24.04562	0.003511125	-0.00380541	0.001064903	0	0	0	
9.596	24	19	49	44	1	-1501.786	-0.004959156	24.06799	0.004975958	-0.002881611	0.001056233	0	0	0	
9.612	24	19	49	44	1	-1501.786	-0.004959387	24.09023	0.005574191	-0.002494784	0.001044111	0	0	0	
9.64	24	19	49	44	1	-1501.785	-0.004952512	24.12114	0.005278344	-0.002583255	0.001024644	0	0	0	
9.652	24	19	49	44	1	-1501.785	-0.004951718	24.1343	0.004800686	-0.002922002	0.001017197	0	0	0	
9.688	24	19	49	44	1	-1501.785	-0.004962946	24.17352	0.002601526	-0.003583121	0.0009958634	0	0	0	
9.712	24	19	49	44	1	-1501.785	-0.005001228	24.19943	0.001515945	-0.002930868	0.0009746797	0	0	0	
9.752	24	19	49	44	1	-1501.785	-0.005117827	24.23795	0.001395914	-0.001058034	0.000935572	0	0	0	
9.78	24	19	49	44	1	-1501.785	-0.00523439	24.27184	0.00123362	-0.001944198	0.000926402	0	0	0	
9.808	24	19	49	44	1	-1501.785	-0.005311005	24.29705	0.0002885235	-0.004310758	0.0009325516	0	0	0	
9.828	24	19	49	44	1	-1501.785	-0.005379433	24.32208	-0.00081219	-0.005412487	0.0009420556	0	0	0	
9.844	24	19	49	44	1	-1501.785	-0.005427067	24.33866	-0.001275259	-0.005355499	0.0009509916	0	0	0	
9.872	24	19	49	45	1	-1501.785	-0.005515494	24.36749	-0.00190731	-0.003774091	0.000976734	0	0	0	
9.908	24	19	49	45	1	-1501.784	-0.005666342	24.4042	-0.0007686043	-0.0006093191	0.000995526	0	0	0	
9.936	24	19	49	45	1	-1501.784	-0.005790411	24.43248	0.0008074858	0.0003399922	0.001005393	0	0	0	
9.964	24	19	49	45	1	-1501.784	-0.005899817	24.45652	0.00195623	0.0004831583	0.001009305	0	0	0	
9.984	24	19	49	45	1	-1501.784	-0.005986579	24.47641	0.00244218	0.0004773314	0.001003961	0	0	0	
10.004	24	19	49	45	1	-1501.784	-0.006091692	24.50013	0.002698535	0.0006021481	0.0009973025	0	0	0	
10.024	24	19	49	45	1	-1501.784	-0.006179259	24.51975	0.002584877	0.0004345177	0.0009872505	0	0	0	
10.036	24	19	49	45	1	-1501.784	-0.006224083	24.53147	0.002085638	0.0002876018	0.000979268	0	0	0	
10.06	24	19	49	45	1	-1501.784	-0.006289836	24.55476	7.178984e-06	0.0002610086	0.0009568839	0	0	0	
10.088	24	19	49	45	1	-1501.784	-0.006344728	24.58173	-0.003129915	0.0007488219	0.0009312133	0	0	0	
10.112	24	19	49	45	1	-1501.784	-0.006388988	24.60465	-0.005311805	0.000209822	0.0009214561	0	0	0	
10.132	24	19	49	45	1	-1501.784	-0.006422532	24.62362	-0.006498833	-0.001416132	0.0009214196	0	0	0	
10.156	24	19	49	45	1	-1501.784	-0.006459175	24.64622	-0.006922334	-0.00418684	0.0009303789	0	0	0	
10.172	24	19	49	45	1	-1501.784	-0.006482181	24.66119	-0.006357978	-0.005776011	0.000933089	0	0	0	
10.188	24	19	49	45	1	-1501.784	-0.006497131	24.67237	-0.0057204	-0.006128567	0.0009318938	0	0	0	
10.216	24	19	49	45	1	-1501.784	-0.006512147	24.69829	-0.003979679	-0.004612481	0.0009197212	0	0	0	
10.244	24	19	49	45	1	-1501.783	-0.00650635	24.72763	-0.001779142	-0.0006618987	0.0009074174	0	0	0	
10.276	24	19	49	45	1	-1501.783	-0.0064907	24.75668	0.0009355903	0.002198721	0.0009016262	0	0	0	
10.304	24	19	49	45	1	-1501.783	-0.006477572	24.77826	0.003017817	0.0010967	0.0009051921	0	0	0	
10.332	24	19	49	45	1	-1501.783	-0.006455054	24.80678	0.004175644	-0.001885339	0.0009111784	0	0	0	
10.36	24	19	49	46	1	-1501.783	-0.006438588	24.8315	0.004391355	-0.004657814	0.000915201	0	0	0	
10.384	24	19	49	46	1	-1501.783	-0.006436976	24.84901	0.004160524	-0.004929194	0.0009236248	0	0	0	
10.408	24	19	49	46	1	-1501.783	-0.006450827	24.86988	0.003671606	-0.003220988	0.0009430722	0	0	0	
10.428	24	19	49	46	1	-1501.783	-0.006472211	24.89059	0.00291459	-0.001055775	0.000963941	0	0	0	
10.456	24	19	49	46	1	-1501.783	-0.006509707	24.91454	0.00164255	0.0004701232	0.0009844624	0	0	0	
10.476	24	19	49	46	1	-1501.783	-0.006550756	24.93151	0.00094208	0.0005457798	0.0009874265	0	0	0	
10.5	24	19	49	46	1	-1501.783	-0.006600068	24.95174	-5.250108e-05	0.0006641596	0.0009879439	0	0	0	
10.52	24	19	49	46	1	-1501.783	-0.006638225	24.96847	-0.000985803	0.0005983599	0.0009907811	0	0	0	
10.556	24	19	49	46	1	-1501.782	-0.006709538	24.99831	-0.002178505	-0.001685273	0.001003059	0	0	0	
10.58	24	19	49	46	1	-1501.782	-0.006764544	25.01474	-0.001812384	-0.003906181	0.001012944	0	0	0	
10.608	24	19	49	46	1	-1501.782	-0.006872275	25.0408	-0.0004038693	-0.00494244	0.001026043	0	0	0	
10.632	24	19	49	46	1	-1501.782	-0.006948721	25.06016	0.0007189436	-0.003864084	0.001037393	0	0	0	
10.66	24	19	49	46	1	-1501.782	-0.007006324	25.08255	0.0007726245	-0.001581958	0.001053652	0	0	0	
10.676	24	19	49	46	1	-1501.782	-0.007027205	25.09525	0.0002902743	-0.0004865837	0.001068713	0	0	0	
10.704	24	19	49	46	1	-1501.782	-0.007079619	25.1173	-5.606022e-05	0.000492927	0.001095274	0	0	0	
10.732	24	19	49	46	1	-1501.782	-0.007156603	25.13914	0.0004370153	-0.0004303043	0.001121265	0	0	0	
10.756	24	19	49	46	1	-1501.782	-0.007223863	25.1577	0.0008167261	-0.001958604	0.00113994	0	0	0	
10.772	24	19	49	46	1	-1501.782	-0.007265689	25.16998	0.0008817151	-0.002375994	0.0011493	0	0	0	
10.796	24	19	49	46	1	-1501.782	-0.007327626	25.18828	0.00081121	-0.001925583	0.001155043	0	0	0	
10.82	24	19	49	46	1	-1501.782	-0.007391304	25.20643	0.0006444067	-0.001049306	0.001160075	0	0	0	
10.844	24	19	49	47	1	-1501.782	-0.00745919	25.22144	0.0009857092	-0.001134327	0.001164087	0	0	0	
10.86	24	19	49	47	1	-1501.782	-0.007528851	25.23635	0.001120651	-0.001538546	0.001164016	0	0	0	
10.888	24	19	49	47	1	-1501.782	-0.007603984	25.25704	0.0004026445	-0.00224286	0.001149578	0	0	0	
10.912	24	19	49	47	1	-1501.782	-0.007656242	25.2717	-0.0003188959	-0.003007436	0.001129607	0	0	0	
10.94	24	19	49	47	1	-1501.782	-0.007768128	25.29495	-0.0002366536	-0.003611844	0.001112187	0	0	0	
10.956	24	19	49	47	2	-1501.782	-0.007834982	25.30647	0.0001756767	-0.003280133	0.001108986	0	0	0	
10.976	24	19	49	47	2	-1501.782	-0.007924351	25.32078	0.0008632109	-0.00210268	0.001110892	0	0	0	
11.008	24	19	49	47	2	-1501.781	-0.007973556	25.34372	-0.001518451	0.007131404	0.001731947	0	0	0	
11.032	24	19	49	47	2	-1501.78	-0.007634976	25.36183	-0.01567415	0.03751449	0.003445488	0	0	0	
11.052	24	19	49	47	2	-1501.779	-0.007025868	25.37772	-0.03592424	0.07146549	0.005145324	0	0	0	
11.072	24	19	49	47	2	-1501.778	-0.006099933	25.39436	-0.06111254	0.1002323	0.007029507	0	0	0	
11.092	24	19	49	47	2	-1501.776	-0.004849189	25.41175	-0.08745001	0.1147828	0.009929429	0	0	0	
11.112	24	19	49	47	2	-1501.775	-0.003262927	25.42991	-0.1110319	0.1133117	0.01481875	0	0	0	
11.148	24	19	49	47	2	-1501.771	0.000472252	25.46454	-0.1371511	0.08499207	0.03021044	0	0	0	
11.176	24	19	49	47	2	-1501.768	0.003650302	25.48903	-0.1357489	0.07316576	0.04012512	0	0	0	
11.2	24	19	49	47	2	-1501.764	0.008124653	25.519	-0.1227084	0.07391823	0.04897798	0	0	0	
11.22	24	19	49	47	2	-1501.76	0.01107432	25.5368	-0.1057669	0.08194952	0.05592902	0	0	0	
11.232	24	19	49	47	2	-1501.757	0.01431699	25.55509	-0.09426828	0.08808941	0.06020487	0	0	0	
11.256	24	19	49	47	2	-1501.752	0.0187792	25.57863	-0.07130192	0.0984879	0.06945839	0	0	0	
11.292	24	19	49	47	2	-1501.743	0.02790702	25.62293	-0.04498123	0.1013356	0.08509745	0	0	0	
11.308	24	19	49	48	2	-1501.738	0.03355423	25.6486	-0.03875029	0.09822176	0.09244915	0	0	0	
11.332	24	19	49	48	2	-1501.732	0.03959368	25.67502	-0.03674215	0.09249459	0.1036425	0	0	0	
11.352	24	19	49	48	2	-1501.724	0.04734255	25.70769	-0.04132119	0.08972355	0.1130023	0	0	0	
11.372	24	19	49	48	2	-1501.719	0.05280877	25.73005	-0.05043406	0.09036491	0.1222937	0	0	0	
11.4	24	19	49	48	2	-1501.707	0.06445379	25.77609	-0.06751548	0.09591073	0.1350995	0	0	0	
11.424	24	19	49	48	2	-1501.697	0.07380357	25.81176	-0.08234666	0.1017129	0.1459691	0	0	0	
11.448	24	19	49	48	2	-1501.687	0.08367957	25.84839	-0.09384119	0.1052465	0.1569759	0	0	0	
11.48	24	19	49	48	2	-1501.673	0.09768425	25.8987	-0.1000747	0.1049365	0.1720561	0	0	0	
11.504	24	19	49	48	2	-1501.661	0.1088401	25.93754	-0.09695722	0.102539	0.1834996	0	0	0	
11.528	24	19	49	48	2	-1501.649	0.1205831	25.97732	-0.08819776	0.1006502	0.1947829	0	0	0	
11.552	24	19	49	48	2	-1501.637	0.1329316	26.01806	-0.07598142	0.100542	0.2057735	0	0	0	
11.588	24	19	49	48	2	-1501.619	0.1503412	26.07386	-0.05690926	0.1033624	0.2217805	0	0	0	
11.612	24	19	49	48	2	-1501.603	0.1664412	26.12406	-0.04722452	0.1056822	0.2322529	0	0	0	
11.636	24	19	49	48	2	-1501.588	0.1808623	26.1681	-0.04183823	0.1072529	0.2426024	0	0	0	
11.66	24	19	49	48	2	-1501.573	0.1958388	26.21306	-0.04127213	0.1077964	0.2528196	0	0	0	
11.688	24	19	49	48	2	-1501.554	0.2140012	26.26665	-0.04607896	0.1077252	0.2645317	0	0	0	
11.716	24	19	49	48	2	-1501.538	0.2301562	26.31353	-0.05466006	0.1079954	0.2759613	0	0	0	
11.752	24	19	49	48	2	-1501.509	0.2582811	26.39359	-0.06625008	0.1095389	0.2901939	0	0	0	
11.788	24	19	49	48	2	-1501.482	0.2848836	26.46765	-0.07305094	0.1115039	0.3039525	0	0	0	
11.82	24	19	49	48	2	-1501.457	0.3095706	26.53504	-0.07246463	0.1125517	0.3158622	0	0	0	
11.86	24	19	49	49	2	-1501.424	0.341836	26.62132	-0.06371685	0.1127584	0.3303381	0	0	0	
11.9	24	19	49	49	2	-1501.393	0.3722373	26.70091	-0.05113456	0.1129276	0.3442707	0	0	0	
11.92	24	19	49	49	2	-1501.375	0.389687	26.74592	-0.04552087	0.1133347	0.3510154	0	0	0	
11.94	24	19	49	49	2	-1501.354	0.4111487	26.80067	-0.04126871	0.1139401	0.3576136	0	0	0	
11.964	24	19	49	49	2	-1501.335	0.4294613	26.8469	-0.03848372	0.1147997	0.3653438	0	0	0	
11.984	24	19	49	49	2	-1501.316	0.448157	26.89367	-0.03824362	0.115478	0.371636	0	0	0	
12.004	24	19	49	49	2	-1501.293	0.4710925	26.9505	-0.03975113	0.1160499	0.3777937	0	0	0	
12.024	24	19	49	49	2	-1501.273	0.4906189	26.99843	-0.04258476	0.1164515	0.3838243	0	0	0	
12.048	24	19	49	49	2	-1501.248	0.5145439	27.05664	-0.04689135	0.1167621	0.390896	0	0	0	
12.072	24	19	49	49	2	-1501.223	0.5390076	27.11558	-0.05110693	0.1170599	0.397782	0	0	0	
12.092	24	19	49	49	2	-1501.202	0.5598079	27.16525	-0.05382641	0.1174269	0.4033747	0	0	0	
12.116	24	19	49	49	2	-1501.181	0.5809861	27.21541	-0.05548254	0.1179952	0.4099188	0	0	0	
12.148	24	19	49	49	2	-1501.141	0.6200652	27.30695	-0.05447417	0.1187737	0.4183839	0	0	0	
12.18	24	19	49	49	2	-1501.104	0.6558419	27.38962	-0.05019162	0.119331	0.4265742	0	0	0	
12.212	24	19	49	49	2	-1501.072	0.6879538	27.46296	-0.0441751	0.1196342	0.4344933	0	0	0	
12.24	24	19	49	49	2	-1501.033	0.7255788	27.5479	-0.03910937	0.1198734	0.4411924	0	0	0	
12.268	24	19	49	49	2	-1500.999	0.7593073	27.6232	-0.03546747	0.1202235	0.4476699	0	0	0	
12.308	24	19	49	49	2	-1500.949	0.8087851	27.7323	-0.03398385	0.1210095	0.4565373	0	0	0	
12.348	24	19	49	49	2	-1500.897	0.8597681	27.84316	-0.03657137	0.1218502	0.4649788	0	0	0	
12.376	24	19	49	49	2	-1500.865	0.891074	27.9105	-0.03959979	0.122268	0.470659	0	0	0	
12.4	24	19	49	50	2	-1500.827	0.928274	27.98983	-0.04203361	0.1225288	0.4753783	0	0	0	
12.432	24	19	49	50	2	-1500.783	0.9716832	28.08148	-0.04396641	0.1229169	0.4814541	0	0	0	
12.452	24	19	49	50	2	-1500.755	0.9993004	28.13929	-0.04408471	0.1231876	0.4851364	0	0	0	
12.468	24	19	49	50	2	-1500.732	1.021664	28.18582	-0.04352508	0.1234157	0.4880212	0	0	0	
12.488	24	19	49	50	2	-1500.703	1.049957	28.24434	-0.04207741	0.1237086	0.4915487	0	0	0	
12.504	24	19	49	50	2	-1500.68	1.072862	28.29144	-0.04044525	0.1239312	0.4943091	0	0	0	
12.524	24	19	49	50	2	-1500.65	1.101832	28.35066	-0.03804365	0.12418	0.4976864	0	0	0	
12.548	24	19	49	50	2	-1500.614	1.137093	28.42222	-0.03506156	0.1243908	0.5016285	0	0	0	
12.584	24	19	49	50	2	-1500.56	1.190999	28.53057	-0.03151328	0.1246911	0.507326	0	0	0	
12.624	24	19	49	50	2	-1500.504	1.246121	28.64011	-0.03010159	0.1251786	0.5133635	0	0	0	
12.66	24	19	49	50	2	-1500.44	1.30878	28.76317	-0.03122571	0.1256365	0.5185423	0	0	0	
12.7	24	19	49	50	2	-1500.381	1.366437	28.8751	-0.0339261	0.1260837	0.5240418	0	0	0	
12.724	24	19	49	50	2	-1500.341	1.405538	28.95033	-0.03548528	0.1263479	0.5272219	0	0	0	
12.748	24	19	49	50	2	-1500.294	1.451827	29.03868	-0.03652715	0.1266272	0.5303121	0	0	0	
12.764	24	19	49	50	2	-1500.267	1.478602	29.08945	-0.03679867	0.1268113	0.5323241	0	0	0	
12.8	24	19	49	50	2	-1500.205	1.53971	29.20442	-0.03601157	0.1271879	0.5367148	0	0	0	
12.82	24	19	49	50	2	-1500.17	1.574176	29.26873	-0.03453978	0.1274018	0.5395391	0	0	0	
12.848	24	19	49	50	2	-1500.12	1.62305	29.35927	-0.03262266	0.1275792	0.5422783	0	0	0	
12.872	24	19	49	50	2	-1500.077	1.665519	29.43733	-0.03063815	0.1277671	0.5449349	0	0	0	
12.9	24	19	49	50	2	-1500.026	1.715741	29.52894	-0.02869533	0.1280856	0.5479311	0	0	0	
12.924	24	19	49	51	2	-1499.989	1.752056	29.59471	-0.0276559	0.1283565	0.5504119	0	0	0	
12.944	24	19	49	51	2	-1499.944	1.796118	29.674	-0.02733252	0.1285673	0.5524187	0	0	0	
12.968	24	19	49	51	2	-1499.899	1.840709	29.75369	-0.02757622	0.1288049	0.5547582	0	0	0	
12.992	24	19	49	51	2	-1499.861	1.878269	29.82038	-0.028367	0.1290104	0.5570277	0	0	0	
13.012	24	19	49	51	2	-1499.814	1.923821	29.90076	-0.02926208	0.1291494	0.5588683	0	0	0	
13.044	24	19	49	51	2	-1499.76	1.977628	29.995	-0.0307119	0.1293456	0.5617222	0	0	0	
13.064	24	19	49	51	2	-1499.712	2.024315	30.07617	-0.03138976	0.1295015	0.5634471	0	0	0	
13.092	24	19	49	51	2	-1499.664	2.071526	30.15768	-0.03179182	0.129762	0.5657895	0	0	0	
13.12	24	19	49	51	2	-1499.6	2.135289	30.26689	-0.03144327	0.1300523	0.5680544	0	0	0	
13.14	24	19	49	51	2	-1499.559	2.175614	30.33545	-0.03076638	0.1302673	0.5696246	0	0	0	
13.16	24	19	49	51	2	-1499.517	2.216302	30.40423	-0.02982956	0.1304498	0.5711565	0	0	0	
13.184	24	19	49	51	2	-1499.467	2.265608	30.48706	-0.0285334	0.130619	0.5729425	0	0	0	
13.208	24	19	49	51	2	-1499.416	2.315437	30.5702	-0.02727033	0.1307602	0.5746705	0	0	0	
13.232	24	19	49	51	2	-1499.374	2.357361	30.63971	-0.02626647	0.130939	0.5763386	0	0	0	
13.252	24	19	49	51	2	-1499.331	2.399649	30.70943	-0.02575238	0.131132	0.577682	0	0	0	
13.276	24	19	49	51	2	-1499.27	2.459459	30.80736	-0.02558143	0.1313648	0.5792396	0	0	0	
13.296	24	19	49	51	2	-1499.226	2.502614	30.87755	-0.02578735	0.1315225	0.5805002	0	0	0	
13.324	24	19	49	51	2	-1499.173	2.554875	30.96203	-0.02646722	0.1316839	0.5822119	0	0	0	
13.344	24	19	49	51	2	-1499.12	2.607654	31.04678	-0.02708928	0.1317945	0.583396	0	0	0	
13.36	24	19	49	51	2	-1499.084	2.643127	31.10342	-0.02758746	0.1318915	0.5843242	0	0	0	
13.376	24	19	49	52	2	-1499.047	2.67883	31.16017	-0.0280229	0.1319992	0.5852357	0	0	0	
13.408	24	19	49	52	2	-1498.974	2.750923	31.27401	-0.02853475	0.1322747	0.5870062	0	0	0	
13.448	24	19	49	52	2	-1498.891	2.833125	31.40257	-0.02828051	0.1326257	0.5891298	0	0	0	
13.488	24	19	49	52	2	-1498.787	2.935169	31.5604	-0.02718289	0.1328549	0.5911615	0	0	0	
13.528	24	19	49	52	2	-1498.701	3.01995	31.69007	-0.02583022	0.133075	0.5930973	0	0	0	
13.552	24	19	49	52	2	-1498.633	3.086693	31.79125	-0.02516646	0.1332245	0.5942059	0	0	0	
13.584	24	19	49	52	2	-1498.565	3.154136	31.89269	-0.02468147	0.1334732	0.5956237	0	0	0	
13.616	24	19	49	52	2	-1498.476	3.241876	32.02348	-0.02471491	0.1337329	0.5969803	0	0	0	
13.64	24	19	49	52	2	-1498.416	3.301008	32.1109	-0.02502502	0.13389	0.5979589	0	0	0	
13.664	24	19	49	52	2	-1498.355	3.360651	32.19849	-0.02546243	0.1340269	0.5989064	0	0	0	
13.692	24	19	49	52	2	-1498.284	3.430879	32.30089	-0.02598297	0.134192	0.5999758	0	0	0	
13.724	24	19	49	52	2	-1498.202	3.511987	32.41817	-0.02637613	0.1343291	0.6011565	0	0	0	
13.748	24	19	49	52	2	-1498.139	3.573412	32.5063	-0.02644248	0.1344126	0.6020111	0	0	0	
13.768	24	19	49	52	2	-1498.087	3.624988	32.57985	-0.02633164	0.1345039	0.6027038	0	0	0	
13.788	24	19	49	52	2	-1498.034	3.676917	32.6535	-0.02607894	0.1346231	0.6033811	0	0	0	
13.812	24	19	49	52	2	-1497.971	3.739698	32.74199	-0.0256393	0.134816	0.6041706	0	0	0	
13.848	24	19	49	52	2	-1497.885	3.824196	32.86018	-0.02487856	0.1351541	0.6053064	0	0	0	
13.872	24	19	49	52	2	-1497.809	3.898872	32.96375	-0.02444565	0.1353562	0.6060357	0	0	0	
13.9	24	19	49	52	2	-1497.733	3.974237	33.06747	-0.02413732	0.135484	0.6068567	0	0	0	
13.928	24	19	49	52	2	-1497.656	4.050289	33.17133	-0.02408863	0.1355259	0.6076462	0	0	0	
13.948	24	19	49	53	2	-1497.6	4.105033	33.24559	-0.02419913	0.1355477	0.6081921	0	0	0	
13.976	24	19	49	53	2	-1497.522	4.182264	33.34966	-0.02448969	0.1356418	0.6089309	0	0	0	
14	24	19	49	53	2	-1497.454	4.249007	33.43896	-0.02478071	0.1357833	0.6095419	0	0	0	
14.024	24	19	49	53	2	-1497.386	4.316253	33.52833	-0.02502555	0.1359443	0.6101311	0	0	0	
14.048	24	19	49	53	2	-1497.317	4.383999	33.61777	-0.02516406	0.1360875	0.6107033	0	0	0	
14.072	24	19	49	53	2	-1497.248	4.452247	33.70728	-0.02517599	0.1362043	0.6112569	0	0	0	
14.092	24	19	49	53	2	-1497.19	4.509503	33.78191	-0.02508799	0.1363006	0.6117025	0	0	0	
14.112	24	19	49	53	2	-1497.144	4.555558	33.84165	-0.02492599	0.1364209	0.612133	0	0	0	
14.128	24	19	49	53	2	-1497.085	4.61344	33.91634	-0.02475528	0.1365222	0.6124673	0	0	0	
14.148	24	19	49	53	2	-1497.026	4.67167	33.99107	-0.02450788	0.1366558	0.6128741	0	0	0	
14.18	24	19	49	53	2	-1496.931	4.765558	34.1107	-0.02411479	0.1368689	0.6135016	0	0	0	
14.208	24	19	49	53	2	-1496.847	4.848439	34.21541	-0.02386779	0.1370041	0.6140266	0	0	0	
14.244	24	19	49	53	2	-1496.738	4.955995	34.35011	-0.02377046	0.1370869	0.614673	0	0	0	
14.276	24	19	49	53	2	-1496.652	5.040423	34.4549	-0.02386647	0.1371278	0.6152166	0	0	0	
14.3	24	19	49	53	2	-1496.578	5.113329	34.54474	-0.02401084	0.1372147	0.6156015	0	0	0	
14.328	24	19	49	53	2	-1496.479	5.211309	34.66453	-0.02421831	0.1373992	0.6160255	0	0	0	
14.368	24	19	49	53	2	-1496.367	5.322588	34.79931	-0.02444573	0.137662	0.6165896	0	0	0	
14.404	24	19	49	53	2	-1496.24	5.447534	34.94905	-0.02444801	0.1378226	0.6171074	0	0	0	
14.428	24	19	49	53	2	-1496.176	5.510521	35.0239	-0.02435751	0.1378866	0.6173494	0	0	0	
14.452	24	19	49	53	2	-1496.086	5.599278	35.12868	-0.02420205	0.1379794	0.6176259	0	0	0	
14.476	24	19	49	54	2	-1496.009	5.67589	35.21846	-0.02403771	0.1381058	0.6178892	0	0	0	
14.504	24	19	49	54	2	-1495.931	5.752995	35.30822	-0.02387051	0.1382554	0.6181789	0	0	0	
14.536	24	19	49	54	2	-1495.813	5.869572	35.44278	-0.02375692	0.1383564	0.6184881	0	0	0	
14.568	24	19	49	54	2	-1495.72	5.961007	35.54738	-0.02375673	0.1384186	0.6187818	0	0	0	
14.6	24	19	49	54	2	-1495.6	6.079546	35.68177	-0.02386111	0.1384671	0.6190616	0	0	0	
14.62	24	19	49	54	2	-1495.533	6.145877	35.75638	-0.02396617	0.1385597	0.6192612	0	0	0	
14.64	24	19	49	54	2	-1495.466	6.212547	35.83096	-0.02403262	0.1386538	0.6193874	0	0	0	
14.664	24	19	49	54	2	-1495.398	6.279557	35.90549	-0.02411709	0.1388253	0.6195673	0	0	0	
14.68	24	19	49	54	2	-1495.33	6.346904	35.97997	-0.0241557	0.1389241	0.6196841	0	0	0	
14.708	24	19	49	54	2	-1495.234	6.441758	36.08417	-0.02416768	0.1390415	0.619884	0	0	0	
14.736	24	19	49	54	2	-1495.137	6.537274	36.18827	-0.02412564	0.1390814	0.6200734	0	0	0	
14.756	24	19	49	54	2	-1495.068	6.605904	36.26256	-0.02407568	0.1390735	0.6202038	0	0	0	
14.784	24	19	49	54	2	-1494.984	6.688705	36.35164	-0.02400071	0.13907	0.6203783	0	0	0	
14.808	24	19	49	54	2	-1494.885	6.78592	36.45546	-0.02394768	0.1391184	0.6205152	0	0	0	
14.84	24	19	49	54	2	-1494.786	6.883796	36.55915	-0.02390358	0.1393128	0.6206794	0	0	0	
14.856	24	19	49	54	2	-1494.73	6.940021	36.61835	-0.02389942	0.1394408	0.6207572	0	0	0	
14.876	24	19	49	54	2	-1494.644	7.024762	36.70706	-0.02391222	0.1395666	0.6208524	0	0	0	
14.896	24	19	49	54	2	-1494.572	7.095746	36.7809	-0.02394605	0.1396364	0.6209436	0	0	0	
14.92	24	19	49	54	2	-1494.5	7.167066	36.85468	-0.02401813	0.1396586	0.6210461	0	0	0	
14.948	24	19	49	54	2	-1494.384	7.281873	36.97256	-0.02411094	0.1396399	0.6211564	0	0	0	
14.968	24	19	49	55	2	-1494.311	7.354061	37.04613	-0.02417166	0.1396226	0.6212307	0	0	0	
14.996	24	19	49	55	2	-1494.223	7.441129	37.13431	-0.02423881	0.1396668	0.6213271	0	0	0	
15.036	24	19	49	55	2	-1494.06	7.602001	37.29567	-0.02426097	0.1398364	0.6214482	0	0	0	
15.076	24	19	49	55	2	-1493.911	7.749646	37.44199	-0.02420037	0.139999	0.6215521	0	0	0	
15.116	24	19	49	55	2	-1493.775	7.883661	37.57336	-0.02408558	0.1401028	0.6216511	0	0	0	
15.14	24	19	49	55	2	-1493.685	7.973602	37.66078	-0.02401616	0.1401716	0.6217022	0	0	0	
15.164	24	19	49	55	2	-1493.578	8.079135	37.76258	-0.0239643	0.1402375	0.6217449	0	0	0	
15.208	24	19	49	55	2	-1493.424	8.23102	37.90768	-0.02395171	0.1403435	0.6218056	0	0	0	
15.248	24	19	49	55	2	-1493.254	8.399619	38.0668	-0.02407913	0.140418	0.6218401	0	0	0	
15.272	24	19	49	55	2	-1493.16	8.492255	38.15338	-0.0241885	0.1405016	0.6218522	0	0	0	
15.304	24	19	49	55	2	-1493.035	8.616507	38.26856	-0.02431885	0.1406395	0.6218613	0	0	0	
15.344	24	19	49	55	2	-1492.893	8.757294	38.39779	-0.02438865	0.1406978	0.6218654	0	0	0	
15.364	24	19	49	55	2	-1492.797	8.85174	38.48374	-0.02437632	0.1406695	0.6218628	0	0	0	
15.384	24	19	49	55	2	-1492.717	8.930805	38.55523	-0.0243324	0.1406425	0.6218591	0	0	0	
15.416	24	19	49	55	2	-1492.605	9.042047	38.65511	-0.02423761	0.1407109	0.6218502	0	0	0	
15.456	24	19	49	55	2	-1492.443	9.202078	38.79738	-0.02415446	0.1409738	0.6218293	0	0	0	
15.476	24	19	49	55	2	-1492.346	9.298722	38.8825	-0.02415717	0.1410591	0.6218113	0	0	0	
15.508	24	19	49	55	2	-1492.215	9.428311	38.99571	-0.0242345	0.1411079	0.6217763	0	0	0	
15.536	24	19	49	55	2	-1492.1	9.542384	39.09449	-0.02434529	0.1411088	0.621736	0	0	0	
15.556	24	19	49	55	2	-1492.034	9.607855	39.15081	-0.02442991	0.1411011	0.6217027	0	0	0	
15.576	24	19	49	56	2	-1491.934	9.706451	39.23514	-0.02451423	0.1411158	0.6216657	0	0	0	
15.592	24	19	49	56	2	-1491.868	9.772441	39.29125	-0.02457616	0.1411495	0.6216328	0	0	0	
15.604	24	19	49	56	2	-1491.834	9.805514	39.31928	-0.02461393	0.1411833	0.6216057	0	0	0	
15.628	24	19	49	56	2	-1491.734	9.905044	39.40321	-0.02465185	0.1412519	0.6215491	0	0	0	
15.652	24	19	49	56	2	-1491.633	10.00504	39.48694	-0.02465215	0.141296	0.6214899	0	0	0	
15.676	24	19	49	56	2	-1491.514	10.12229	39.58436	-0.02462641	0.1413144	0.6214295	0	0	0	
15.708	24	19	49	56	2	-1491.378	10.25706	39.69536	-0.02457047	0.1413421	0.6213442	0	0	0	
15.728	24	19	49	56	2	-1491.293	10.34171	39.76454	-0.0245305	0.1413835	0.621287	0	0	0	
15.748	24	19	49	56	2	-1491.207	10.42669	39.83357	-0.02449109	0.1414617	0.6212251	0	0	0	
15.768	24	19	49	56	2	-1491.121	10.51199	39.90246	-0.02446976	0.1415666	0.6211428	0	0	0	
15.792	24	19	49	56	2	-1491.017	10.61477	39.98491	-0.02448319	0.1416298	0.6210704	0	0	0	
15.816	24	19	49	56	2	-1490.913	10.71801	40.06715	-0.024522	0.141635	0.6209856	0	0	0	
15.84	24	19	49	56	2	-1490.809	10.82171	40.14916	-0.02457636	0.1415734	0.6209037	0	0	0	
15.868	24	19	49	56	2	-1490.704	10.92587	40.23095	-0.02464923	0.1414952	0.6208105	0	0	0	
15.892	24	19	49	56	2	-1490.58	11.04798	40.32608	-0.02470055	0.1414903	0.6207259	0	0	0	
15.916	24	19	49	56	2	-1490.474	11.15314	40.40738	-0.02473629	0.1415712	0.6206295	0	0	0	
15.94	24	19	49	56	2	-1490.368	11.25876	40.48844	-0.02476523	0.1416821	0.6205297	0	0	0	
15.964	24	19	49	56	2	-1490.261	11.36484	40.56927	-0.02480346	0.1417454	0.6204083	0	0	0	
15.996	24	19	49	56	2	-1490.135	11.48917	40.66327	-0.02483927	0.141693	0.6202796	0	0	0	
16.02	24	19	49	56	2	-1490.028	11.59624	40.74359	-0.02487113	0.1416158	0.6201665	0	0	0	
16.04	24	19	49	57	2	-1489.919	11.70376	40.82367	-0.0248943	0.141586	0.6200701	0	0	0	
16.06	24	19	49	57	2	-1489.828	11.79372	40.89022	-0.02491535	0.1416202	0.6199716	0	0	0	
16.084	24	19	49	57	2	-1489.719	11.90208	40.96986	-0.02492721	0.1417316	0.6198519	0	0	0	
16.1	24	19	49	57	2	-1489.664	11.95643	41.00958	-0.02492852	0.141818	0.6197729	0	0	0	
16.12	24	19	49	57	2	-1489.554	12.06548	41.08884	-0.02492752	0.1418992	0.6196757	0	0	0	
16.148	24	19	49	57	2	-1489.426	12.19327	41.18101	-0.02493315	0.1419363	0.6195447	0	0	0	
16.16	24	19	49	57	2	-1489.37	12.24823	41.2204	-0.02494152	0.1419236	0.61949	0	0	0	
16.188	24	19	49	57	2	-1489.259	12.35848	41.299	-0.02497962	0.1418554	0.6193603	0	0	0	
16.212	24	19	49	57	2	-1489.147	12.46919	41.37734	-0.0250423	0.141806	0.6192455	0	0	0	
16.252	24	19	49	57	2	-1488.96	12.65471	41.50735	-0.0251726	0.1418203	0.6190478	0	0	0	
16.272	24	19	49	57	2	-1488.848	12.76662	41.58501	-0.0252253	0.1419002	0.6189473	0	0	0	
16.304	24	19	49	57	2	-1488.697	12.91654	41.68815	-0.02526973	0.1420792	0.6187832	0	0	0	
16.328	24	19	49	57	2	-1488.602	13.01065	41.75238	-0.02528157	0.1421367	0.6186596	0	0	0	
16.356	24	19	49	57	2	-1488.449	13.16187	41.85478	-0.02528857	0.1420302	0.6185146	0	0	0	
16.372	24	19	49	57	2	-1488.373	13.23778	41.90579	-0.02529908	0.1419303	0.6184303	0	0	0	
16.404	24	19	49	57	2	-1488.219	13.3902	42.00748	-0.02532533	0.1418395	0.618257	0	0	0	
16.444	24	19	49	57	2	-1488.026	13.58185	42.13391	-0.02537002	0.141967	0.618041	0	0	0	
16.476	24	19	49	57	2	-1487.871	13.73606	42.23452	-0.02539432	0.1420201	0.6178715	0	0	0	
16.508	24	19	49	57	2	-1487.734	13.87164	42.32216	-0.02540133	0.1419274	0.617694	0	0	0	
16.544	24	19	49	57	2	-1487.558	14.04686	42.4343	-0.02542808	0.1418192	0.617476	0	0	0	
16.568	24	19	49	58	2	-1487.44	14.16423	42.50871	-0.02546459	0.1418981	0.6173211	0	0	0	
16.596	24	19	49	58	2	-1487.282	14.32141	42.60749	-0.02551048	0.14207	0.617134	0	0	0	
16.636	24	19	49	58	2	-1487.083	14.519	42.73027	-0.02557233	0.1421787	0.6168588	0	0	0	
16.676	24	19	49	58	2	-1486.902	14.69788	42.8401	-0.02562621	0.1421119	0.6165759	0	0	0	
16.708	24	19	49	58	2	-1486.742	14.85771	42.9372	-0.02567531	0.1420303	0.6163498	0	0	0	
16.736	24	19	49	58	2	-1486.58	15.01834	43.03379	-0.02572177	0.1419764	0.6161152	0	0	0	
16.76	24	19	49	58	2	-1486.458	15.13932	43.1059	-0.02575445	0.1419229	0.6159631	0	0	0	
16.792	24	19	49	58	2	-1486.295	15.30131	43.2016	-0.02580701	0.1418611	0.6156847	0	0	0	
16.836	24	19	49	58	2	-1486.07	15.52533	43.33236	-0.02584428	0.1418845	0.6153677	0	0	0	
16.86	24	19	49	58	2	-1485.946	15.64814	43.40327	-0.02587422	0.1418775	0.6151711	0	0	0	
16.88	24	19	49	58	2	-1485.843	15.75082	43.46214	-0.02590881	0.1418889	0.6150024	0	0	0	
16.904	24	19	49	58	2	-1485.739	15.8538	43.52081	-0.02595757	0.1419495	0.6147936	0	0	0	
16.924	24	19	49	58	2	-1485.635	15.95709	43.57927	-0.02600152	0.1419979	0.6146182	0	0	0	
16.944	24	19	49	58	2	-1485.51	16.08143	43.64915	-0.02604949	0.142007	0.6144457	0	0	0	
16.968	24	19	49	58	2	-1485.385	16.20621	43.71874	-0.02611008	0.1419628	0.6142392	0	0	0	
17	24	19	49	58	2	-1485.217	16.37326	43.81107	-0.02618325	0.1418916	0.6139608	0	0	0	
17.02	24	19	49	58	2	-1485.111	16.47806	43.8685	-0.02621623	0.141897	0.6137833	0	0	0	
17.044	24	19	49	58	2	-1485.005	16.58316	43.92573	-0.02623468	0.1419409	0.6135661	0	0	0	
17.064	24	19	49	58	2	-1484.878	16.70967	43.99413	-0.02624896	0.1419795	0.6133791	0	0	0	
17.084	24	19	49	58	2	-1484.793	16.79426	44.03956	-0.02626508	0.1419807	0.6131902	0	0	0	
17.1	24	19	49	59	2	-1484.686	16.90026	44.09617	-0.0262794	0.1419409	0.6130391	0	0	0	
17.128	24	19	49	59	2	-1484.558	17.02786	44.16382	-0.0263	0.1418107	0.6127744	0	0	0	
17.16	24	19	49	59	2	-1484.386	17.19867	44.25355	-0.02633191	0.1417062	0.6124627	0	0	0	
17.184	24	19	49	59	2	-1484.236	17.34875	44.33163	-0.02637291	0.1417392	0.6121866	0	0	0	
17.212	24	19	49	59	2	-1484.106	17.47786	44.39823	-0.02641671	0.1418068	0.6119511	0	0	0	
17.24	24	19	49	59	2	-1483.954	17.62903	44.47554	-0.02646204	0.1418647	0.6116805	0	0	0	
17.264	24	19	49	59	2	-1483.823	17.75908	44.54147	-0.02650962	0.1418449	0.6114497	0	0	0	
17.304	24	19	49	59	2	-1483.582	17.9986	44.66157	-0.02659108	0.1416783	0.6110619	0	0	0	
17.344	24	19	49	59	2	-1483.362	18.21759	44.76986	-0.02667814	0.1415142	0.6106675	0	0	0	
17.384	24	19	49	59	2	-1483.141	18.43778	44.87731	-0.02675054	0.1415999	0.6102665	0	0	0	
17.412	24	19	49	59	2	-1482.985	18.59261	44.95201	-0.02677986	0.1417026	0.6099839	0	0	0	
17.44	24	19	49	59	2	-1482.851	18.72578	45.01571	-0.02679477	0.1417271	0.6097015	0	0	0	
17.472	24	19	49	59	2	-1482.65	18.92634	45.11069	-0.02680887	0.1416712	0.6093805	0	0	0	
17.504	24	19	49	59	2	-1482.493	19.08299	45.18407	-0.02684083	0.1415351	0.6090592	0	0	0	
17.54	24	19	49	59	2	-1482.289	19.28524	45.27782	-0.02689272	0.1414068	0.608697	0	0	0	
17.564	24	19	49	59	2	-1482.131	19.44321	45.35024	-0.02693514	0.141414	0.6084518	0	0	0	
17.584	24	19	49	59	2	-1482.017	19.5564	45.40172	-0.02697199	0.1414574	0.6082443	0	0	0	
17.612	24	19	49	59	2	-1481.857	19.71535	45.47342	-0.02704144	0.1415288	0.6079469	0	0	0	
17.648	24	19	49	59	2	-1481.674	19.89771	45.55485	-0.02716915	0.1415626	0.6075561	0	0	0	
17.672	24	19	49	59	2	-1481.536	20.03497	45.61556	-0.02725709	0.1414845	0.607294	0	0	0	
17.696	24	19	50	0	2	-1481.375	20.19564	45.68599	-0.0273125	0.1413384	0.6070323	0	0	0	
17.72	24	19	50	0	2	-1481.236	20.33381	45.74603	-0.0273277	0.1412006	0.6067681	0	0	0	
17.74	24	19	50	0	2	-1481.144	20.42616	45.78587	-0.02732666	0.141136	0.6065449	0	0	0	
17.764	24	19	50	0	2	-1481.004	20.56503	45.84538	-0.02731957	0.1411409	0.6062745	0	0	0	
17.78	24	19	50	0	2	-1480.888	20.68107	45.89473	-0.02731288	0.1411785	0.6060917	0	0	0	
17.804	24	19	50	0	2	-1480.771	20.7974	45.94387	-0.02731338	0.1412412	0.6058164	0	0	0	
17.828	24	19	50	0	2	-1480.607	20.96075	46.01229	-0.02733502	0.1412667	0.6055406	0	0	0	
17.852	24	19	50	0	2	-1480.466	21.10122	46.07061	-0.027383	0.1412037	0.6052708	0	0	0	
17.872	24	19	50	0	2	-1480.348	21.21859	46.11896	-0.02743731	0.1411095	0.6050522	0	0	0	
17.892	24	19	50	0	2	-1480.23	21.33625	46.1671	-0.02749581	0.1410146	0.6048341	0	0	0	
17.916	24	19	50	0	2	-1480.111	21.4542	46.21502	-0.02757604	0.1409501	0.6045695	0	0	0	
17.944	24	19	50	0	2	-1479.945	21.61982	46.28174	-0.02767213	0.1409376	0.6042541	0	0	0	
17.98	24	19	50	0	2	-1479.707	21.85739	46.37631	-0.0277743	0.1409801	0.6038369	0	0	0	
18.008	24	19	50	0	2	-1479.539	22.02437	46.442	-0.02783872	0.1409796	0.6035062	0	0	0	
18.036	24	19	50	0	2	-1479.371	22.19191	46.50726	-0.02788855	0.1408989	0.6031729	0	0	0	
18.06	24	19	50	0	2	-1479.227	22.33596	46.56286	-0.02791483	0.140806	0.6028799	0	0	0	
18.084	24	19	50	0	2	-1479.106	22.45632	46.60895	-0.02794306	0.14074	0.6025843	0	0	0	
18.104	24	19	50	0	2	-1478.961	22.60113	46.66397	-0.02795719	0.1407241	0.6023378	0	0	0	
18.132	24	19	50	0	2	-1478.815	22.74635	46.71868	-0.02796818	0.1407212	0.6019927	0	0	0	
18.168	24	19	50	0	2	-1478.571	22.98929	46.80917	-0.02799146	0.1406242	0.6015505	0	0	0	
18.192	24	19	50	1	2	-1478.449	23.11118	46.85409	-0.02802025	0.1405086	0.6012557	0	0	0	
18.22	24	19	50	1	2	-1478.253	23.30681	46.9255	-0.02806883	0.1404443	0.6009082	0	0	0	
18.256	24	19	50	1	2	-1478.031	23.52775	47.00518	-0.02816443	0.1404762	0.6004504	0	0	0	
18.288	24	19	50	1	2	-1477.834	23.72492	47.07541	-0.02827781	0.1405612	0.600025	0	0	0	
18.308	24	19	50	1	2	-1477.71	23.84852	47.11903	-0.028348	0.1405649	0.5997536	0	0	0	
18.324	24	19	50	1	2	-1477.61	23.94759	47.15376	-0.02840201	0.1405094	0.5995367	0	0	0	
18.344	24	19	50	1	2	-1477.486	24.07169	47.19699	-0.0284651	0.1403901	0.5992668	0	0	0	
18.364	24	19	50	1	2	-1477.361	24.19608	47.24	-0.02851195	0.1402619	0.5989969	0	0	0	
18.388	24	19	50	1	2	-1477.211	24.34571	47.29132	-0.02855317	0.1401461	0.598675	0	0	0	
18.408	24	19	50	1	2	-1477.086	24.47071	47.33385	-0.02858628	0.1401238	0.598408	0	0	0	
18.432	24	19	50	1	2	-1476.96	24.59599	47.37617	-0.02862558	0.1401515	0.5980862	0	0	0	
18.452	24	19	50	1	2	-1476.809	24.7467	47.42666	-0.02864915	0.1401784	0.5978181	0	0	0	
18.476	24	19	50	1	2	-1476.683	24.8726	47.4685	-0.02865181	0.140145	0.597494	0	0	0	
18.492	24	19	50	1	2	-1476.582	24.97352	47.50182	-0.02864723	0.1400926	0.5972757	0	0	0	
18.512	24	19	50	1	2	-1476.43	25.12523	47.55153	-0.02862439	0.1399884	0.5969997	0	0	0	
18.532	24	19	50	1	2	-1476.303	25.25196	47.59272	-0.02856181	0.1398181	0.5967225	0	0	0	
18.556	24	19	50	1	2	-1476.15	25.40439	47.64187	-0.02821914	0.1393157	0.5964019	0	0	0	
18.576	24	19	50	1	2	-1476.023	25.53172	47.6826	-0.02772347	0.1387689	0.5961453	0	0	0	
18.6	24	19	50	1	2	-1475.869	25.68486	47.73119	-0.02702077	0.1382913	0.5958366	0	0	0	
18.62	24	19	50	1	2	-1475.741	25.81278	47.77144	-0.02638082	0.1380852	0.5955753	0	0	0	
18.64	24	19	50	2	2	-1475.612	25.94096	47.81149	-0.02559337	0.1377704	0.5953228	0	0	0	
18.672	24	19	50	2	2	-1475.406	26.14657	47.87512	-0.02379057	0.1364049	0.5949569	0	0	0	
18.704	24	19	50	2	2	-1475.199	26.35281	47.93821	-0.0217385	0.1347512	0.5945934	0	0	0	
18.728	24	19	50	2	2	-1475.07	26.48204	47.97737	-0.02029287	0.1339596	0.5943097	0	0	0	
18.76	24	19	50	2	2	-1474.862	26.6893	48.03958	-0.01821499	0.1328699	0.5939289	0	0	0	
18.776	24	19	50	2	2	-1474.732	26.81912	48.07819	-0.01711946	0.132187	0.5937409	0	0	0	
18.812	24	19	50	2	2	-1474.496	27.05336	48.14715	-0.01453075	0.1303212	0.593328	0	0	0	
18.832	24	19	50	2	2	-1474.365	27.18377	48.18516	-0.01275521	0.1287776	0.5931066	0	0	0	
18.852	24	19	50	2	2	-1474.155	27.39285	48.24554	-0.01000996	0.1268301	0.5927268	0	0	0	
18.852	24	19	50	2	2	-1473.944	27.60246	48.30535	-0.008286138	0.1266926	0.5922989	0	0	0	
18.852	24	19	50	2	2	-1473.785	27.76001	48.34985	-0.007926041	0.1276261	0.5918975	0	0	0	
18.852	24	19	50	2	2	-1473.547	27.99678	48.41602	-0.00724829	0.1263914	0.5914485	0	0	0	
18.852	24	19	50	2	2	-1473.307	28.23414	48.48148	-0.007214453	0.1248222	0.5909226	0	0	0	
18.852	24	19	50	2	2	-1473.093	28.44563	48.53908	-0.007997937	0.1249514	0.5904278	0	0	0	
18.852	24	19	50	2	2	-1472.879	28.65759	48.59612	-0.009027125	0.1258222	0.5899381	0	0	0	
18.852	24	19	50	2	2	-1472.664	28.86994	48.65259	-0.008724117	0.1247417	0.589493	0	0	0	
18.852	24	19	50	2	2	-1472.475	29.05606	48.70155	-0.007196048	0.1226067	0.5891311	0	0	0	
18.852	24	19	50	2	2	-1472.259	29.26917	48.75698	-0.004763048	0.1210894	0.58872	0	0	0	
18.852	24	19	50	2	2	-1472.096	29.42928	48.79818	-0.002952262	0.1211556	0.5883975	0	0	0	
18.852	24	19	50	2	2	-1471.933	29.58964	48.83906	-0.00169299	0.1221229	0.5880558	0	0	0	
18.852	24	19	50	3	2	-1471.715	29.80378	48.89306	-0.0007391699	0.1228916	0.5875128	0	0	0	
18.852	24	19	50	3	2	-1471.551	29.96462	48.93319	-0.0004740927	0.1221624	0.5872014	0	0	0	
18.852	24	19	50	3	2	-1471.359	30.15248	48.97961	0.0003744334	0.1193148	0.5867647	0	0	0	
18.852	24	19	50	3	2	-1471.194	30.3137	49.01905	0.001645328	0.1164337	0.58632	0	0	0	
18.852	24	19	50	3	2	-1470.919	30.58284	49.08407	0.00314447	0.1158464	0.5857326	0	0	0	
18.852	24	19	50	3	2	-1470.725	30.77158	49.12904	0.00352386	0.1181974	0.5851887	0	0	0	
18.852	24	19	50	3	2	-1470.504	30.98761	49.17991	0.002706805	0.1204364	0.5846111	0	0	0	
18.852	24	19	50	3	2	-1470.309	31.17686	49.22394	0.001854264	0.1202615	0.5841617	0	0	0	
18.852	24	19	50	3	2	-1470.142	31.33924	49.26135	0.001272066	0.1180017	0.5836406	0	0	0	
18.852	24	19	50	3	2	-1469.89	31.58312	49.31685	0.001647461	0.1148079	0.5829841	0	0	0	
18.852	24	19	50	3	2	-1469.666	31.8002	49.3656	0.003734727	0.1131338	0.5824346	0	0	0	
18.852	24	19	50	3	2	-1469.441	32.01756	49.41377	0.006796598	0.1132048	0.5819034	0	0	0	
18.852	24	19	50	3	2	-1469.216	32.23518	49.46137	0.009550882	0.1137746	0.5814324	0	0	0	
18.852	24	19	50	3	2	-1469.046	32.39853	49.4967	0.01181179	0.1133625	0.581012	0	0	0	
18.852	24	19	50	3	2	-1468.876	32.56199	49.53171	0.01372246	0.1120349	0.5805751	0	0	0	
18.852	24	19	50	3	2	-1468.706	32.72555	49.5664	0.01530234	0.1100988	0.580121	0	0	0	
18.852	24	19	50	3	2	-1468.535	32.88924	49.60078	0.01594956	0.1091023	0.5796705	0	0	0	
18.852	24	19	50	3	2	-1468.307	33.10769	49.6461	0.01542957	0.1096209	0.5790871	0	0	0	
18.852	24	19	50	3	2	-1468.078	33.32631	49.69086	0.01406977	0.1103067	0.5784194	0	0	0	
18.852	24	19	50	3	2	-1467.791	33.59984	49.74601	0.01213723	0.1105693	0.577747	0	0	0	
18.852	24	19	50	4	2	-1467.618	33.76406	49.77868	0.01149797	0.1096584	0.5772986	0	0	0	
18.852	24	19	50	4	2	-1467.417	33.95572	49.81638	0.01239398	0.1072034	0.5767026	0	0	0	
18.852	24	19	50	4	2	-1467.214	34.1475	49.85365	0.01390135	0.1060952	0.5762695	0	0	0	
18.852	24	19	50	4	2	-1467.04	34.31199	49.88525	0.01583552	0.1064842	0.5757868	0	0	0	
18.852	24	19	50	4	2	-1466.779	34.55893	49.93206	0.01699757	0.1087946	0.575248	0	0	0	
18.852	24	19	50	4	2	-1466.516	34.80599	49.97815	0.01830664	0.1083763	0.574575	0	0	0	
18.852	24	19	50	4	2	-1466.283	35.02572	50.01853	0.01893375	0.1060133	0.573822	0	0	0	
18.852	24	19	50	4	2	-1466.048	35.24561	50.05835	0.01793369	0.1060286	0.5731559	0	0	0	
18.852	24	19	50	4	2	-1465.754	35.52067	50.10733	0.01625875	0.1071247	0.5724138	0	0	0	
18.852	24	19	50	4	2	-1465.459	35.79589	50.15544	0.01522657	0.1068302	0.571557	0	0	0	
18.852	24	19	50	4	2	-1465.222	36.01613	50.1933	0.0163983	0.1043762	0.5707697	0	0	0	
18.852	24	19	50	4	2	-1465.014	36.20892	50.22597	0.01848811	0.1027094	0.5701696	0	0	0	
18.852	24	19	50	4	2	-1464.806	36.40179	50.25822	0.02062471	0.1028167	0.5695936	0	0	0	
18.852	24	19	50	4	2	-1464.538	36.64987	50.29906	0.02289227	0.103622	0.5689356	0	0	0	
18.852	24	19	50	4	2	-1464.239	36.92561	50.34361	0.0243199	0.1039529	0.5679793	0	0	0	
18.852	24	19	50	4	2	-1463.939	37.20143	50.38732	0.02408026	0.1026182	0.5671319	0	0	0	
18.852	24	19	50	4	2	-1463.758	37.36694	50.41314	0.02387069	0.1007701	0.5664426	0	0	0	
18.852	24	19	50	4	2	-1463.547	37.56004	50.44288	0.02424205	0.09907475	0.56585	0	0	0	
18.852	24	19	50	4	2	-1463.305	37.78073	50.47637	0.02568633	0.09759692	0.5650888	0	0	0	
18.852	24	19	50	4	2	-1463.063	38.0014	50.50933	0.02799189	0.09717615	0.5643628	0	0	0	
18.852	24	19	50	5	2	-1462.85	38.19445	50.53774	0.03067311	0.09653157	0.5637161	0	0	0	
18.852	24	19	50	5	2	-1462.637	38.38744	50.56575	0.03354673	0.09534965	0.563041	0	0	0	
18.852	24	19	50	5	2	-1462.454	38.55282	50.58943	0.03578711	0.09418969	0.5624425	0	0	0	
18.852	24	19	50	5	2	-1462.271	38.71814	50.61283	0.03771009	0.09300458	0.5618362	0	0	0	
18.852	24	19	50	5	2	-1462.056	38.91094	50.63976	0.03953005	0.0917406	0.5611285	0	0	0	
18.852	24	19	50	5	2	-1461.903	39.0486	50.65877	0.04053331	0.0910587	0.5605293	0	0	0	
18.852	24	19	50	5	2	-1461.657	39.26873	50.68876	0.04143369	0.09016319	0.5598212	0	0	0	
18.852	24	19	50	5	2	-1461.472	39.43371	50.71093	0.0422642	0.0889418	0.5590891	0	0	0	
18.852	24	19	50	5	2	-1461.287	39.59859	50.73281	0.04287411	0.08805178	0.5584561	0	0	0	
18.852	24	19	50	5	2	-1461.287	39.59859	50.73281	0.04287411	0.08805178	0.5584561	0	0	0	
18.852	24	19	50	5	2	-1461.287	39.59859	50.73281	0.04287411	0.08805178	0.5584561	0	0	0	
18.852	24	19	50	5	2	-1461.287	39.59859	50.73281	0.04287411	0.08805178	0.5584561	0	0	0	
18.852	24	19	50	5	2	-1461.287	39.59859	50.73281	0.04287411	0.08805178	0.5584561	0	0	0	
18.852	24	19	50	5	2	-1461.287	39.59859	50.73281	0.04287411	0.08805178	0.5584561	0	0	0	
18.852	24	19	50	5	2	-1461.287	39.59859	50.73281	0.04287411	0.08805178	0.5584561	0	0	0	
18.852	24	19	50	5	2	-1461.287	39.59859	50.73281	0.04287411	0.08805178	0.5584561	0	0	0	
18.852	24	19	50	5	2	-1461.287	39.59859	50.73281	0.04287411	0.08805178	0.5584561	0	0	0	
18.852	24	19	50	5	2	-1461.287	39.59859	50.73281	0.04287411	0.08805178	0.5584561	0	0	0	
18.852	24	19	50	5	2	-1461.287	39.59859	50.73281	0.04287411	0.08805178	0.5584561	0	0	0	
18.852	24	19	50	5	2	-1461.287	39.59859	50.73281	0.04287411	0.08805178	0.5584561	0	0	0	
18.852	24	19	50	6	2	-1461.287	39.59859	50.73281	0.04287411	0.08805178	0.5584561	0	0	0	
18.852	24	19	50	6	2	-1461.287	39.59859	50.73281	0.04287411	0.08805178	0.5584561	0	0	0	
18.852	24	19	50	6	2	-1461.287	39.59859	50.73281	0.04287411	0.08805178	0.5584561	0	0	0	
18.852	24	19	50	6	2	-1461.287	39.59859	50.73281	0.04287411	0.08805178	0.5584561	0	0	0	
18.852	24	19	50	6	2	-1461.287	39.59859	50.73281	0.04287411	0.08805178	0.5584561	0	0	0	
18.852	24	19	50	6	2	-1461.287	39.59859	50.73281	0.04287411	0.08805178	0.5584561	0	0	0	
18.852	24	19	50	6	2	-1461.287	39.59859	50.73281	0.04287411	0.08805178	0.5584561	0	0	0	
18.852	24	19	50	6	2	-1461.287	39.59859	50.73281	0.04287411	0.08805178	0.5584561	0	0	0	
18.852	24	19	50	6	2	-1461.287	39.59859	50.73281	0.04287411	0.08805178	0.5584561	0	0	0	
18.852	24	19	50	6	2	-1461.287	39.59859	50.73281	0.04287411	0.08805178	0.5584561	0	0	0	
18.852	24	19	50	6	2	-1461.287	39.59859	50.73281	0.04287411	0.08805178	0.5584561	0	0	0	
18.852	24	19	50	6	2	-1461.287	39.59859	50.73281	0.04287411	0.08805178	0.5584561	0	0	0	
18.852	24	19	50	6	2	-1461.287	39.59859	50.73281	0.04287411	0.08805178	0.5584561	0	0	0	
18.852	24	19	50	6	2	-1461.287	39.59859	50.73281	0.04287411	0.08805178	0.5584561	0	0	0	
18.852	24	19	50	6	2	-1461.287	39.59859	50.73281	0.04287411	0.08805178	0.5584561	0	0	0	
18.852	24	19	50	6	2	-1461.287	39.59859	50.73281	0.04287411	0.08805178	0.5584561	0	0	0	
18.852	24	19	50	6	2	-1461.287	39.59859	50.73281	0.04287411	0.08805178	0.5584561	0	0	0	
18.852	24	19	50	6	2	-1461.287	39.59859	50.73281	0.04287411	0.08805178	0.5584561	0	0	0	
18.852	24	19	50	6	2	-1461.287	39.59859	50.73281	0.04287411	0.08805178	0.5584561	0	0	0	
18.852	24	19	50	6	2	-1461.287	39.59859	50.73281	0.04287411	0.08805178	0.5584561	0	0	0	
18.852	24	19	50	7	2	-1461.287	39.59859	50.73281	0.04287411	0.08805178	0.5584561	0	0	0	
18.852	24	19	50	7	2	-1461.287	39.59859	50.73281	0.04287411	0.08805178	0.5584561	0	0	0	
18.852	24	19	50	7	2	-1461.287	39.59859	50.73281	0.04287411	0.08805178	0.5584561	0	0	0	
18.852	24	19	50	7	2	-1461.287	39.59859	50.73281	0.04287411	0.08805178	0.5584561	0	0	0	
18.852	24	19	50	7	2	-1461.287	39.59859	50.73281	0.04287411	0.08805178	0.5584561	0	0	0	
18.852	24	19	50	7	2	-1461.287	39.59859	50.73281	0.04287411	0.08805178	0.5584561	0	0	0	
18.852	24	19	50	7	2	-1461.287	39.59859	50.73281	0.04287411	0.08805178	0.5584561	0	0	0	
18.852	24	19	50	7	2	-1461.287	39.59859	50.73281	0.04287411	0.08805178	0.5584561	0	0	0	
18.852	24	19	50	7	2	-1461.287	39.59859	50.73281	0.04287411	0.08805178	0.5584561	0	0	0	
18.852	24	19	50	7	2	-1461.287	39.59859	50.73281	0.04287411	0.08805178	0.5584561	0	0	0	
18.852	24	19	50	7	2	-1461.287	39.59859	50.73281	0.04287411	0.08805178	0.5584561	0	0	0	
18.852	24	19	50	7	2	-1461.287	39.59859	50.73281	0.04287411	0.08805178	0.5584561	0	0	0	
18.852	24	19	50	7	2	-1461.287	39.59859	50.73281	0.04287411	0.08805178	0.5584561	0	0	0	
18.852	24	19	50	7	2	-1461.287	39.59859	50.73281	0.04287411	0.08805178	0.5584561	0	0	0	
18.852	24	19	50	7	2	-1461.287	39.59859	50.73281	0.04287411	0.08805178	0.5584561	0	0	0	
18.852	24	19	50	7	2	-1461.287	39.59859	50.73281	0.04287411	0.08805178	0.5584561	0	0	0	
18.852	24	19	50	7	2	-1461.287	39.59859	50.73281	0.04287411	0.08805178	0.5584561	0	0	0	
18.852	24	19	50	7	2	-1461.287	39.59859	50.73281	0.04287411	0.08805178	0.5584561	0	0	0	
18.852	24	19	50	7	2	-1461.287	39.59859	50.73281	0.04287411	0.08805178	0.5584561	0	0	0	
18.852	24	19	50	7	2	-1461.287	39.59859	50.73281	0.04287411	0.08805178	0.5584561	0	0	0	
18.852	24	19	50	8	2	-1461.287	39.59859	50.73281	0.04287411	0.08805178	0.5584561	0	0	0	
18.852	24	19	50	8	2	-1461.287	39.59859	50.73281	0.04287411	0.08805178	0.5584561	0	0	0	
18.852	24	19	50	8	2	-1461.287	39.59859	50.73281	0.04287411	0.08805178	0.5584561	0	0	0	
18.852	24	19	50	8	2	-1461.287	39.59859	50.73281	0.04287411	0.08805178	0.5584561	0	0	0	
18.852	24	19	50	8	2	-1461.287	39.59859	50.73281	0.04287411	0.08805178	0.5584561	0	0	0	
18.852	24	19	50	8	2	-1461.287	39.59859	50.73281	0.04287411	0.08805178	0.5584561	0	0	0	
18.852	24	19	50	8	2	-1461.287	39.59859	50.73281	0.04287411	0.08805178	0.5584561	0	0	0	
18.852	24	19	50	8	2	-1461.287	39.59859	50.73281	0.04287411	0.08805178	0.5584561	0	0	0	
18.852	24	19	50	8	2	-1461.287	39.59859	50.73281	0.04287411	0.08805178	0.5584561	0	0	0	
18.852	24	19	50	8	2	-1461.287	39.59859	50.73281	0.04287411	0.08805178	0.5584561	0	0	0	
18.852	24	19	50	8	2	-1461.287	39.59859	50.73281	0.04287411	0.08805178	0.5584561	0	0	0	
18.852	24	19	50	8	2	-1461.287	39.59859	50.73281	0.04287411	0.08805178	0.5584561	0	0	0	
18.852	24	19	50	8	2	-1461.287	39.59859	50.73281	0.04287411	0.08805178	0.5584561	0	0	0	
18.852	24	19	50	8	2	-1461.287	39.59859	50.73281	0.04287411	0.08805178	0.5584561	0	0	0	
18.852	24	19	50	8	2	-1461.287	39.59859	50.73281	0.04287411	0.08805178	0.5584561	0	0	0	
18.852	24	19	50	8	2	-1461.287	39.59859	50.73281	0.04287411	0.08805178	0.5584561	0	0	0	
18.852	24	19	50	8	2	-1461.287	39.59859	50.73281	0.04287411	0.08805178	0.5584561	0	0	0	
18.852	24	19	50	8	2	-1461.287	39.59859	50.73281	0.04287411	0.08805178	0.5584561	0	0	0	
18.852	24	19	50	8	2	-1461.287	39.59859	50.73281	0.04287411	0.08805178	0.5584561	0	0	0	
18.852	24	19	50	8	2	-1461.287	39.59859	50.73281	0.04287411	0.08805178	0.5584561	0	0	0	
18.852	24	19	50	9	2	-1461.287	39.59859	50.73281	0.04287411	0.08805178	0.5584561	0	0	0	
18.852	24	19	50	9	2	-1461.287	39.59859	50.73281	0.04287411	0.08805178	0.5584561	0	0	0	
18.852	24	19	50	9	2	-1461.287	39.59859	50.73281	0.04287411	0.08805178	0.5584561	0	0	0	
18.852	24	19	50	9	2	-1461.287	39.59859	50.73281	0.04287411	0.08805178	0.5584561	0	0	0	
18.852	24	19	50	9	2	-1461.287	39.59859	50.73281	0.04287411	0.08805178	0.5584561	0	0	0	
18.852	24	19	50	9	2	-1461.287	39.59859	50.73281	0.04287411	0.08805178	0.5584561	0	0	0	
18.852	24	19	50	9	2	-1461.287	39.59859	50.73281	0.04287411	0.08805178	0.5584561	0	0	0	
18.852	24	19	50	9	2	-1461.287	39.59859	50.73281	0.04287411	0.08805178	0.5584561	0	0	0	
18.852	24	19	50	9	2	-1461.287	39.59859	50.73281	0.04287411	0.08805178	0.5584561	0	0	0	
18.852	24	19	50	9	2	-1461.287	39.59859	50.73281	0.04287411	0.08805178	0.5584561	0	0	0	
18.852	24	19	50	9	2	-1461.287	39.59859	50.73281	0.04287411	0.08805178	0.5584561	0	0	0	
18.852	24	19	50	9	2	-1461.287	39.59859	50.73281	0.04287411	0.08805178	0.5584561	0	0	0	
18.852	24	19	50	9	2	-1461.287	39.59859	50.73281	0.04287411	0.08805178	0.5584561	0	0	0	
18.852	24	19	50	9	2	-1461.287	39.59859	50.73281	0.04287411	0.08805178	0.5584561	0	0	0	
18.852	24	19	50	9	2	-1461.287	39.59859	50.73281	0.04287411	0.08805178	0.5584561	0	0	0	
18.852	24	19	50	9	2	-1461.287	39.59859	50.73281	0.04287411	0.08805178	0.5584561	0	0	0	
18.852	24	19	50	9	2	-1461.287	39.59859	50.73281	0.04287411	0.08805178	0.5584561	0	0	0	
18.852	24	19	50	9	2	-1461.287	39.59859	50.73281	0.04287411	0.08805178	0.5584561	0	0	0	
18.852	24	19	50	9	2	-1461.287	39.59859	50.73281	0.04287411	0.08805178	0.5584561	0	0	0	
18.852	24	19	50	9	2	-1461.287	39.59859	50.73281	0.04287411	0.08805178	0.5584561	0	0	0	
18.852	24	19	50	10	2	-1461.287	39.59859	50.73281	0.04287411	0.08805178	0.5584561	0	0	0	
18.852	24	19	50	10	2	-1461.287	39.59859	50.73281	0.04287411	0.08805178	0.5584561	0	0	0	
18.852	24	19	50	10	2	-1461.287	39.59859	50.73281	0.04287411	0.08805178	0.5584561	0	0	0	
18.852	24	19	50	10	2	-1461.287	39.59859	50.73281	0.04287411	0.08805178	0.5584561	0	0	0	
18.852	24	19	50	10	2	-1461.287	39.59859	50.73281	0.04287411	0.08805178	0.5584561	0	0	0	
18.852	24	19	50	10	2	-1461.287	39.59859	50.73281	0.04287411	0.08805178	0.5584561	0	0	0	
18.852	24	19	50	10	2	-1461.287	39.59859	50.73281	0.04287411	0.08805178	0.5584561	0	0	0	
18.852	24	19	50	10	2	-1461.287	39.59859	50.73281	0.04287411	0.08805178	0.5584561	0	0	0	
18.852	24	19	50	10	2	-1461.287	39.59859	50.73281	0.04287411	0.08805178	0.5584561	0	0	0	
18.852	24	19	50	10	2	-1461.287	39.59859	50.73281	0.04287411	0.08805178	0.5584561	0	0	0	
18.852	24	19	50	10	2	-1461.287	39.59859	50.73281	0.04287411	0.08805178	0.5584561	0	0	0	
18.852	24	19	50	10	2	-1461.287	39.59859	50.73281	0.04287411	0.08805178	0.5584561	0	0	0	
18.852	24	19	50	10	2	-1461.287	39.59859	50.73281	0.04287411	0.08805178	0.5584561	0	0	0	
18.852	24	19	50	10	2	-1461.287	39.59859	50.73281	0.04287411	0.08805178	0.5584561	0	0	0	
18.852	24	19	50	10	2	-1461.287	39.59859	50.73281	0.04287411	0.08805178	0.5584561	0	0	0	
18.852	24	19	50	10	2	-1461.287	39.59859	50.73281	0.04287411	0.08805178	0.5584561	0	0	0	
18.852	24	19	50	10	2	-1461.287	39.59859	50.73281	0.04287411	0.08805178	0.5584561	0	0	0	
18.852	24	19	50	10	2	-1461.287	39.59859	50.73281	0.04287411	0.08805178	0.5584561	0	0	0	
18.852	24	19	50	10	2	-1461.287	39.59859	50.73281	0.04287411	0.08805178	0.5584561	0	0	0	
18.852	24	19	50	10	2	-1461.287	39.59859	50.73281	0.04287411	0.08805178	0.5584561	0	0	0	
18.852	24	19	50	11	2	-1461.287	39.59859	50.73281	0.04287411	0.08805178	0.5584561	0	0	0	
18.852	24	19	50	11	2	-1461.287	39.59859	50.73281	0.04287411	0.08805178	0.5584561	0	0	0	
18.852	24	19	50	11	2	-1461.287	39.59859	50.73281	0.04287411	0.08805178	0.5584561	0	0	0	
18.852	24	19	50	11	2	-1461.287	39.59859	50.73281	0.04287411	0.08805178	0.5584561	0	0	0	
18.852	24	19	50	11	2	-1461.287	39.59859	50.73281	0.04287411	0.08805178	0.5584561	0	0	0	
18.852	24	19	50	11	2	-1461.287	39.59859	50.73281	0.04287411	0.08805178	0.5584561	0	0	0	
18.852	24	19	50	11	2	-1461.287	39.59859	50.73281	0.04287411	0.08805178	0.5584561	0	0	0	
18.852	24	19	50	11	2	-1461.287	39.59859	50.73281	0.04287411	0.08805178	0.5584561	0	0	0	
18.852	24	19	50	11	2	-1461.287	39.59859	50.73281	0.04287411	0.08805178	0.5584561	0	0	0	
18.852	24	19	50	11	2	-1461.287	39.59859	50.73281	0.04287411	0.08805178	0.5584561	0	0	0	
18.852	24	19	50	11	2	-1461.287	39.59859	50.73281	0.04287411	0.08805178	0.5584561	0	0	0	
18.852	24	19	50	11	2	-1461.287	39.59859	50.73281	0.04287411	0.08805178	0.5584561	0	0	0	
18.852	24	19	50	11	2	-1461.287	39.59859	50.73281	0.04287411	0.08805178	0.5584561	0	0	0	
18.852	24	19	50	11	2	-1461.287	39.59859	50.73281	0.04287411	0.08805178	0.5584561	0	0	0	
18.852	24	19	50	11	2	-1461.287	39.59859	50.73281	0.04287411	0.08805178	0.5584561	0	0	0	
18.852	24	19	50	11	2	-1461.287	39.59859	50.73281	0.04287411	0.08805178	0.5584561	0	0	0	
18.852	24	19	50	11	2	-1461.287	39.59859	50.73281	0.04287411	0.08805178	0.5584561	0	0	0	
18.852	24	19	50	11	2	-1461.287	39.59859	50.73281	0.04287411	0.08805178	0.5584561	0	0	0	
18.852	24	19	50	11	2	-1461.287	39.59859	50.73281	0.04287411	0.08805178	0.5584561	0	0	0	
18.852	24	19	50	11	2	-1461.287	39.59859	50.73281	0.04287411	0.08805178	0.5584561	0	0	0	
18.852	24	19	50	12	2	-1461.287	39.59859	50.73281	0.04287411	0.08805178	0.5584561	0	0	0	
18.852	24	19	50	12	2	-1461.287	39.59859	50.73281	0.04287411	0.08805178	0.5584561	0	0	0	
18.852	24	19	50	12	2	-1461.287	39.59859	50.73281	0.04287411	0.08805178	0.5584561	0	0	0	
18.852	24	19	50	12	2	-1461.287	39.59859	50.73281	0.04287411	0.08805178	0.5584561	0	0	0	
18.852	24	19	50	12	2	-1461.287	39.59859	50.73281	0.04287411	0.08805178	0.5584561	0	0	0	
18.852	24	19	50	12	2	-1461.287	39.59859	50.73281	0.04287411	0.08805178	0.5584561	0	0	0	
18.852	24	19	50	12	2	-1461.287	39.59859	50.73281	0.04287411	0.08805178	0.5584561	0	0	0	
18.852	24	19	50	12	2	-1461.287	39.59859	50.73281	0.04287411	0.08805178	0.5584561	0	0	0	
18.852	24	19	50	12	2	-1461.287	39.59859	50.73281	0.04287411	0.08805178	0.5584561	0	0	0	
18.852	24	19	50	12	2	-1461.287	39.59859	50.73281	0.04287411	0.08805178	0.5584561	0	0	0	
18.852	24	19	50	12	2	-1461.287	39.59859	50.73281	0.04287411	0.08805178	0.5584561	0	0	0	
18.852	24	19	50	12	2	-1461.287	39.59859	50.73281	0.04287411	0.08805178	0.5584561	0	0	0	
18.852	24	19	50	12	2	-1461.287	39.59859	50.73281	0.04287411	0.08805178	0.5584561	0	0	0	
18.852	24	19	50	12	2	-1461.287	39.59859	50.73281	0.04287411	0.08805178	0.5584561	0	0	0	
18.852	24	19	50	12	2	-1461.287	39.59859	50.73281	0.04287411	0.08805178	0.5584561	0	0	0	
18.852	24	19	50	12	2	-1461.287	39.59859	50.73281	0.04287411	0.08805178	0.5584561	0	0	0	
18.852	24	19	50	12	2	-1461.287	39.59859	50.73281	0.04287411	0.08805178	0.5584561	0	0	0	
18.852	24	19	50	12	2	-1461.287	39.59859	50.73281	0.04287411	0.08805178	0.5584561	0	0	0	
18.852	24	19	50	12	2	-1461.287	39.59859	50.73281	0.04287411	0.08805178	0.5584561	0	0	0	
18.852	24	19	50	12	2	-1461.287	39.59859	50.73281	0.04287411	0.08805178	0.5584561	0	0	0	
18.852	24	19	50	13	2	-1461.287	39.59859	50.73281	0.04287411	0.08805178	0.5584561	0	0	0	
18.852	24	19	50	13	2	-1461.287	39.59859	50.73281	0.04287411	0.08805178	0.5584561	0	0	0	
18.852	24	19	50	13	2	-1461.287	39.59859	50.73281	0.04287411	0.08805178	0.5584561	0	0	0	
18.852	24	19	50	13	2	-1461.287	39.59859	50.73281	0.04287411	0.08805178	0.5584561	0	0	0	
18.852	24	19	50	13	2	-1461.287	39.59859	50.73281	0.04287411	0.08805178	0.5584561	0	0	0	
18.852	24	19	50	13	2	-1461.287	39.59859	50.73281	0.04287411	0.08805178	0.5584561	0	0	0	
18.852	24	19	50	13	2	-1461.287	39.59859	50.73281	0.04287411	0.08805178	0.5584561	0	0	0	
18.852	24	19	50	13	2	-1461.287	39.59859	50.73281	0.04287411	0.08805178	0.5584561	0	0	0	
18.852	24	19	50	13	2	-1461.287	39.59859	50.73281	0.04287411	0.08805178	0.5584561	0	0	0	
18.852	24	19	50	13	2	-1461.287	39.59859	50.73281	0.04287411	0.08805178	0.5584561	0	0	0	
18.852	24	19	50	13	2	-1461.287	39.59859	50.73281	0.04287411	0.08805178	0.5584561	0	0	0	
18.852	24	19	50	13	2	-1461.287	39.59859	50.73281	0.04287411	0.08805178	0.5584561	0	0	0	
18.852	24	19	50	13	2	-1461.287	39.59859	50.73281	0.04287411	0.08805178	0.5584561	0	0	0	
18.852	24	19	50	13	2	-1461.287	39.59859	50.73281	0.04287411	0.08805178	0.5584561	0	0	0	
18.852	24	19	50	13	2	-1461.287	39.59859	50.73281	0.04287411	0.08805178	0.5584561	0	0	0	
18.852	24	19	50	13	2	-1461.287	39.59859	50.73281	0.04287411	0.08805178	0.5584561	0	0	0	
18.852	24	19	50	13	2	-1461.287	39.59859	50.73281	0.04287411	0.08805178	0.5584561	0	0	0	
18.852	24	19	50	13	2	-1461.287	39.59859	50.73281	0.04287411	0.08805178	0.5584561	0	0	0	
18.852	24	19	50	13	2	-1461.287	39.59859	50.73281	0.04287411	0.08805178	0.5584561	0	0	0	
18.852	24	19	50	13	2	-1461.287	39.59859	50.73281	0.04287411	0.08805178	0.5584561	0	0	0	
18.852	24	19	50	14	2	-1461.287	39.59859	50.73281	0.04287411	0.08805178	0.5584561	0	0	0	
18.852	24	19	50	14	2	-1461.287	39.59859	50.73281	0.04287411	0.08805178	0.5584561	0	0	0	
18.852	24	19	50	14	2	-1461.287	39.59859	50.73281	0.04287411	0.08805178	0.5584561	0	0	0	
