time	day	hour	min	sec	control_state	uav_pos_x	uav_pos_y	uav_pos_z	uav_roll	uav_pitch	uav_yaw	uav_vel_x	uav_vel_y	uav_vel_z	
0	24	19	49	24	0	0	0	0	0	0	0	0	0	0	
0	24	19	49	24	1	-1496	-1.570298e-07	4.2755	0	0	0	0	0	0	
0.028	24	19	49	24	1	-1496	-1.570298e-07	4.2755	0	0	0	0	0	0	
0.052	24	19	49	24	1	-1496	-1.570298e-07	4.2755	0	0	0	0	0	0	
0.068	24	19	49	24	1	-1496	6.337519e-07	4.2755	0	0	0	0	0	0	
0.092	24	19	49	24	1	-1496	7.516735e-06	4.275505	0	0	0	0	0	0	
0.116	24	19	49	24	1	-1496	1.118698e-05	4.27551	0	0	0	0	0	0	
0.128	24	19	49	25	1	-1496	4.244337e-06	4.27552	0	0	0	0	0	0	
0.152	24	19	49	25	1	-1496	-3.32434e-05	4.275553	0	0	0	0	0	0	
0.168	24	19	49	25	1	-1496	-7.415401e-05	4.275583	0	0	0	0	0	0	
0.196	24	19	49	25	1	-1496	-0.0001908833	4.275661	0	0	0	0	0	0	
0.212	24	19	49	25	1	-1496	-0.0002670747	4.275708	0	0	0	0	0	0	
0.232	24	19	49	25	1	-1496	-0.000335888	4.275756	0	0	0	0	0	0	
0.256	24	19	49	25	1	-1496	-0.000433627	4.275842	0	0	0	0	0	0	
0.276	24	19	49	25	1	-1496	-0.0004935652	4.275904	0	0	0	0	0	0	
0.292	24	19	49	25	1	-1496	-0.0005438396	4.275955	0	0	0	0	0	0	
0.308	24	19	49	25	1	-1495.999	-0.0005952799	4.276007	0	0	0	0	0	0	
0.332	24	19	49	25	1	-1495.999	-0.0006840136	4.276087	-0.002747685	-0.001831566	-0.001791972	0	0	0	
0.36	24	19	49	25	1	-1495.999	-0.0008195185	4.276288	-0.001896171	-0.0004509042	-0.001969549	0	0	0	
0.392	24	19	49	25	1	-1495.999	-0.001000942	4.277577	0.00020596	-7.295158e-05	-0.002087729	0	0	0	
0.408	24	19	49	25	1	-1495.999	-0.001066366	4.27845	0.001255669	-1.840635e-05	-0.002141521	0	0	0	
0.428	24	19	49	25	1	-1495.999	-0.00118714	4.280851	0.002120993	-0.0002997901	-0.002200278	0	0	0	
0.448	24	19	49	25	1	-1495.999	-0.001286953	4.283517	0.002658003	-0.0006556156	-0.002249795	0	0	0	
0.468	24	19	49	25	1	-1495.999	-0.001386872	4.286782	0.002792828	-0.0006815686	-0.002285662	0	0	0	
0.484	24	19	49	25	1	-1495.998	-0.001472084	4.289823	0.002773239	-0.0003517053	-0.002309469	0	0	0	
0.512	24	19	49	25	1	-1495.998	-0.001634473	4.296053	0.002549488	0.0007087968	-0.002345647	0	0	0	
0.536	24	19	49	25	1	-1495.998	-0.001761514	4.301204	0.002204433	0.001036037	-0.002371948	0	0	0	
0.56	24	19	49	26	1	-1495.998	-0.00194171	4.309386	0.001467441	0.001209793	-0.002393144	0	0	0	
0.592	24	19	49	26	1	-1495.998	-0.002160245	4.320107	0.0004360859	0.002157074	-0.002412676	0	0	0	
0.616	24	19	49	26	1	-1495.997	-0.002336175	4.329095	-5.206963e-05	0.00220862	-0.002424437	0	0	0	
0.648	24	19	49	26	1	-1495.997	-0.002559775	4.34232	-0.001022159	0.001904438	-0.002430911	0	0	0	
0.676	24	19	49	26	1	-1495.997	-0.002740081	4.355038	-0.002067355	0.001701061	-0.002435418	0	0	0	
0.696	24	19	49	26	1	-1495.997	-0.002865502	4.364768	-0.002614274	0.001197939	-0.002436922	0	0	0	
0.712	24	19	49	26	1	-1495.996	-0.002964423	4.372935	-0.002716149	0.0009874376	-0.002437478	0	0	0	
0.74	24	19	49	26	1	-1495.996	-0.003130906	4.388038	-0.002570241	0.0004144341	-0.002432295	0	0	0	
0.764	24	19	49	26	1	-1495.996	-0.003246886	4.399451	-0.001954795	0.0004445599	-0.002429308	0	0	0	
0.78	24	19	49	26	1	-1495.995	-0.003361062	4.411375	-0.00133876	0.0008712731	-0.002429885	0	0	0	
0.804	24	19	49	26	1	-1495.995	-0.003497943	4.426354	-0.0001825587	0.00171902	-0.002425915	0	0	0	
0.824	24	19	49	26	1	-1495.995	-0.003613013	4.439389	0.0008660125	0.00209854	-0.00242156	0	0	0	
0.852	24	19	49	26	1	-1495.994	-0.003774721	4.458466	0.002116275	0.00180361	-0.002416245	0	0	0	
0.88	24	19	49	26	1	-1495.994	-0.003923168	4.478502	0.002315951	0.0003578823	-0.002420471	0	0	0	
0.9	24	19	49	26	1	-1495.994	-0.004018083	4.493393	0.001662888	-0.0005882305	-0.002422968	0	0	0	
0.924	24	19	49	26	1	-1495.993	-0.004124699	4.511889	0.0003210545	-0.001167365	-0.002427205	0	0	0	
0.948	24	19	49	26	1	-1495.993	-0.004230534	4.531062	-0.001107907	-0.001837274	-0.002430224	0	0	0	
0.972	24	19	49	26	1	-1495.992	-0.00434114	4.550902	-0.002128841	-0.001463781	-0.002434848	0	0	0	
1	24	19	49	26	1	-1495.992	-0.004457493	4.571399	-0.002475087	0.0003411091	-0.002439693	0	0	0	
1.016	24	19	49	26	1	-1495.992	-0.004556828	4.588976	-0.002285604	0.001166582	-0.002443072	0	0	0	
1.04	24	19	49	27	1	-1495.991	-0.004679509	4.610657	-0.001467408	0.001264768	-0.002445212	0	0	0	
1.076	24	19	49	27	1	-1495.99	-0.004884603	4.644358	0.0009927391	-0.0002027743	-0.002451372	0	0	0	
1.112	24	19	49	27	1	-1495.99	-0.005107203	4.679449	0.003605628	-0.001186794	-0.002454958	0	0	0	
1.14	24	19	49	27	1	-1495.989	-0.005262865	4.7036	0.004840319	-0.001458052	-0.002459153	0	0	0	
1.172	24	19	49	27	1	-1495.989	-0.005478611	4.736724	0.00484154	-0.0004510952	-0.002460815	0	0	0	
1.192	24	19	49	27	1	-1495.988	-0.005638144	4.762254	0.003801104	0.0006551216	-0.002465541	0	0	0	
1.212	24	19	49	27	1	-1495.988	-0.005769649	4.783973	0.002180276	0.001384663	-0.002472421	0	0	0	
1.232	24	19	49	27	1	-1495.987	-0.005905394	4.80609	0.0003895626	0.001776692	-0.002479621	0	0	0	
1.252	24	19	49	27	1	-1495.987	-0.006049477	4.828602	-0.001164223	0.001645515	-0.00248734	0	0	0	
1.28	24	19	49	27	1	-1495.986	-0.006270723	4.860766	-0.002332607	0.001074404	-0.00250419	0	0	0	
1.32	24	19	49	27	1	-1495.986	-0.006584409	4.907996	-0.002846809	-0.0007681097	-0.002527502	0	0	0	
1.344	24	19	49	27	1	-1495.985	-0.006767039	4.937046	-0.002532835	-0.001124828	-0.00254383	0	0	0	
1.368	24	19	49	27	1	-1495.984	-0.006947885	4.966623	-0.001732098	-7.832075e-05	-0.002565026	0	0	0	
1.392	24	19	49	27	1	-1495.984	-0.007122652	4.99672	-0.0007585576	0.001653688	-0.002586123	0	0	0	
1.42	24	19	49	27	1	-1495.983	-0.007300485	5.02733	0.0007200188	0.001724101	-0.002606566	0	0	0	
1.444	24	19	49	27	1	-1495.983	-0.007514424	5.063681	0.002061089	-0.0006541965	-0.002631553	0	0	0	
1.468	24	19	49	27	1	-1495.982	-0.007707342	5.095381	0.003291754	-0.002485771	-0.002655612	0	0	0	
1.492	24	19	49	27	1	-1495.982	-0.007902068	5.127572	0.003908105	-0.002234788	-0.002665998	0	0	0	
1.52	24	19	49	27	1	-1495.981	-0.008131362	5.165743	0.003683279	-0.0005800358	-0.002671278	0	0	0	
1.556	24	19	49	27	1	-1495.98	-0.008423718	5.215764	0.001860314	0.001261425	-0.002686027	0	0	0	
1.588	24	19	49	28	1	-1495.979	-0.008683933	5.261096	-0.0004692324	0.001235992	-0.002699237	0	0	0	
1.624	24	19	49	28	1	-1495.978	-0.008984322	5.313056	-0.002556519	-0.001040323	-0.002702642	0	0	0	
1.648	24	19	49	28	1	-1495.978	-0.00917941	5.348248	-0.003493851	-0.001603299	-0.002701878	0	0	0	
1.668	24	19	49	28	1	-1495.977	-0.009340107	5.377905	-0.003774242	-0.001560325	-0.002701216	0	0	0	
1.7	24	19	49	28	1	-1495.976	-0.009598506	5.425974	-0.003025118	-0.0013108	-0.002691766	0	0	0	
1.72	24	19	49	28	1	-1495.976	-0.009754947	5.456397	-0.002114178	-0.00109491	-0.002683902	0	0	0	
1.744	24	19	49	28	1	-1495.975	-0.009935135	5.493283	-0.0008692949	-0.0009604496	-0.002675172	0	0	0	
1.764	24	19	49	28	1	-1495.975	-0.01008297	5.524332	0.0002506388	-1.411273e-05	-0.002671906	0	0	0	
1.792	24	19	49	28	1	-1495.974	-0.01025527	5.561958	0.00153809	0.002417436	-0.002669972	0	0	0	
1.812	24	19	49	28	1	-1495.973	-0.01042503	5.599978	0.002148555	0.003505959	-0.002673027	0	0	0	
1.832	24	19	49	28	1	-1495.973	-0.01055851	5.631956	0.002201633	0.003240717	-0.002684331	0	0	0	
1.856	24	19	49	28	1	-1495.972	-0.01071011	5.670679	0.00157553	0.001226336	-0.002703219	0	0	0	
1.88	24	19	49	28	1	-1495.971	-0.01085214	5.70978	0.000315074	-0.001070233	-0.002730708	0	0	0	
1.904	24	19	49	28	1	-1495.971	-0.0109814	5.749252	-0.001432129	-0.001942313	-0.002764633	0	0	0	
1.932	24	19	49	28	1	-1495.97	-0.01112279	5.79576	-0.003376589	-0.0004939016	-0.002808746	0	0	0	
1.944	24	19	49	28	1	-1495.969	-0.01118351	5.815841	-0.003935161	0.000414672	-0.002828787	0	0	0	
1.968	24	19	49	28	1	-1495.969	-0.0113084	5.856264	-0.004287658	0.001396072	-0.00286498	0	0	0	
1.996	24	19	49	28	1	-1495.968	-0.01143639	5.897032	-0.003438846	0.00090931	-0.00289721	0	0	0	
2.02	24	19	49	28	1	-1495.967	-0.01158529	5.945021	-0.001934703	-0.0003977677	-0.002920689	0	0	0	
2.044	24	19	49	28	1	-1495.966	-0.01168419	5.979575	-0.0003476214	-0.001692649	-0.002947299	0	0	0	
2.068	24	19	49	29	1	-1495.966	-0.01180703	6.028325	0.0008677412	-0.002231428	-0.002972961	0	0	0	
2.092	24	19	49	29	1	-1495.965	-0.01189683	6.070455	0.00143322	-0.00127801	-0.002991296	0	0	0	
2.12	24	19	49	29	1	-1495.964	-0.01198128	6.12	0.00105589	0.0003082864	-0.003000829	0	0	0	
2.136	24	19	49	29	1	-1495.963	-0.01202982	6.148497	0.0007186114	0.0005569939	-0.003008074	0	0	0	
2.156	24	19	49	29	1	-1495.963	-0.0120941	6.184305	0.0003452333	4.906912e-05	-0.003023486	0	0	0	
2.18	24	19	49	29	1	-1495.962	-0.01218216	6.227543	0.0002246684	-0.001375189	-0.003035284	0	0	0	
2.196	24	19	49	29	1	-1495.962	-0.01224706	6.256528	0.0003407502	-0.002414001	-0.0030384	0	0	0	
2.216	24	19	49	29	1	-1495.961	-0.01233294	6.292936	0.0006138861	-0.003281429	-0.003040269	0	0	0	
2.236	24	19	49	29	1	-1495.96	-0.01241303	6.329542	0.000595584	-0.003510797	-0.003036265	0	0	0	
2.264	24	19	49	29	1	-1495.959	-0.01251638	6.381111	0.000191796	-0.002263541	-0.003031795	0	0	0	
2.28	24	19	49	29	1	-1495.959	-0.01257303	6.410746	-0.0001577073	-0.0009869887	-0.0030318	0	0	0	
2.308	24	19	49	29	1	-1495.958	-0.01267437	6.462896	-0.0006260071	0.0009301543	-0.003039418	0	0	0	
2.344	24	19	49	29	1	-1495.957	-0.01278215	6.530464	-0.001670321	0.002178375	-0.003044716	0	0	0	
2.384	24	19	49	29	1	-1495.956	-0.0128793	6.606199	-0.002640334	-0.0001524463	-0.003035266	0	0	0	
2.416	24	19	49	29	1	-1495.955	-0.01293132	6.667274	-0.003214272	-0.001678601	-0.003034216	0	0	0	
2.444	24	19	49	29	1	-1495.954	-0.01295381	6.721055	-0.003544973	-0.001414365	-0.00304561	0	0	0	
2.472	24	19	49	29	1	-1495.953	-0.0129596	6.767397	-0.003399527	-0.0006201178	-0.003067011	0	0	0	
2.5	24	19	49	29	1	-1495.952	-0.01296945	6.82174	-0.002206538	-0.0006540085	-0.003082861	0	0	0	
2.524	24	19	49	29	1	-1495.951	-0.01297295	6.876375	-0.0009003183	-0.00124774	-0.003084877	0	0	0	
2.548	24	19	49	29	1	-1495.95	-0.01296315	6.923435	0.0002084004	-0.001109982	-0.003082817	0	0	0	
2.572	24	19	49	30	1	-1495.95	-0.01295268	6.962808	0.001186275	-0.0008841268	-0.003081768	0	0	0	
2.604	24	19	49	30	1	-1495.949	-0.01293105	7.026094	0.00195358	-0.0005463101	-0.003081871	0	0	0	
2.632	24	19	49	30	1	-1495.948	-0.01290237	7.089726	0.001872875	-0.001169179	-0.00308706	0	0	0	
2.664	24	19	49	30	1	-1495.947	-0.01286327	7.153691	0.0008721847	-0.002912764	-0.003098316	0	0	0	
2.7	24	19	49	30	1	-1495.946	-0.01282795	7.217979	-0.00044629	-0.003605381	-0.003117686	0	0	0	
2.716	24	19	49	30	1	-1495.945	-0.01280312	7.258317	-0.001064149	-0.003083312	-0.003125585	0	0	0	
2.74	24	19	49	30	1	-1495.944	-0.01278226	7.298773	-0.001601155	-0.002404036	-0.00313305	0	0	0	
2.756	24	19	49	30	1	-1495.944	-0.01276752	7.339345	-0.001591657	-0.002437634	-0.003132923	0	0	0	
2.784	24	19	49	30	1	-1495.943	-0.01274849	7.396338	-0.001207205	-0.002113253	-0.003122909	0	0	0	
2.804	24	19	49	30	1	-1495.942	-0.01274109	7.43718	-0.0004964321	-0.001073546	-0.003113327	0	0	0	
2.824	24	19	49	30	1	-1495.941	-0.01273443	7.478131	0.0003200211	0.0004488295	-0.003102657	0	0	0	
2.856	24	19	49	30	1	-1495.94	-0.0127166	7.543874	0.001277284	0.001535831	-0.00308966	0	0	0	
2.888	24	19	49	30	1	-1495.939	-0.01267768	7.60988	0.001126823	-0.001678291	-0.003086524	0	0	0	
2.912	24	19	49	30	1	-1495.939	-0.01265808	7.659548	0.001089264	-0.004067441	-0.003086518	0	0	0	
2.944	24	19	49	30	1	-1495.938	-0.01266865	7.725978	0.001956748	-0.005252647	-0.003093217	0	0	0	
2.976	24	19	49	30	1	-1495.937	-0.01268504	7.792633	0.002379644	-0.004947524	-0.003116175	0	0	0	
3.004	24	19	49	30	1	-1495.936	-0.01269878	7.851133	0.002071158	-0.002360375	-0.003138945	0	0	0	
3.024	24	19	49	30	1	-1495.935	-0.01271704	7.893015	0.001802571	-0.0001873753	-0.003148591	0	0	0	
3.044	24	19	49	30	1	-1495.935	-0.01273757	7.934974	0.001379041	0.001381591	-0.003153268	0	0	0	
3.064	24	19	49	30	1	-1495.934	-0.01276287	7.977008	0.000942724	0.00181646	-0.003155644	0	0	0	
3.084	24	19	49	31	1	-1495.934	-0.01278678	8.019116	0.0003462507	0.0009670454	-0.003162449	0	0	0	
3.104	24	19	49	31	1	-1495.933	-0.01281403	8.061295	-0.0001703277	-0.0002163865	-0.00316961	0	0	0	
3.124	24	19	49	31	1	-1495.932	-0.0128508	8.103542	-0.0003232474	-0.001491735	-0.003177816	0	0	0	
3.144	24	19	49	31	1	-1495.932	-0.0129032	8.145857	0.0001174209	-0.002471092	-0.00318609	0	0	0	
3.16	24	19	49	31	1	-1495.931	-0.01295304	8.179757	0.0009086563	-0.002851245	-0.003196293	0	0	0	
3.184	24	19	49	31	1	-1495.931	-0.01301749	8.222189	0.001632408	-0.002920683	-0.003207368	0	0	0	
3.208	24	19	49	31	1	-1495.93	-0.01308937	8.281694	0.001637875	-0.00313783	-0.003222966	0	0	0	
3.236	24	19	49	31	1	-1495.929	-0.01314453	8.341313	0.0007839985	-0.00267969	-0.003242213	0	0	0	
3.252	24	19	49	31	1	-1495.929	-0.01317874	8.37543	0.000288685	-0.001983446	-0.00325319	0	0	0	
3.272	24	19	49	31	1	-1495.928	-0.01322412	8.418122	-0.0002590435	-0.0006329119	-0.003263581	0	0	0	
3.3	24	19	49	31	1	-1495.927	-0.01328579	8.469415	-0.0006352501	0.001142141	-0.003267943	0	0	0	
3.324	24	19	49	31	1	-1495.927	-0.01335941	8.529345	-0.0007540687	0.0005111552	-0.003267018	0	0	0	
3.348	24	19	49	31	1	-1495.926	-0.01342431	8.580785	-0.0006383534	-0.0006450673	-0.003267261	0	0	0	
3.372	24	19	49	31	1	-1495.925	-0.01349733	8.632289	-0.0001008055	-0.001173577	-0.003271057	0	0	0	
3.392	24	19	49	31	1	-1495.925	-0.01355814	8.675251	0.000385194	-0.001854631	-0.003277169	0	0	0	
3.408	24	19	49	31	1	-1495.924	-0.01360107	8.709645	0.0005639982	-0.00281048	-0.00329023	0	0	0	
3.428	24	19	49	31	1	-1495.924	-0.0136507	8.752666	0.0005741175	-0.003545086	-0.003301583	0	0	0	
3.448	24	19	49	31	1	-1495.923	-0.01370507	8.79572	0.0006922663	-0.003948908	-0.003312285	0	0	0	
3.472	24	19	49	31	1	-1495.922	-0.01377782	8.847422	0.0009840269	-0.003505199	-0.003316749	0	0	0	
3.488	24	19	49	31	1	-1495.922	-0.01383145	8.881914	0.001263713	-0.002786124	-0.00331829	0	0	0	
3.516	24	19	49	32	1	-1495.921	-0.01393561	8.942316	0.001846387	-0.0004734935	-0.003321022	0	0	0	
3.544	24	19	49	32	1	-1495.92	-0.01404412	9.002764	0.002123135	0.0009408704	-0.003321808	0	0	0	
3.564	24	19	49	32	1	-1495.92	-0.01410117	9.037326	0.001774192	0.0008144325	-0.003321739	0	0	0	
3.592	24	19	49	32	1	-1495.919	-0.01422499	9.106487	0.001290188	-0.0007483107	-0.003313857	0	0	0	
3.616	24	19	49	32	1	-1495.918	-0.01432984	9.158388	0.0009872226	-0.002748627	-0.003302213	0	0	0	
3.648	24	19	49	32	1	-1495.918	-0.01444034	9.218974	-0.0001534765	-0.002426743	-0.003281993	0	0	0	
3.68	24	19	49	32	1	-1495.916	-0.01457067	9.296912	-0.001542148	0.0003620573	-0.003278221	0	0	0	
3.7	24	19	49	32	1	-1495.916	-0.0146425	9.340226	-0.002154987	0.001745295	-0.003278771	0	0	0	
3.72	24	19	49	32	1	-1495.915	-0.0147116	9.383549	-0.002548845	0.002162929	-0.003274432	0	0	0	
3.74	24	19	49	32	1	-1495.915	-0.0147835	9.426878	-0.002481225	0.001006925	-0.003259038	0	0	0	
3.768	24	19	49	32	1	-1495.914	-0.01488993	9.487548	-0.001607409	-0.001067048	-0.003238055	0	0	0	
3.8	24	19	49	32	1	-1495.913	-0.01500834	9.556893	-0.0001842613	-0.0007289693	-0.003216022	0	0	0	
3.816	24	19	49	32	1	-1495.912	-0.01506118	9.591566	0.0003781548	0.0002362511	-0.003208338	0	0	0	
3.848	24	19	49	32	1	-1495.912	-0.01513985	9.652245	0.0008530008	0.001026466	-0.003209031	0	0	0	
3.872	24	19	49	32	1	-1495.911	-0.0152043	9.704257	0.0009227615	0.0001901902	-0.003219519	0	0	0	
3.896	24	19	49	32	1	-1495.91	-0.01525281	9.756264	0.0002075855	-0.001845287	-0.003228662	0	0	0	
3.92	24	19	49	32	1	-1495.909	-0.01528807	9.816923	-0.001047104	-0.002729885	-0.003243112	0	0	0	
3.94	24	19	49	32	1	-1495.909	-0.01532034	9.860239	-0.00175777	-0.001746125	-0.003259751	0	0	0	
3.96	24	19	49	32	1	-1495.908	-0.01535265	9.903544	-0.002051874	-0.0008614421	-0.003269966	0	0	0	
3.984	24	19	49	32	1	-1495.907	-0.01539211	9.955492	-0.002094127	-1.828554e-05	-0.003274582	0	0	0	
4.004	24	19	49	33	1	-1495.907	-0.0154307	9.998763	-0.001600173	-0.000433446	-0.003262774	0	0	0	
4.036	24	19	49	33	1	-1495.906	-0.01547065	10.05931	-0.0009339902	-0.002992017	-0.003237933	0	0	0	
4.06	24	19	49	33	1	-1495.905	-0.01550238	10.11118	-0.0001988319	-0.004229111	-0.00322761	0	0	0	
4.088	24	19	49	33	1	-1495.904	-0.01555536	10.18029	0.0009934368	-0.003425893	-0.003222702	0	0	0	
4.104	24	19	49	33	1	-1495.904	-0.01557466	10.21483	0.001333721	-0.0020608	-0.003219157	0	0	0	
4.124	24	19	49	33	1	-1495.903	-0.01559081	10.25797	0.001335036	0.0001922225	-0.003210694	0	0	0	
4.144	24	19	49	33	1	-1495.902	-0.01560392	10.30108	0.001070257	0.001787872	-0.003199234	0	0	0	
4.168	24	19	49	33	1	-1495.902	-0.01561749	10.34417	0.0006049744	0.001558894	-0.003188926	0	0	0	
4.184	24	19	49	33	1	-1495.901	-0.01563244	10.38722	0.0002961763	9.233508e-05	-0.003185121	0	0	0	
4.204	24	19	49	33	1	-1495.901	-0.01564926	10.43024	-6.177478e-05	-0.002373009	-0.003181651	0	0	0	
4.224	24	19	49	33	1	-1495.9	-0.01566742	10.47324	-0.0003514845	-0.003998052	-0.003173624	0	0	0	
4.252	24	19	49	33	1	-1495.899	-0.01569429	10.53336	-0.0005981515	-0.004145027	-0.003161533	0	0	0	
4.284	24	19	49	33	1	-1495.898	-0.01571565	10.60199	-0.0009721358	-0.001982116	-0.003156333	0	0	0	
4.304	24	19	49	33	1	-1495.898	-0.01571885	10.64484	-0.001375236	-0.0004225315	-0.003155572	0	0	0	
4.328	24	19	49	33	1	-1495.897	-0.01573312	10.6962	-0.001238172	0.0007090962	-0.003159219	0	0	0	
4.348	24	19	49	33	1	-1495.896	-0.01574225	10.73895	-0.001012243	0.0003250953	-0.003165605	0	0	0	
4.368	24	19	49	33	1	-1495.896	-0.01574886	10.78167	-0.000719604	-0.0004749709	-0.003171108	0	0	0	
4.396	24	19	49	33	1	-1495.895	-0.01574702	10.8414	-0.0005100733	-0.0009529183	-0.003178396	0	0	0	
4.42	24	19	49	33	1	-1495.894	-0.01573748	10.89252	-0.0004709987	-0.001055995	-0.003188391	0	0	0	
4.444	24	19	49	33	1	-1495.893	-0.01571638	10.94358	-0.0007125834	-0.001150876	-0.003205932	0	0	0	
4.476	24	19	49	34	1	-1495.892	-0.01568244	11.01154	-0.0009785016	-0.001610496	-0.00322749	0	0	0	
4.508	24	19	49	34	1	-1495.892	-0.01563926	11.07089	-0.001411203	-0.002138157	-0.00325741	0	0	0	
4.532	24	19	49	34	1	-1495.891	-0.0155829	11.13014	-0.001906843	-0.002785026	-0.003289211	0	0	0	
4.568	24	19	49	34	1	-1495.89	-0.01548085	11.20616	-0.002621115	-0.003709134	-0.003321352	0	0	0	
4.604	24	19	49	34	1	-1495.889	-0.01537748	11.28201	-0.002327317	-0.003711863	-0.003361608	0	0	0	
4.64	24	19	49	34	1	-1495.888	-0.01527282	11.35767	-0.001048076	-0.001795129	-0.003392306	0	0	0	
4.68	24	19	49	34	1	-1495.887	-0.0151435	11.44151	0.0004764183	0.0003740886	-0.003427773	0	0	0	
4.704	24	19	49	34	1	-1495.886	-0.01505323	11.49169	0.0009105333	0.0002161606	-0.003443665	0	0	0	
4.72	24	19	49	34	1	-1495.885	-0.01499203	11.5251	0.001083335	-0.0003181441	-0.003452296	0	0	0	
4.736	24	19	49	34	1	-1495.885	-0.01492693	11.55846	0.001039441	-0.001251994	-0.003461397	0	0	0	
4.752	24	19	49	34	1	-1495.885	-0.0148589	11.59179	0.0007602949	-0.002449856	-0.003477234	0	0	0	
4.776	24	19	49	34	1	-1495.884	-0.01477083	11.6417	0.0008470742	-0.003231738	-0.003499809	0	0	0	
4.804	24	19	49	34	1	-1495.883	-0.0147131	11.69151	0.001925957	-0.002564011	-0.003530235	0	0	0	
4.824	24	19	49	34	1	-1495.883	-0.01466067	11.74123	0.002551749	-0.001341013	-0.003549795	0	0	0	
4.84	24	19	49	34	1	-1495.882	-0.01462247	11.77432	0.002712269	-0.0009613756	-0.003566657	0	0	0	
4.864	24	19	49	34	1	-1495.882	-0.01456527	11.81562	0.002108757	-0.002091649	-0.00359558	0	0	0	
4.888	24	19	49	34	1	-1495.881	-0.01447901	11.86509	0.000461756	-0.003642878	-0.003622256	0	0	0	
4.912	24	19	49	34	1	-1495.88	-0.01436084	11.92267	-0.001684224	-0.003741852	-0.003649866	0	0	0	
4.932	24	19	49	34	1	-1495.88	-0.01426324	11.96372	-0.003663759	-0.00307898	-0.00367727	0	0	0	
4.96	24	19	49	34	1	-1495.879	-0.0141368	12.01288	-0.00587281	-0.002105979	-0.00372599	0	0	0	
4.976	24	19	49	35	1	-1495.879	-0.01403973	12.05376	-0.006223346	-0.00159876	-0.003763132	0	0	0	
5	24	19	49	35	1	-1495.878	-0.01392622	12.10272	-0.005694181	-0.002394891	-0.003791345	0	0	0	
5.028	24	19	49	35	1	-1495.877	-0.01378863	12.1597	-0.003850042	-0.004893386	-0.003824962	0	0	0	
5.056	24	19	49	35	1	-1495.877	-0.01364796	12.21653	-0.001090704	-0.006203255	-0.003873307	0	0	0	
5.076	24	19	49	35	1	-1495.876	-0.01356663	12.24893	0.001053722	-0.005969892	-0.003911337	0	0	0	
5.112	24	19	49	35	1	-1495.875	-0.01337106	12.32164	0.003993115	-0.003890447	-0.003956317	0	0	0	
5.136	24	19	49	35	1	-1495.875	-0.01323621	12.36997	0.004952159	-0.001662599	-0.0039741	0	0	0	
5.168	24	19	49	35	1	-1495.874	-0.01301499	12.44223	0.004198047	-0.0001713937	-0.004001449	0	0	0	
5.204	24	19	49	35	1	-1495.873	-0.0127559	12.51421	0.0005513927	-0.0005288943	-0.004036954	0	0	0	
5.24	24	19	49	35	1	-1495.873	-0.01247994	12.58592	-0.003858446	-0.0009410769	-0.004089068	0	0	0	
5.268	24	19	49	35	1	-1495.872	-0.01227169	12.6415	-0.006016114	0.0001951549	-0.004148959	0	0	0	
5.292	24	19	49	35	1	-1495.871	-0.01209286	12.68901	-0.006564538	0.001406324	-0.004206692	0	0	0	
5.316	24	19	49	35	1	-1495.871	-0.0119289	12.73639	-0.005479319	0.001454939	-0.004239831	0	0	0	
5.34	24	19	49	35	1	-1495.87	-0.01176035	12.78364	-0.003051647	-0.000773398	-0.004276021	0	0	0	
5.364	24	19	49	35	1	-1495.87	-0.01157079	12.83077	-0.001388688	-0.002419047	-0.004298773	0	0	0	
5.392	24	19	49	35	1	-1495.869	-0.01136595	12.87777	0.0006475254	-0.002407786	-0.004328942	0	0	0	
5.408	24	19	49	35	1	-1495.869	-0.01118838	12.91683	0.001599166	-0.001827779	-0.004338101	0	0	0	
5.432	24	19	49	35	1	-1495.868	-0.01096633	12.96359	0.002476413	-0.001206982	-0.004343382	0	0	0	
5.452	24	19	49	35	1	-1495.868	-0.0107789	13.00246	0.002784188	-0.0008091173	-0.0043427	0	0	0	
5.488	24	19	49	35	1	-1495.867	-0.01045314	13.07218	0.002828588	-0.0008807077	-0.004341288	0	0	0	
5.5	24	19	49	36	1	-1495.867	-0.01034566	13.09536	0.002521928	-0.0004417139	-0.004336357	0	0	0	
5.528	24	19	49	36	1	-1495.866	-0.01010621	13.1493	0.002052869	0.0008893489	-0.004323948	0	0	0	
5.548	24	19	49	36	1	-1495.866	-0.009948501	13.18771	0.001789299	0.001500153	-0.00431319	0	0	0	
5.58	24	19	49	36	1	-1495.865	-0.009710287	13.24896	0.00140052	0.0007358845	-0.004303428	0	0	0	
5.616	24	19	49	36	1	-1495.864	-0.009462101	13.30997	4.016993e-05	-0.00184526	-0.00429512	0	0	0	
5.636	24	19	49	36	1	-1495.864	-0.009304251	13.34797	-0.0007342089	-0.002707739	-0.004293462	0	0	0	
5.656	24	19	49	36	1	-1495.863	-0.009137179	13.39344	-0.0007925057	-0.002760639	-0.004296915	0	0	0	
5.68	24	19	49	36	1	-1495.862	-0.008986556	13.43877	-0.0002270296	-0.002411279	-0.004309938	0	0	0	
5.704	24	19	49	36	1	-1495.862	-0.008834109	13.48396	0.0003400469	-0.002095348	-0.004323894	0	0	0	
5.744	24	19	49	36	1	-1495.861	-0.008555289	13.55895	0.0003391204	-0.003635415	-0.004351192	0	0	0	
5.768	24	19	49	36	1	-1495.86	-0.008388218	13.60375	0.0002756386	-0.00435649	-0.004374464	0	0	0	
5.784	24	19	49	36	1	-1495.86	-0.008280563	13.63354	0.0003433965	-0.004892287	-0.004389612	0	0	0	
5.804	24	19	49	36	1	-1495.86	-0.008150803	13.67069	0.0005619428	-0.005108278	-0.004411513	0	0	0	
5.828	24	19	49	36	1	-1495.859	-0.008002953	13.71512	0.001006402	-0.004693344	-0.004433848	0	0	0	
5.856	24	19	49	36	1	-1495.858	-0.007824778	13.76677	0.001110832	-0.0032845	-0.004459177	0	0	0	
5.884	24	19	49	36	1	-1495.858	-0.00762825	13.81822	0.0001203806	-0.001554928	-0.004481704	0	0	0	
5.908	24	19	49	36	1	-1495.857	-0.00743874	13.86216	-0.001114147	-0.0001525324	-0.004496854	0	0	0	
5.928	24	19	49	36	1	-1495.857	-0.007282599	13.89866	-0.002095763	0.0004537421	-0.004511583	0	0	0	
5.96	24	19	49	36	1	-1495.856	-0.007043381	13.95684	-0.002667896	-0.0007983416	-0.004521232	0	0	0	
5.996	24	19	49	36	1	-1495.856	-0.006770563	14.02197	-0.002345876	-0.001498399	-0.004524892	0	0	0	
6.02	24	19	49	37	1	-1495.855	-0.00657615	14.06519	-0.001975876	-0.0006137648	-0.004529016	0	0	0	
6.04	24	19	49	37	1	-1495.855	-0.006408951	14.1011	-0.001540155	-0.0008680753	-0.004526671	0	0	0	
6.076	24	19	49	37	1	-1495.854	-0.00614001	14.15833	-0.0003305926	-0.003201392	-0.004520491	0	0	0	
6.1	24	19	49	37	1	-1495.854	-0.005898281	14.20818	0.0004063261	-0.003352868	-0.004511273	0	0	0	
6.124	24	19	49	37	1	-1495.853	-0.005718216	14.24366	0.0007295833	-0.001506723	-0.004493978	0	0	0	
6.148	24	19	49	37	1	-1495.853	-0.005448869	14.29315	0.0004633981	8.834133e-05	-0.004471161	0	0	0	
6.176	24	19	49	37	1	-1495.852	-0.005205265	14.33541	-0.0004772342	0.0005041464	-0.004443983	0	0	0	
6.204	24	19	49	37	1	-1495.852	-0.004854384	14.3915	-0.002014932	-0.002216349	-0.004408645	0	0	0	
6.228	24	19	49	37	1	-1495.851	-0.004587243	14.43339	-0.003015137	-0.006706841	-0.004374939	0	0	0	
6.248	24	19	49	37	1	-1495.851	-0.004363185	14.46818	-0.003569279	-0.009707705	-0.004339774	0	0	0	
6.276	24	19	49	37	1	-1495.85	-0.004024774	14.51671	-0.004148396	-0.008586343	-0.004312186	0	0	0	
6.292	24	19	49	37	1	-1495.85	-0.003822816	14.54434	-0.004363723	-0.005852078	-0.004299114	0	0	0	
6.308	24	19	49	37	1	-1495.85	-0.00361747	14.5719	-0.00432258	-0.002554291	-0.004288366	0	0	0	
6.336	24	19	49	37	1	-1495.849	-0.003310977	14.61311	-0.003282056	0.001694751	-0.004266893	0	0	0	
6.356	24	19	49	37	1	-1495.849	-0.003008563	14.65416	-0.001889734	0.003010754	-0.004246203	0	0	0	
6.384	24	19	49	37	1	-1495.849	-0.002660579	14.70184	0.0006204376	0.001968103	-0.004207809	0	0	0	
6.408	24	19	49	37	1	-1495.848	-0.002365746	14.74254	0.002807777	-0.001199796	-0.004183961	0	0	0	
6.436	24	19	49	37	1	-1495.848	-0.002011811	14.78982	0.004346929	-0.004727545	-0.00416899	0	0	0	
6.456	24	19	49	37	1	-1495.848	-0.001806203	14.81674	0.004651705	-0.004856996	-0.00415228	0	0	0	
6.472	24	19	49	37	1	-1495.847	-0.00155289	14.85029	0.00455416	-0.003332211	-0.004134592	0	0	0	
6.488	24	19	49	38	1	-1495.847	-0.001349511	14.87705	0.004040205	-0.001441253	-0.004119472	0	0	0	
6.508	24	19	49	38	1	-1495.847	-0.001091623	14.91039	0.002809215	0.0005249356	-0.004110919	0	0	0	
6.532	24	19	49	38	1	-1495.846	-0.0007937336	14.95026	0.00126836	0.001522694	-0.004112232	0	0	0	
6.552	24	19	49	38	1	-1495.846	-0.0005535477	14.98336	7.508366e-05	0.001237706	-0.00411513	0	0	0	
6.58	24	19	49	38	1	-1495.845	-0.0002348431	15.0295	-0.0009737589	0.0002895217	-0.004122516	0	0	0	
6.6	24	19	49	38	1	-1495.845	-2.488298e-05	15.06232	-0.000968119	-0.0003610447	-0.004132414	0	0	0	
6.628	24	19	49	38	1	-1495.845	0.0002277083	15.10808	0.0006607307	-0.001399102	-0.004140384	0	0	0	
6.652	24	19	49	38	1	-1495.844	0.0003889722	15.14062	0.002778972	-0.002736572	-0.004142503	0	0	0	
6.672	24	19	49	38	1	-1495.844	0.0005749347	15.17952	0.004375859	-0.004401194	-0.004147092	0	0	0	
6.696	24	19	49	38	1	-1495.844	0.0007381299	15.21181	0.005128088	-0.005718091	-0.004143511	0	0	0	
6.724	24	19	49	38	1	-1495.843	0.001017404	15.26323	0.004304023	-0.003869355	-0.004115263	0	0	0	
6.752	24	19	49	38	1	-1495.843	0.001256606	15.30799	0.002594397	-0.001090305	-0.004088652	0	0	0	
6.78	24	19	49	38	1	-1495.842	0.001500863	15.35252	7.454209e-05	0.00019403	-0.004081009	0	0	0	
6.796	24	19	49	38	1	-1495.842	0.001643795	15.37786	-0.001527375	0.0005002188	-0.004083464	0	0	0	
6.836	24	19	49	38	1	-1495.841	0.001989939	15.44088	-0.004321666	0.0002018257	-0.004085905	0	0	0	
6.872	24	19	49	38	1	-1495.841	0.002247712	15.49096	-0.004157113	-0.00205899	-0.004076199	0	0	0	
6.888	24	19	49	38	1	-1495.841	0.002395528	15.52211	-0.003123762	-0.003495474	-0.004068361	0	0	0	
6.908	24	19	49	38	1	-1495.84	0.00253555	15.55314	-0.001222696	-0.004862926	-0.004063587	0	0	0	
6.936	24	19	49	38	1	-1495.84	0.00274126	15.59639	0.001332006	-0.003960672	-0.004062639	0	0	0	
6.96	24	19	49	38	1	-1495.84	0.002931519	15.63328	0.002808355	-0.001014429	-0.004060337	0	0	0	
6.98	24	19	49	39	1	-1495.839	0.003102352	15.6639	0.003235861	0.0008880907	-0.004061116	0	0	0	
7.008	24	19	49	39	1	-1495.839	0.003336276	15.70657	0.003321455	6.439613e-05	-0.004069297	0	0	0	
7.036	24	19	49	39	1	-1495.839	0.003562958	15.74901	0.002836953	-0.004346566	-0.004091624	0	0	0	
7.064	24	19	49	39	1	-1495.838	0.003785012	15.79123	0.001800159	-0.00698544	-0.004104119	0	0	0	
7.08	24	19	49	39	1	-1495.838	0.003902484	15.81526	0.001303364	-0.005949333	-0.004102957	0	0	0	
7.108	24	19	49	39	1	-1495.838	0.004064235	15.85116	0.0008613546	-0.00226075	-0.004097802	0	0	0	
7.124	24	19	49	39	1	-1495.837	0.004179609	15.88096	0.001053916	-0.000138584	-0.004094738	0	0	0	
7.152	24	19	49	39	1	-1495.837	0.004314563	15.92248	0.001999999	0.001795052	-0.004087857	0	0	0	
7.184	24	19	49	39	1	-1495.837	0.004430931	15.96965	0.003763559	-0.001200208	-0.004091964	0	0	0	
7.212	24	19	49	39	1	-1495.836	0.004512482	16.01068	0.005016602	-0.004926426	-0.004094236	0	0	0	
7.232	24	19	49	39	1	-1495.836	0.004576921	16.03985	0.004931269	-0.005401296	-0.004078509	0	0	0	
7.248	24	19	49	39	1	-1495.836	0.004634835	16.0631	0.004177412	-0.004156603	-0.00405754	0	0	0	
7.272	24	19	49	39	1	-1495.836	0.004715959	16.09205	0.002010027	-0.001018755	-0.004024998	0	0	0	
7.304	24	19	49	39	1	-1495.835	0.004877347	16.14388	-0.001743381	0.0009116042	-0.003988885	0	0	0	
7.336	24	19	49	39	1	-1495.835	0.00500846	16.18963	-0.004474423	-0.001027775	-0.003950699	0	0	0	
7.372	24	19	49	39	1	-1495.834	0.005130663	16.23508	-0.005376	-0.004134039	-0.003900112	0	0	0	
7.404	24	19	49	39	1	-1495.834	0.005256262	16.28584	-0.003901849	-0.004292707	-0.003870022	0	0	0	
7.424	24	19	49	39	1	-1495.834	0.005316299	16.31388	-0.001947355	-0.002514529	-0.00385756	0	0	0	
7.448	24	19	49	39	1	-1495.834	0.005386672	16.34737	0.0007821542	0.0001206904	-0.003843417	0	0	0	
7.472	24	19	49	39	1	-1495.833	0.005471582	16.3807	0.003120409	0.001696425	-0.003830921	0	0	0	
7.504	24	19	49	40	1	-1495.833	0.005609744	16.42488	0.003998159	0.001191954	-0.003825475	0	0	0	
7.536	24	19	49	40	1	-1495.833	0.005746836	16.46876	0.00384793	-0.000689801	-0.003821395	0	0	0	
7.56	24	19	49	40	1	-1495.832	0.005845085	16.50147	0.003053657	-0.002164011	-0.003811072	0	0	0	
7.584	24	19	49	40	1	-1495.832	0.00593513	16.53401	0.001972367	-0.002129367	-0.003795539	0	0	0	
7.604	24	19	49	40	1	-1495.832	0.006006934	16.561	0.0008945393	-0.0009624928	-0.003787156	0	0	0	
7.624	24	19	49	40	1	-1495.832	0.00607683	16.58788	-0.0002268955	0.0003070019	-0.003782054	0	0	0	
7.648	24	19	49	40	1	-1495.831	0.006156171	16.61997	-0.001348085	0.0002962149	-0.003779728	0	0	0	
7.676	24	19	49	40	1	-1495.831	0.006224386	16.65189	-0.001863802	-0.001889389	-0.003778912	0	0	0	
7.704	24	19	49	40	1	-1495.831	0.006323102	16.69419	-0.002144927	-0.003958109	-0.003780497	0	0	0	
7.728	24	19	49	40	1	-1495.83	0.006395262	16.72572	-0.001853241	-0.003238012	-0.003792579	0	0	0	
7.752	24	19	49	40	1	-1495.83	0.006462087	16.75709	-0.001019548	-0.00158148	-0.00380763	0	0	0	
7.776	24	19	49	40	1	-1495.83	0.006516949	16.78828	0.000429398	-0.0006013161	-0.00382301	0	0	0	
7.8	24	19	49	40	1	-1495.83	0.006559724	16.81415	0.001941206	-0.0007115569	-0.00384523	0	0	0	
7.816	24	19	49	40	1	-1495.829	0.006602168	16.8399	0.002775447	-0.0007892751	-0.003855219	0	0	0	
7.852	24	19	49	40	1	-1495.829	0.006700132	16.88597	0.003035722	-0.001827453	-0.003873432	0	0	0	
7.892	24	19	49	40	1	-1495.828	0.006826471	16.93672	0.001324877	-0.002626345	-0.00390204	0	0	0	
7.924	24	19	49	40	1	-1495.828	0.006938101	16.97699	-0.0009133245	-0.002240555	-0.003927144	0	0	0	
7.956	24	19	49	40	1	-1495.828	0.007031183	17.01198	-0.002593343	-0.002677109	-0.003948667	0	0	0	
7.984	24	19	49	40	1	-1495.827	0.007113226	17.05171	-0.002635723	-0.002111108	-0.003957855	0	0	0	
8.02	24	19	49	40	1	-1495.827	0.007179398	17.09114	-0.001149958	0.0001106893	-0.003955524	0	0	0	
8.036	24	19	49	41	1	-1495.827	0.007218958	17.11564	-0.0002387634	0.0003452681	-0.003954641	0	0	0	
8.068	24	19	49	41	1	-1495.827	0.007281924	17.14974	0.001263796	-0.001251826	-0.003954519	0	0	0	
8.092	24	19	49	41	1	-1495.826	0.007347192	17.17879	0.001775775	-0.003822591	-0.003958199	0	0	0	
8.128	24	19	49	41	1	-1495.826	0.00747181	17.22686	0.001466185	-0.005408305	-0.003950081	0	0	0	
8.156	24	19	49	41	1	-1495.826	0.007568603	17.26024	0.0004942067	-0.002920756	-0.003941178	0	0	0	
8.18	24	19	49	41	1	-1495.825	0.007662286	17.28867	-0.001015508	0.0007408586	-0.003925661	0	0	0	
8.2	24	19	49	41	1	-1495.825	0.007737746	17.31224	-0.001686146	0.001638049	-0.003915074	0	0	0	
8.22	24	19	49	41	1	-1495.825	0.007805419	17.3357	-0.002063633	0.0009127422	-0.003897802	0	0	0	
8.252	24	19	49	41	1	-1495.825	0.007907973	17.373	-0.001878811	-0.003166082	-0.003872151	0	0	0	
8.288	24	19	49	41	1	-1495.825	0.008026216	17.41462	-0.001020227	-0.006083808	-0.003853456	0	0	0	
8.328	24	19	49	41	1	-1495.824	0.008190883	17.46045	-0.000673526	-0.001410035	-0.003812478	0	0	0	
8.364	24	19	49	41	1	-1495.824	0.008332292	17.50132	0.0001867092	0.002043796	-0.003764527	0	0	0	
8.384	24	19	49	41	1	-1495.824	0.008401976	17.52387	0.0009790692	0.001976861	-0.003738642	0	0	0	
8.408	24	19	49	41	1	-1495.824	0.008479648	17.55078	0.001965714	0.00105764	-0.003713786	0	0	0	
8.42	24	19	49	41	1	-1495.823	0.008516038	17.56418	0.002419721	0.0002285	-0.003705301	0	0	0	
8.444	24	19	49	41	1	-1495.823	0.008585644	17.59084	0.003082579	-0.00165823	-0.003691526	0	0	0	
8.468	24	19	49	41	1	-1495.823	0.008640726	17.61294	0.003308864	-0.003250075	-0.003675479	0	0	0	
8.488	24	19	49	41	1	-1495.823	0.008705583	17.63931	0.003042579	-0.00364021	-0.003657193	0	0	0	
8.508	24	19	49	41	1	-1495.823	0.008760962	17.66117	0.002342246	-0.003046849	-0.003637227	0	0	0	
8.524	24	19	49	41	1	-1495.823	0.008801654	17.67857	0.00168113	-0.001655547	-0.003625093	0	0	0	
8.552	24	19	49	42	1	-1495.822	0.008855687	17.70886	0.0008059424	0.001539887	-0.003610399	0	0	0	
8.572	24	19	49	42	1	-1495.822	0.008882162	17.72607	0.0002477491	0.002444606	-0.003600156	0	0	0	
8.6	24	19	49	42	1	-1495.822	0.008926723	17.76028	-0.0002845695	0.0009517002	-0.003589803	0	0	0	
8.62	24	19	49	42	1	-1495.822	0.008942097	17.78152	-0.0002064366	-0.001637385	-0.00358129	0	0	0	
8.644	24	19	49	42	1	-1495.821	0.008959316	17.80686	-2.507616e-05	-0.004941649	-0.003571103	0	0	0	
8.668	24	19	49	42	1	-1495.821	0.008974954	17.83204	0.0002201694	-0.006088692	-0.003564886	0	0	0	
8.7	24	19	49	42	1	-1495.821	0.009000453	17.86538	0.0003174959	-0.003137845	-0.003563448	0	0	0	
8.728	24	19	49	42	1	-1495.821	0.009033055	17.89021	-0.0002151255	9.970138e-05	-0.003569742	0	0	0	
8.756	24	19	49	42	1	-1495.82	0.009067379	17.91898	-0.0004980511	0.001488156	-0.003578062	0	0	0	
8.776	24	19	49	42	1	-1495.82	0.009092774	17.94346	-0.0005246593	0.0009780404	-0.003585435	0	0	0	
8.804	24	19	49	42	1	-1495.82	0.009115581	17.97184	-0.0002125548	-0.000895264	-0.003593846	0	0	0	
8.828	24	19	49	42	1	-1495.82	0.009131257	17.99599	0.000244645	-0.002477963	-0.003600196	0	0	0	
8.848	24	19	49	42	1	-1495.82	0.009141202	18.012	0.0006026192	-0.003226341	-0.003610314	0	0	0	
8.864	24	19	49	42	1	-1495.82	0.009152621	18.02795	0.00083176	-0.003423234	-0.00362052	0	0	0	
8.884	24	19	49	42	1	-1495.819	0.009160153	18.05174	0.001289542	-0.002833664	-0.003632639	0	0	0	
8.912	24	19	49	42	1	-1495.819	0.00915246	18.07931	0.002160474	-0.001865022	-0.003647118	0	0	0	
8.94	24	19	49	42	1	-1495.819	0.009142751	18.10666	0.002570396	-0.001324404	-0.003668124	0	0	0	
8.96	24	19	49	42	1	-1495.819	0.009128972	18.12608	0.002673709	-0.0009548462	-0.003688248	0	0	0	
9	24	19	49	42	1	-1495.818	0.009118679	18.16077	0.00134733	-0.0007680627	-0.003724949	0	0	0	
9.024	24	19	49	42	1	-1495.818	0.009132216	18.18752	-0.0004701221	-0.00160279	-0.003745934	0	0	0	
9.044	24	19	49	43	1	-1495.818	0.009139579	18.2065	-0.001824067	-0.00203318	-0.00375615	0	0	0	
9.072	24	19	49	43	1	-1495.818	0.009134501	18.23291	-0.002757851	-0.001814801	-0.003768664	0	0	0	
9.096	24	19	49	43	1	-1495.817	0.009105936	18.25538	-0.00217375	-0.0002601181	-0.003789037	0	0	0	
9.116	24	19	49	43	1	-1495.817	0.009065712	18.27399	-0.0007977	0.001406197	-0.003805963	0	0	0	
9.14	24	19	49	43	1	-1495.817	0.009018587	18.29619	0.0009475401	0.002320144	-0.003829028	0	0	0	
9.168	24	19	49	43	1	-1495.817	0.008976336	18.3219	0.002322368	0.001839625	-0.003859399	0	0	0	
9.192	24	19	49	43	1	-1495.817	0.00895301	18.34378	0.002608321	0.001195652	-0.003883865	0	0	0	
9.224	24	19	49	43	1	-1495.816	0.008949778	18.36912	0.001243644	0.0009834021	-0.003900586	0	0	0	
9.244	24	19	49	43	1	-1495.816	0.008968442	18.39067	-0.0004685434	0.0009888459	-0.003910347	0	0	0	
9.276	24	19	49	43	1	-1495.816	0.009008429	18.41919	-0.003412384	0.000526057	-0.003924205	0	0	0	
9.312	24	19	49	43	1	-1495.815	0.009062892	18.45096	-0.005638586	-0.002620955	-0.003931209	0	0	0	
9.348	24	19	49	43	1	-1495.815	0.009124931	18.4824	-0.005780211	-0.003585627	-0.003955423	0	0	0	
9.384	24	19	49	43	1	-1495.814	0.009209018	18.51352	-0.004266136	0.0004067925	-0.004012841	0	0	0	
9.408	24	19	49	43	1	-1495.814	0.009282316	18.53409	-0.002782277	0.002187403	-0.004040363	0	0	0	
9.428	24	19	49	43	1	-1495.814	0.009345797	18.55113	-0.001202512	0.001527133	-0.004048265	0	0	0	
9.436	24	19	49	43	1	-1495.814	0.009372632	18.55792	-0.0005612947	0.0008273836	-0.00405192	0	0	0	
9.46	24	19	49	43	1	-1495.813	0.009439933	18.57482	0.001371879	-0.00193671	-0.004072059	0	0	0	
9.48	24	19	49	43	1	-1495.813	0.009526208	18.59497	0.002618361	-0.003636889	-0.004090778	0	0	0	
9.512	24	19	49	43	1	-1495.813	0.009653389	18.62162	0.003478938	-0.003189084	-0.004103108	0	0	0	
9.528	24	19	49	43	1	-1495.812	0.00972262	18.63485	0.003284741	-0.00226108	-0.004102949	0	0	0	
9.552	24	19	49	44	1	-1495.812	0.009847394	18.65458	0.001774731	-0.0007951194	-0.004103711	0	0	0	
9.58	24	19	49	44	1	-1495.812	0.01000293	18.67741	-0.0007197464	0.0001019874	-0.004104137	0	0	0	
9.6	24	19	49	44	1	-1495.811	0.01010969	18.69361	-0.002274457	-0.000297127	-0.004096346	0	0	0	
9.624	24	19	49	44	1	-1495.811	0.01023153	18.71291	-0.00351792	-0.001293677	-0.004082753	0	0	0	
9.656	24	19	49	44	1	-1495.811	0.01036716	18.73525	-0.003885973	-0.003003313	-0.004076607	0	0	0	
9.688	24	19	49	44	1	-1495.81	0.0105511	18.7637	-0.003266389	-0.003509895	-0.004076014	0	0	0	
9.724	24	19	49	44	1	-1495.81	0.0107393	18.79184	-0.00142491	-0.001643595	-0.004070082	0	0	0	
9.764	24	19	49	44	1	-1495.809	0.01094126	18.82275	0.001511169	0.0008737514	-0.004056577	0	0	0	
9.792	24	19	49	44	1	-1495.809	0.01106235	18.84417	0.003890917	0.0004933839	-0.004048895	0	0	0	
9.816	24	19	49	44	1	-1495.809	0.01115918	18.86238	0.005398956	-0.0006795538	-0.004045017	0	0	0	
9.84	24	19	49	44	1	-1495.809	0.01124484	18.87745	0.005681225	-0.002125882	-0.004045449	0	0	0	
9.86	24	19	49	44	1	-1495.808	0.01134719	18.89542	0.005117194	-0.002784836	-0.004052059	0	0	0	
9.876	24	19	49	44	1	-1495.808	0.01141596	18.90732	0.004147237	-0.003025022	-0.004059643	0	0	0	
9.912	24	19	49	44	1	-1495.808	0.01154171	18.93096	0.001377193	-0.001861403	-0.004071064	0	0	0	
9.944	24	19	49	44	1	-1495.807	0.01163715	18.95436	-0.0005471658	-3.815582e-05	-0.004079163	0	0	0	
9.98	24	19	49	44	1	-1495.807	0.0117178	18.98042	-0.001662776	-0.0008472965	-0.004070498	0	0	0	
10.004	24	19	49	44	1	-1495.806	0.01176762	19.00048	-0.001635434	-0.002818708	-0.004061466	0	0	0	
10.028	24	19	49	44	1	-1495.806	0.01179315	19.01754	-0.0007665208	-0.004813743	-0.004054488	0	0	0	
10.052	24	19	49	44	1	-1495.806	0.01180762	19.03165	0.0005719615	-0.005116257	-0.00405155	0	0	0	
10.064	24	19	49	44	1	-1495.806	0.01181109	19.04288	0.00142331	-0.004548795	-0.004053064	0	0	0	
10.1	24	19	49	45	1	-1495.805	0.01182323	19.06792	0.003212258	-0.001947746	-0.004074846	0	0	0	
10.132	24	19	49	45	1	-1495.805	0.01185677	19.08994	0.002927666	-0.0001543112	-0.004112774	0	0	0	
10.156	24	19	49	45	1	-1495.805	0.01188441	19.1063	0.001974048	0.0001875922	-0.004148254	0	0	0	
10.184	24	19	49	45	1	-1495.804	0.01191854	19.12524	0.0003451737	-0.0007185598	-0.004195237	0	0	0	
10.204	24	19	49	45	1	-1495.804	0.01194283	19.13865	-0.0008953372	-0.00232639	-0.004225431	0	0	0	
10.224	24	19	49	45	1	-1495.804	0.01196148	19.15199	-0.001826998	-0.003662166	-0.004259359	0	0	0	
10.244	24	19	49	45	1	-1495.804	0.01196782	19.16525	-0.002103761	-0.003180699	-0.004299902	0	0	0	
10.256	24	19	49	45	1	-1495.804	0.01196736	19.17316	-0.001992802	-0.002045373	-0.00432675	0	0	0	
10.288	24	19	49	45	1	-1495.803	0.01195093	19.19412	-0.0007529425	0.0008820544	-0.004393568	0	0	0	
10.308	24	19	49	45	1	-1495.803	0.01193482	19.20711	0.0003899112	0.001015315	-0.004431907	0	0	0	
10.332	24	19	49	45	1	-1495.803	0.01191457	19.22259	0.001717428	-0.0002142108	-0.004472918	0	0	0	
10.352	24	19	49	45	1	-1495.803	0.01189502	19.23539	0.002678647	-0.001830342	-0.004501162	0	0	0	
10.372	24	19	49	45	1	-1495.803	0.01187196	19.24811	0.003406651	-0.003145689	-0.004525988	0	0	0	
10.388	24	19	49	45	1	-1495.802	0.01185455	19.25823	0.003631862	-0.003742906	-0.004544841	0	0	0	
10.412	24	19	49	45	1	-1495.802	0.01183179	19.27081	0.003500303	-0.004296089	-0.004569926	0	0	0	
10.44	24	19	49	45	1	-1495.802	0.01176315	19.29075	0.00347457	-0.0042077	-0.004601435	0	0	0	
10.468	24	19	49	45	2	-1495.802	0.01168826	19.30803	0.002853869	-0.001826399	-0.004638169	0	0	0	
10.5	24	19	49	45	2	-1495.801	0.01161035	19.32515	0.001659442	-0.0004415054	-0.004676139	0	0	0	
10.532	24	19	49	45	2	-1495.801	0.01134745	19.34732	0.005187264	0.009283812	-0.006543176	0	0	0	
10.556	24	19	49	45	2	-1495.799	0.01073347	19.36316	0.02074998	0.0418446	-0.0111144	0	0	0	
10.58	24	19	49	46	2	-1495.798	0.009681732	19.3801	0.05053498	0.09010104	-0.0189683	0	0	0	
10.604	24	19	49	46	2	-1495.796	0.008441519	19.39507	0.07555633	0.1138019	-0.02647749	0	0	0	
10.628	24	19	49	46	2	-1495.794	0.006138189	19.41739	0.10371	0.1201211	-0.03901865	0	0	0	
10.656	24	19	49	46	2	-1495.791	0.003634438	19.43779	0.1260562	0.1033614	-0.05927111	0	0	0	
10.676	24	19	49	46	2	-1495.789	0.000622084	19.45937	0.1316995	0.08710982	-0.07619405	0	0	0	
10.7	24	19	49	46	2	-1495.785	-0.002952235	19.48213	0.1263684	0.07540881	-0.09704868	0	0	0	
10.724	24	19	49	46	2	-1495.781	-0.007146097	19.50606	0.1099475	0.07687405	-0.1175776	0	0	0	
10.748	24	19	49	46	2	-1495.777	-0.01114822	19.52688	0.08714625	0.08787961	-0.1383371	0	0	0	
10.78	24	19	49	46	2	-1495.768	-0.01951802	19.56641	0.05598685	0.1035607	-0.1678466	0	0	0	
10.804	24	19	49	46	2	-1495.762	-0.0258818	19.59423	0.03782364	0.1081307	-0.1915112	0	0	0	
10.832	24	19	49	46	2	-1495.754	-0.03403031	19.62817	0.02614459	0.105109	-0.2201615	0	0	0	
10.86	24	19	49	46	2	-1495.746	-0.04160801	19.65853	0.02547808	0.1000387	-0.2493673	0	0	0	
10.88	24	19	49	46	2	-1495.739	-0.04833775	19.68471	0.03080433	0.09914027	-0.2703845	0	0	0	
10.904	24	19	49	46	2	-1495.729	-0.05839841	19.72267	0.04151904	0.1025	-0.2956067	0	0	0	
10.924	24	19	49	46	2	-1495.721	-0.0660372	19.75071	0.05199655	0.1076872	-0.3165612	0	0	0	
10.956	24	19	49	46	2	-1495.708	-0.07902052	19.79714	0.06664944	0.1151527	-0.3500679	0	0	0	
10.972	24	19	49	46	2	-1495.701	-0.0858611	19.82108	0.07130179	0.1168727	-0.3669036	0	0	0	
10.996	24	19	49	46	2	-1495.692	-0.09474421	19.85167	0.07340898	0.1165828	-0.3922562	0	0	0	
11.016	24	19	49	46	2	-1495.681	-0.105909	19.88938	0.07027495	0.1146895	-0.4133545	0	0	0	
11.04	24	19	49	46	2	-1495.669	-0.1176558	19.92817	0.05936199	0.1121426	-0.442577	0	0	0	
11.06	24	19	49	47	2	-1495.658	-0.1279111	19.96133	0.05079543	0.1116676	-0.4590313	0	0	0	
11.084	24	19	49	47	2	-1495.647	-0.1385956	19.99524	0.036673	0.1125828	-0.4833575	0	0	0	
11.112	24	19	49	47	2	-1495.631	-0.1542665	20.04398	0.02131823	0.1152653	-0.5112585	0	0	0	
11.136	24	19	49	47	2	-1495.615	-0.1707387	20.09417	0.011497	0.1176258	-0.5348011	0	0	0	
11.16	24	19	49	47	2	-1495.602	-0.1829755	20.13091	0.006073308	0.1191526	-0.5579828	0	0	0	
11.176	24	19	49	47	2	-1495.589	-0.1955934	20.16839	0.005051429	0.119591	-0.5732178	0	0	0	
11.204	24	19	49	47	2	-1495.571	-0.2138902	20.22207	0.007584086	0.1196719	-0.599419	0	0	0	
11.232	24	19	49	47	2	-1495.551	-0.2329216	20.27715	0.01364207	0.1196951	-0.6250273	0	0	0	
11.252	24	19	49	47	2	-1495.54	-0.2441272	20.30926	0.01850168	0.1200253	-0.642956	0	0	0	
11.272	24	19	49	47	2	-1495.522	-0.2613884	20.35826	0.02261348	0.1206352	-0.6605783	0	0	0	
11.292	24	19	49	47	2	-1495.507	-0.2761905	20.39987	0.02513032	0.121389	-0.677894	0	0	0	
11.312	24	19	49	47	2	-1495.492	-0.2913748	20.44218	0.02551362	0.1220619	-0.6949058	0	0	0	
11.34	24	19	49	47	2	-1495.469	-0.31328	20.50256	0.02214638	0.1225292	-0.7182134	0	0	0	
11.372	24	19	49	47	2	-1495.443	-0.3392513	20.57319	0.01221977	0.1223607	-0.7473109	0	0	0	
11.392	24	19	49	47	2	-1495.426	-0.3559988	20.61822	0.006650628	0.1222185	-0.7599257	0	0	0	
11.416	24	19	49	47	2	-1495.405	-0.3766224	20.67313	-0.003156988	0.122095	-0.7815182	0	0	0	
11.436	24	19	49	47	2	-1495.387	-0.3942452	20.71962	-0.00815313	0.1221484	-0.7935848	0	0	0	
11.448	24	19	49	47	2	-1495.376	-0.4050081	20.74783	-0.01136015	0.1222516	-0.8025042	0	0	0	
11.484	24	19	49	47	2	-1495.342	-0.4381347	20.83385	-0.01738664	0.1227195	-0.8285916	0	0	0	
11.512	24	19	49	47	2	-1495.315	-0.4647553	20.90219	-0.01813481	0.1230324	-0.84821	0	0	0	
11.532	24	19	49	48	2	-1495.299	-0.4802987	20.94179	-0.01694429	0.1231368	-0.8618693	0	0	0	
11.552	24	19	49	48	2	-1495.279	-0.5000651	20.99186	-0.01486166	0.1231196	-0.8752342	0	0	0	
11.572	24	19	49	48	2	-1495.254	-0.5242794	21.05275	-0.01250064	0.1230361	-0.888305	0	0	0	
11.596	24	19	49	48	2	-1495.229	-0.5490345	21.11453	-0.01013076	0.1228968	-0.9036086	0	0	0	
11.62	24	19	49	48	2	-1495.203	-0.5743327	21.17718	-0.009065044	0.1227374	-0.9185115	0	0	0	
11.648	24	19	49	48	2	-1495.172	-0.6045384	21.25135	-0.01010342	0.1225721	-0.9354009	0	0	0	
11.672	24	19	49	48	2	-1495.145	-0.6310251	21.31584	-0.01301993	0.1224814	-0.9494634	0	0	0	
11.704	24	19	49	48	2	-1495.108	-0.6672001	21.40311	-0.01911509	0.1224074	-0.9676337	0	0	0	
11.724	24	19	49	48	2	-1495.085	-0.6903083	21.45839	-0.02355535	0.1223594	-0.9786601	0	0	0	
11.752	24	19	49	48	2	-1495.051	-0.7233039	21.53673	-0.02954058	0.1222886	-0.9936763	0	0	0	
11.78	24	19	49	48	2	-1495.017	-0.7570473	21.61614	-0.03423847	0.1221674	-1.008211	0	0	0	
11.812	24	19	49	48	2	-1494.976	-0.7965206	21.70818	-0.03716142	0.1219524	-1.024247	0	0	0	
11.836	24	19	49	48	2	-1494.945	-0.8267576	21.77811	-0.03748978	0.1216779	-1.037793	0	0	0	
11.856	24	19	49	48	2	-1494.919	-0.8523666	21.83696	-0.03693509	0.1214806	-1.045336	0	0	0	
11.88	24	19	49	48	2	-1494.887	-0.8835903	21.90826	-0.03550958	0.1211746	-1.05638	0	0	0	
11.912	24	19	49	48	2	-1494.844	-0.9260584	22.00446	-0.0334928	0.120819	-1.070624	0	0	0	
11.944	24	19	49	48	2	-1494.8	-0.9694831	22.10196	-0.03261326	0.1205562	-1.084353	0	0	0	
11.98	24	19	49	48	2	-1494.754	-1.013866	22.2007	-0.03399397	0.1203393	-1.09921	0	0	0	
12.012	24	19	49	48	2	-1494.702	-1.064943	22.31326	-0.03731533	0.1201442	-1.111905	0	0	0	
12.048	24	19	49	48	2	-1494.649	-1.117235	22.42734	-0.04239273	0.1198874	-1.125631	0	0	0	
12.088	24	19	49	49	2	-1494.588	-1.17676	22.55582	-0.0477507	0.1195017	-1.140209	0	0	0	
12.12	24	19	49	49	2	-1494.538	-1.225455	22.65989	-0.05055781	0.1191341	-1.151377	0	0	0	
12.14	24	19	49	49	2	-1494.507	-1.256373	22.7255	-0.05140166	0.1189301	-1.15814	0	0	0	
12.16	24	19	49	49	2	-1494.475	-1.287663	22.79154	-0.05156552	0.1187511	-1.164737	0	0	0	
12.18	24	19	49	49	2	-1494.443	-1.319322	22.858	-0.05119023	0.1185812	-1.17117	0	0	0	
12.208	24	19	49	49	2	-1494.403	-1.3578	22.93831	-0.05015561	0.1183217	-1.179907	0	0	0	
12.224	24	19	49	49	2	-1494.37	-1.39027	23.0057	-0.04952441	0.1181549	-1.184768	0	0	0	
12.248	24	19	49	49	2	-1494.33	-1.42972	23.0871	-0.04883344	0.1178938	-1.191884	0	0	0	
12.272	24	19	49	49	2	-1494.289	-1.4697	23.16908	-0.04871437	0.1176416	-1.198799	0	0	0	
12.292	24	19	49	49	2	-1494.255	-1.503422	23.23783	-0.04917669	0.1174343	-1.204413	0	0	0	
12.316	24	19	49	49	2	-1494.22	-1.537512	23.30698	-0.05041863	0.1172279	-1.210978	0	0	0	
12.34	24	19	49	49	2	-1494.17	-1.585858	23.40444	-0.05227383	0.1170643	-1.217362	0	0	0	
12.372	24	19	49	49	2	-1494.113	-1.641996	23.51672	-0.05526954	0.1169139	-1.225603	0	0	0	
12.408	24	19	49	49	2	-1494.047	-1.706277	23.64417	-0.05846764	0.1167443	-1.234511	0	0	0	
12.436	24	19	49	49	2	-1493.995	-1.757093	23.74412	-0.06025666	0.1164591	-1.241168	0	0	0	
12.464	24	19	49	49	2	-1493.95	-1.801217	23.83033	-0.06118969	0.1160549	-1.247589	0	0	0	
12.5	24	19	49	49	2	-1493.882	-1.868391	23.96061	-0.06119227	0.1155951	-1.255527	0	0	0	
12.54	24	19	49	49	2	-1493.804	-1.944415	24.10665	-0.06032373	0.115342	-1.263968	0	0	0	
12.576	24	19	49	49	2	-1493.725	-2.021895	24.25404	-0.05966533	0.1152528	-1.271236	0	0	0	
12.596	24	19	49	49	2	-1493.685	-2.061178	24.32823	-0.05962448	0.1151603	-1.275135	0	0	0	
12.628	24	19	49	50	2	-1493.62	-2.124782	24.4476	-0.0602565	0.1148737	-1.281173	0	0	0	
12.652	24	19	49	50	2	-1493.571	-2.173093	24.53766	-0.06128337	0.1145815	-1.285548	0	0	0	
12.672	24	19	49	50	2	-1493.529	-2.21375	24.61304	-0.06239994	0.1143766	-1.289104	0	0	0	
12.688	24	19	49	50	2	-1493.496	-2.246538	24.67357	-0.063396	0.1142678	-1.291893	0	0	0	
12.708	24	19	49	50	2	-1493.462	-2.279557	24.7343	-0.06466839	0.1141772	-1.295304	0	0	0	
12.724	24	19	49	50	2	-1493.419	-2.321157	24.81047	-0.06584646	0.1141188	-1.298633	0	0	0	
12.752	24	19	49	50	2	-1493.368	-2.371554	24.90227	-0.06699635	0.1140781	-1.302518	0	0	0	
12.772	24	19	49	50	2	-1493.316	-2.422469	24.99448	-0.06774642	0.1139809	-1.306279	0	0	0	
12.812	24	19	49	50	2	-1493.228	-2.508471	25.14909	-0.06807478	0.1135944	-1.311689	0	0	0	
12.852	24	19	49	50	2	-1493.139	-2.595907	25.30482	-0.06767544	0.1131769	-1.317424	0	0	0	
12.888	24	19	49	50	2	-1493.057	-2.67583	25.4459	-0.06723229	0.1131489	-1.322387	0	0	0	
12.92	24	19	49	50	2	-1492.983	-2.747847	25.572	-0.0671978	0.1133072	-1.326645	0	0	0	
12.944	24	19	49	50	2	-1492.928	-2.802457	25.667	-0.06753453	0.1133673	-1.329733	0	0	0	
12.964	24	19	49	50	2	-1492.881	-2.848356	25.74643	-0.06807289	0.1133397	-1.332235	0	0	0	
12.992	24	19	49	50	2	-1492.814	-2.91321	25.85803	-0.06915199	0.1132067	-1.33563	0	0	0	
13.016	24	19	49	50	2	-1492.757	-2.969354	25.95403	-0.07044899	0.1130635	-1.338913	0	0	0	
13.048	24	19	49	50	2	-1492.689	-3.035504	26.06644	-0.07170517	0.1130092	-1.342089	0	0	0	
13.068	24	19	49	50	2	-1492.631	-3.092759	26.16311	-0.0724658	0.1130426	-1.344294	0	0	0	
13.096	24	19	49	50	2	-1492.562	-3.160202	26.27626	-0.07321498	0.1131135	-1.347294	0	0	0	
13.124	24	19	49	50	2	-1492.502	-3.218561	26.37355	-0.0735409	0.1131517	-1.350194	0	0	0	
13.144	24	19	49	51	2	-1492.442	-3.277428	26.47112	-0.07354019	0.1131214	-1.352203	0	0	0	
13.168	24	19	49	51	2	-1492.392	-3.32687	26.55262	-0.07336044	0.1130116	-1.354545	0	0	0	
13.192	24	19	49	51	2	-1492.331	-3.386666	26.65066	-0.07310594	0.1128842	-1.35682	0	0	0	
13.212	24	19	49	51	2	-1492.269	-3.446969	26.74895	-0.07293307	0.112809	-1.35867	0	0	0	
13.236	24	19	49	51	2	-1492.217	-3.497609	26.83104	-0.07288399	0.1128151	-1.36084	0	0	0	
13.268	24	19	49	51	2	-1492.123	-3.58965	26.97919	-0.07320491	0.1129619	-1.363653	0	0	0	
13.288	24	19	49	51	2	-1492.081	-3.630922	27.04519	-0.07363107	0.1130276	-1.365357	0	0	0	
13.312	24	19	49	51	2	-1492.006	-3.703685	27.16092	-0.07432049	0.1130401	-1.367347	0	0	0	
13.344	24	19	49	51	2	-1491.921	-3.787683	27.29352	-0.07538017	0.1129865	-1.369911	0	0	0	
13.364	24	19	49	51	2	-1491.877	-3.830016	27.35995	-0.07603159	0.1129116	-1.371463	0	0	0	
13.384	24	19	49	51	2	-1491.812	-3.893936	27.45974	-0.07660544	0.1128278	-1.372978	0	0	0	
13.408	24	19	49	51	2	-1491.746	-3.958358	27.5597	-0.07713742	0.1127592	-1.374752	0	0	0	
13.428	24	19	49	51	2	-1491.691	-4.012427	27.64313	-0.07742788	0.1127599	-1.3762	0	0	0	
13.452	24	19	49	51	2	-1491.624	-4.07777	27.74339	-0.07760451	0.1128291	-1.377897	0	0	0	
13.472	24	19	49	51	2	-1491.568	-4.132605	27.82706	-0.0776305	0.1129184	-1.379278	0	0	0	
13.496	24	19	49	51	2	-1491.5	-4.198866	27.92759	-0.07756124	0.1130235	-1.380893	0	0	0	
13.516	24	19	49	51	2	-1491.443	-4.254463	28.01146	-0.07746991	0.1130524	-1.382201	0	0	0	
13.544	24	19	49	51	2	-1491.363	-4.332879	28.12904	-0.07737261	0.112983	-1.384228	0	0	0	
13.568	24	19	49	51	2	-1491.294	-4.400631	28.22996	-0.07740409	0.1129056	-1.385456	0	0	0	
13.576	24	19	49	51	2	-1491.271	-4.423326	28.26362	-0.07744437	0.1128758	-1.38594	0	0	0	
13.604	24	19	49	52	2	-1491.189	-4.503193	28.38155	-0.07772595	0.1128204	-1.3876	0	0	0	
13.636	24	19	49	52	2	-1491.095	-4.595301	28.51648	-0.07829232	0.1128812	-1.389439	0	0	0	
13.676	24	19	49	52	2	-1490.988	-4.699975	28.66849	-0.07919024	0.1129512	-1.391636	0	0	0	
13.716	24	19	49	52	2	-1490.867	-4.817584	28.8376	-0.08002081	0.1129855	-1.393726	0	0	0	
13.752	24	19	49	52	2	-1490.746	-4.936568	29.0069	-0.08048736	0.1130712	-1.395525	0	0	0	
13.776	24	19	49	52	2	-1490.672	-5.008615	29.10857	-0.08062437	0.1131061	-1.396679	0	0	0	
13.812	24	19	49	52	2	-1490.561	-5.11761	29.26117	-0.08061638	0.1131237	-1.398346	0	0	0	
13.844	24	19	49	52	2	-1490.473	-5.203149	29.37993	-0.08052709	0.1131271	-1.39977	0	0	0	
13.864	24	19	49	52	2	-1490.41	-5.264657	29.46478	-0.0805057	0.113128	-1.400634	0	0	0	
13.888	24	19	49	52	2	-1490.321	-5.351342	29.58361	-0.08054549	0.113149	-1.401645	0	0	0	
13.916	24	19	49	52	2	-1490.245	-5.426173	29.68549	-0.08072361	0.1131635	-1.40279	0	0	0	
13.948	24	19	49	52	2	-1490.129	-5.539338	29.83834	-0.08111582	0.1131987	-1.40405	0	0	0	
13.968	24	19	49	52	2	-1490.064	-5.602683	29.92327	-0.08142477	0.113236	-1.404815	0	0	0	
13.988	24	19	49	52	2	-1489.999	-5.666367	30.00819	-0.08175339	0.1132775	-1.405563	0	0	0	
14.012	24	19	49	52	2	-1489.921	-5.743235	30.1101	-0.08213369	0.1133344	-1.406437	0	0	0	
14.04	24	19	49	52	2	-1489.828	-5.833531	30.22898	-0.08248903	0.1134049	-1.407429	0	0	0	
14.064	24	19	49	52	2	-1489.748	-5.911453	30.33087	-0.08269123	0.1134124	-1.408253	0	0	0	
14.1	24	19	49	52	2	-1489.628	-6.029246	30.48364	-0.08283186	0.1133477	-1.409445	0	0	0	
14.124	24	19	49	52	2	-1489.547	-6.108381	30.58546	-0.08284009	0.1132996	-1.410217	0	0	0	
14.156	24	19	49	52	2	-1489.438	-6.214649	30.72116	-0.08281831	0.1133347	-1.411224	0	0	0	
14.168	24	19	49	53	2	-1489.411	-6.241351	30.75507	-0.08282259	0.1133811	-1.411595	0	0	0	
14.2	24	19	49	53	2	-1489.287	-6.362174	30.90762	-0.08290362	0.1135351	-1.412562	0	0	0	
14.22	24	19	49	53	2	-1489.218	-6.429767	30.99232	-0.08304323	0.113628	-1.413262	0	0	0	
14.252	24	19	49	53	2	-1489.121	-6.524958	31.11084	-0.08328981	0.1136572	-1.414045	0	0	0	
14.272	24	19	49	53	2	-1489.037	-6.607071	31.21235	-0.08349177	0.1136332	-1.414584	0	0	0	
14.292	24	19	49	53	2	-1488.98	-6.66208	31.27999	-0.08370455	0.1135855	-1.415109	0	0	0	
14.312	24	19	49	53	2	-1488.895	-6.744994	31.38139	-0.08392599	0.1135431	-1.415624	0	0	0	
14.328	24	19	49	53	2	-1488.838	-6.800537	31.44895	-0.08409597	0.1135307	-1.416028	0	0	0	
14.348	24	19	49	53	2	-1488.767	-6.870266	31.53334	-0.08428356	0.1135547	-1.416524	0	0	0	
14.372	24	19	49	53	2	-1488.681	-6.95438	31.63453	-0.08446596	0.1136378	-1.41711	0	0	0	
14.404	24	19	49	53	2	-1488.565	-7.067276	31.76932	-0.08464464	0.1137409	-1.417966	0	0	0	
14.44	24	19	49	53	2	-1488.449	-7.18102	31.90393	-0.08469788	0.1137898	-1.418695	0	0	0	
14.464	24	19	49	53	2	-1488.346	-7.28124	32.02157	-0.0846863	0.1138049	-1.419226	0	0	0	
14.496	24	19	49	53	2	-1488.228	-7.396571	32.15584	-0.08464444	0.1137689	-1.419918	0	0	0	
14.52	24	19	49	53	2	-1488.139	-7.483622	32.25642	-0.08463831	0.1137181	-1.420428	0	0	0	
14.56	24	19	49	53	2	-1487.99	-7.629764	32.42378	-0.08478591	0.1137062	-1.421263	0	0	0	
14.596	24	19	49	53	2	-1487.854	-7.762416	32.57411	-0.08508135	0.1137341	-1.421991	0	0	0	
14.624	24	19	49	53	2	-1487.747	-7.866325	32.69084	-0.08535821	0.1137794	-1.422545	0	0	0	
14.648	24	19	49	53	2	-1487.656	-7.955901	32.79075	-0.08559449	0.1138084	-1.42301	0	0	0	
14.672	24	19	49	53	2	-1487.563	-8.045948	32.89051	-0.08579574	0.113851	-1.423466	0	0	0	
14.696	24	19	49	54	2	-1487.471	-8.136466	32.99014	-0.085949	0.1139145	-1.423916	0	0	0	
14.728	24	19	49	54	2	-1487.362	-8.242665	33.10618	-0.08606346	0.114015	-1.424503	0	0	0	
14.764	24	19	49	54	2	-1487.221	-8.380143	33.25507	-0.08609114	0.1140315	-1.42514	0	0	0	
14.792	24	19	49	54	2	-1487.111	-8.487799	33.37063	-0.08607365	0.1139656	-1.425614	0	0	0	
14.82	24	19	49	54	2	-1486.984	-8.611611	33.50243	-0.08606113	0.1138371	-1.426068	0	0	0	
14.844	24	19	49	54	2	-1486.888	-8.705016	33.60109	-0.08606787	0.113785	-1.426454	0	0	0	
14.864	24	19	49	54	2	-1486.808	-8.783212	33.68318	-0.08610329	0.1138306	-1.426777	0	0	0	
14.884	24	19	49	54	2	-1486.728	-8.861732	33.76514	-0.0861753	0.1139428	-1.427101	0	0	0	
14.908	24	19	49	54	2	-1486.647	-8.940575	33.84699	-0.08631127	0.1141184	-1.427485	0	0	0	
14.932	24	19	49	54	2	-1486.533	-9.051498	33.96135	-0.0864913	0.1142355	-1.427853	0	0	0	
14.956	24	19	49	54	2	-1486.435	-9.147074	34.05918	-0.08669152	0.1142461	-1.428199	0	0	0	
14.98	24	19	49	54	2	-1486.337	-9.243113	34.15683	-0.08687194	0.114174	-1.428523	0	0	0	
15	24	19	49	54	2	-1486.255	-9.3235	34.23805	-0.08699469	0.114118	-1.428784	0	0	0	
15.032	24	19	49	54	2	-1486.139	-9.436583	34.35155	-0.08713285	0.1140848	-1.429196	0	0	0	
15.06	24	19	49	54	2	-1486.006	-9.56659	34.48092	-0.08717388	0.1140757	-1.429548	0	0	0	
15.072	24	19	49	54	2	-1485.955	-9.615554	34.52935	-0.08716861	0.1140787	-1.429697	0	0	0	
15.096	24	19	49	54	2	-1485.855	-9.71383	34.62605	-0.08713195	0.1141232	-1.429995	0	0	0	
15.12	24	19	49	54	2	-1485.77	-9.796077	34.70648	-0.08709943	0.1141794	-1.430294	0	0	0	
15.14	24	19	49	54	2	-1485.669	-9.895196	34.8028	-0.0871007	0.1142142	-1.430541	0	0	0	
15.172	24	19	49	54	2	-1485.55	-10.01141	34.91491	-0.0871676	0.1142565	-1.430926	0	0	0	
15.192	24	19	49	55	2	-1485.447	-10.11153	35.01077	-0.08726315	0.1142939	-1.431166	0	0	0	
15.224	24	19	49	55	2	-1485.31	-10.24572	35.13825	-0.0874904	0.1143401	-1.431541	0	0	0	
15.264	24	19	49	55	2	-1485.136	-10.41461	35.29704	-0.08775846	0.1143444	-1.431992	0	0	0	
15.308	24	19	49	55	2	-1484.962	-10.58476	35.45522	-0.08791037	0.1142639	-1.432463	0	0	0	
15.336	24	19	49	55	2	-1484.822	-10.7218	35.5813	-0.08792281	0.1141874	-1.432745	0	0	0	
15.36	24	19	49	55	2	-1484.733	-10.80785	35.6599	-0.08790362	0.1141582	-1.432986	0	0	0	
15.396	24	19	49	55	2	-1484.574	-10.96355	35.80096	-0.08785641	0.1142572	-1.433352	0	0	0	
15.436	24	19	49	55	2	-1484.377	-11.15523	35.97263	-0.0878659	0.1143724	-1.433746	0	0	0	
15.472	24	19	49	55	2	-1484.215	-11.31319	36.1125	-0.08796399	0.1142931	-1.434079	0	0	0	
15.496	24	19	49	55	2	-1484.107	-11.41906	36.20543	-0.08808547	0.1142318	-1.434332	0	0	0	
15.536	24	19	49	55	2	-1483.925	-11.59651	36.35978	-0.08827314	0.1142914	-1.434666	0	0	0	
15.564	24	19	49	55	2	-1483.796	-11.72148	36.46741	-0.08838405	0.114412	-1.434926	0	0	0	
15.584	24	19	49	55	2	-1483.723	-11.79316	36.52875	-0.08843486	0.1144545	-1.43511	0	0	0	
15.608	24	19	49	55	2	-1483.594	-11.91908	36.63583	-0.08847396	0.1144676	-1.43533	0	0	0	
15.644	24	19	49	55	2	-1483.427	-12.08187	36.77298	-0.088498	0.1143979	-1.435653	0	0	0	
15.676	24	19	49	55	2	-1483.278	-12.22742	36.89441	-0.0885348	0.1142976	-1.435933	0	0	0	
15.7	24	19	49	55	2	-1483.165	-12.3371	36.98516	-0.08859499	0.1142492	-1.436176	0	0	0	
15.736	24	19	49	55	2	-1483.014	-12.48404	37.10575	-0.08864973	0.1142718	-1.436455	0	0	0	
15.756	24	19	49	55	2	-1482.901	-12.59476	37.19588	-0.08868297	0.1143223	-1.43663	0	0	0	
15.776	24	19	49	55	2	-1482.806	-12.68737	37.27079	-0.08871325	0.1143671	-1.436801	0	0	0	
15.796	24	19	49	56	2	-1482.71	-12.78028	37.3455	-0.08874074	0.1143937	-1.436971	0	0	0	
15.808	24	19	49	56	2	-1482.672	-12.81753	37.37533	-0.08875795	0.114406	-1.437072	0	0	0	
15.824	24	19	49	56	2	-1482.576	-12.91088	37.44978	-0.08878158	0.114418	-1.437204	0	0	0	
15.848	24	19	49	56	2	-1482.461	-13.0233	37.53886	-0.08882006	0.1144007	-1.437395	0	0	0	
15.872	24	19	49	56	2	-1482.345	-13.13617	37.62766	-0.08885149	0.1143536	-1.43758	0	0	0	
15.904	24	19	49	56	2	-1482.21	-13.2684	37.73091	-0.08889373	0.1142873	-1.437823	0	0	0	
15.928	24	19	49	56	2	-1482.073	-13.40123	37.83378	-0.08894372	0.1142547	-1.438035	0	0	0	
15.948	24	19	49	56	2	-1481.975	-13.49647	37.90702	-0.08897806	0.1142536	-1.438156	0	0	0	
15.968	24	19	49	56	2	-1481.877	-13.59203	37.98006	-0.08902321	0.1142679	-1.438308	0	0	0	
15.992	24	19	49	56	2	-1481.759	-13.70709	38.06745	-0.08907383	0.1142873	-1.43849	0	0	0	
16.016	24	19	49	56	2	-1481.641	-13.8226	38.15455	-0.08910942	0.1143132	-1.438669	0	0	0	
16.04	24	19	49	56	2	-1481.522	-13.93854	38.24135	-0.08913865	0.1143085	-1.438843	0	0	0	
16.064	24	19	49	56	2	-1481.402	-14.05491	38.32787	-0.08916153	0.1142377	-1.439012	0	0	0	
16.092	24	19	49	56	2	-1481.262	-14.19124	38.42845	-0.08915213	0.1141268	-1.439209	0	0	0	
16.12	24	19	49	56	2	-1481.122	-14.32816	38.52862	-0.08914308	0.1140663	-1.439405	0	0	0	
16.136	24	19	49	56	2	-1481.041	-14.40666	38.58569	-0.08915488	0.1140612	-1.439517	0	0	0	
16.16	24	19	49	56	2	-1480.92	-14.52479	38.67103	-0.08918901	0.1141011	-1.439688	0	0	0	
16.188	24	19	49	56	2	-1480.778	-14.66314	38.77023	-0.08924206	0.1141491	-1.439885	0	0	0	
16.22	24	19	49	56	2	-1480.635	-14.80209	38.86902	-0.08931871	0.1141355	-1.440108	0	0	0	
16.24	24	19	49	56	2	-1480.512	-14.92165	38.95337	-0.08937595	0.114142	-1.440252	0	0	0	
16.26	24	19	49	57	2	-1480.41	-15.02162	39.02343	-0.08944617	0.1141774	-1.440425	0	0	0	
16.288	24	19	49	57	2	-1480.266	-15.16208	39.12117	-0.08949472	0.1142111	-1.440596	0	0	0	
16.3	24	19	49	57	2	-1480.204	-15.22246	39.16293	-0.08950739	0.114213	-1.44068	0	0	0	
16.32	24	19	49	57	2	-1480.1	-15.32333	39.23236	-0.08951636	0.114172	-1.44082	0	0	0	
16.344	24	19	49	57	2	-1479.975	-15.44476	39.3154	-0.08950654	0.1140773	-1.440989	0	0	0	
16.364	24	19	49	57	2	-1479.871	-15.54628	39.38436	-0.08949042	0.1139837	-1.441161	0	0	0	
16.38	24	19	49	57	2	-1479.787	-15.62772	39.43938	-0.08948101	0.1139597	-1.441251	0	0	0	
16.408	24	19	49	57	2	-1479.662	-15.75023	39.52165	-0.08946848	0.1139694	-1.44147	0	0	0	
16.44	24	19	49	57	2	-1479.472	-15.93479	39.64447	-0.08948231	0.114014	-1.441728	0	0	0	
16.476	24	19	49	57	2	-1479.303	-16.09966	39.75306	-0.08955775	0.1139686	-1.442012	0	0	0	
16.496	24	19	49	57	2	-1479.175	-16.2238	39.83415	-0.08961669	0.1138876	-1.442163	0	0	0	
16.528	24	19	49	57	2	-1479.004	-16.38999	39.94178	-0.08970393	0.1137643	-1.442404	0	0	0	
16.552	24	19	49	57	2	-1478.876	-16.51513	40.02213	-0.08974627	0.1137043	-1.442585	0	0	0	
16.576	24	19	49	57	2	-1478.768	-16.61974	40.08886	-0.08976572	0.1137074	-1.442766	0	0	0	
16.596	24	19	49	57	2	-1478.661	-16.72464	40.15537	-0.08976346	0.1137622	-1.442918	0	0	0	
16.632	24	19	49	57	2	-1478.444	-16.93533	40.28773	-0.08973508	0.1138545	-1.443183	0	0	0	
16.672	24	19	49	57	2	-1478.226	-17.14719	40.41921	-0.08967773	0.1137643	-1.443449	0	0	0	
16.7	24	19	49	57	2	-1478.073	-17.29619	40.51073	-0.08963792	0.1136625	-1.443623	0	0	0	
16.736	24	19	49	57	2	-1477.876	-17.48861	40.62776	-0.08964793	0.1136378	-1.443853	0	0	0	
16.764	24	19	49	57	2	-1477.721	-17.63892	40.71829	-0.08970313	0.1136165	-1.444033	0	0	0	
16.788	24	19	49	58	2	-1477.588	-17.76821	40.79555	-0.0897703	0.1135826	-1.44419	0	0	0	
16.824	24	19	49	58	2	-1477.388	-17.96293	40.91083	-0.08985628	0.1135421	-1.444429	0	0	0	
16.868	24	19	49	58	2	-1477.142	-18.2022	41.05074	-0.08989707	0.1134838	-1.44473	0	0	0	
16.904	24	19	49	58	2	-1476.962	-18.3771	41.15182	-0.08989426	0.1134503	-1.444987	0	0	0	
16.928	24	19	49	58	2	-1476.804	-18.53074	41.2398	-0.08991397	0.1134302	-1.445162	0	0	0	
16.964	24	19	49	58	2	-1476.6	-18.72911	41.35227	-0.08995264	0.113388	-1.44542	0	0	0	
16.988	24	19	49	58	2	-1476.487	-18.83972	41.41444	-0.0899504	0.1133494	-1.445586	0	0	0	
17.024	24	19	49	58	2	-1476.258	-19.0618	41.5381	-0.08993051	0.1132636	-1.445826	0	0	0	
17.06	24	19	49	58	2	-1476.052	-19.26265	41.64863	-0.08990394	0.1131722	-1.446059	0	0	0	
17.084	24	19	49	58	2	-1475.937	-19.37463	41.70973	-0.08988971	0.1131476	-1.44622	0	0	0	
17.104	24	19	49	58	2	-1475.798	-19.5094	41.78274	-0.08989228	0.1131422	-1.446357	0	0	0	
17.124	24	19	49	58	2	-1475.682	-19.62201	41.84334	-0.08990631	0.1131574	-1.446493	0	0	0	
17.144	24	19	49	58	2	-1475.566	-19.73492	41.90371	-0.08993338	0.1131857	-1.446626	0	0	0	
17.168	24	19	49	58	2	-1475.426	-19.87077	41.97586	-0.08997451	0.1132042	-1.446785	0	0	0	
17.196	24	19	49	58	2	-1475.286	-20.00704	42.04768	-0.09000694	0.1131569	-1.446962	0	0	0	
17.224	24	19	49	58	2	-1475.099	-20.18937	42.14294	-0.09001289	0.1130419	-1.447132	0	0	0	
17.24	24	19	49	58	2	-1475.005	-20.28081	42.19036	-0.09002024	0.1129842	-1.447232	0	0	0	
17.264	24	19	49	58	2	-1474.863	-20.4183	42.26121	-0.09005541	0.1129277	-1.447386	0	0	0	
17.284	24	19	49	58	2	-1474.745	-20.53319	42.32	-0.09010159	0.1129075	-1.44752	0	0	0	
17.304	24	19	49	58	2	-1474.627	-20.64837	42.37857	-0.09014692	0.1128943	-1.447656	0	0	0	
17.32	24	19	49	59	2	-1474.555	-20.71761	42.4136	-0.09016673	0.1128961	-1.447766	0	0	0	
17.352	24	19	49	59	2	-1474.341	-20.92594	42.5182	-0.09017329	0.1129171	-1.447985	0	0	0	
17.388	24	19	49	59	2	-1474.15	-21.11188	42.61057	-0.09015522	0.1128217	-1.44822	0	0	0	
17.404	24	19	49	59	2	-1474.03	-21.22846	42.668	-0.09013937	0.1127502	-1.448322	0	0	0	
17.432	24	19	49	59	2	-1473.885	-21.36873	42.73662	-0.09011054	0.1126316	-1.448501	0	0	0	
17.456	24	19	49	59	2	-1473.716	-21.53289	42.81627	-0.09007722	0.1125487	-1.448678	0	0	0	
17.492	24	19	49	59	2	-1473.498	-21.74476	42.91802	-0.09006472	0.1125025	-1.448883	0	0	0	
17.532	24	19	49	59	2	-1473.255	-21.98122	43.03021	-0.09009687	0.112469	-1.449136	0	0	0	
17.572	24	19	49	59	2	-1473.011	-22.2188	43.1415	-0.09013612	0.1123183	-1.44939	0	0	0	
17.612	24	19	49	59	2	-1472.765	-22.45749	43.25189	-0.09017932	0.1121385	-1.449658	0	0	0	
17.636	24	19	49	59	2	-1472.617	-22.60124	43.31769	-0.09020775	0.1121058	-1.449831	0	0	0	
17.664	24	19	49	59	2	-1472.444	-22.76944	43.39404	-0.09022466	0.1121694	-1.450044	0	0	0	
17.696	24	19	49	59	2	-1472.245	-22.96235	43.48076	-0.09022562	0.1122783	-1.450288	0	0	0	
17.732	24	19	49	59	2	-1472.021	-23.1802	43.57763	-0.09021572	0.1122461	-1.450545	0	0	0	
17.76	24	19	49	59	2	-1471.846	-23.35026	43.65246	-0.09019418	0.112075	-1.450731	0	0	0	
17.784	24	19	49	59	2	-1471.695	-23.49644	43.71625	-0.0901697	0.1118794	-1.450916	0	0	0	
17.804	24	19	49	59	2	-1471.569	-23.61857	43.76915	-0.09016016	0.1118071	-1.451026	0	0	0	
17.836	24	19	49	59	2	-1471.368	-23.81455	43.85333	-0.09018644	0.1118946	-1.451293	0	0	0	
17.868	24	19	49	59	2	-1471.165	-24.01123	43.93693	-0.09022355	0.1120261	-1.451508	0	0	0	
17.892	24	19	49	59	2	-1471.013	-24.15919	43.99925	-0.09025238	0.1120375	-1.451684	0	0	0	
17.916	24	19	50	0	2	-1470.86	-24.30755	44.06125	-0.09029413	0.1118841	-1.451874	0	0	0	
17.94	24	19	50	0	2	-1470.732	-24.43148	44.11266	-0.09032472	0.111729	-1.452006	0	0	0	
17.964	24	19	50	0	2	-1470.553	-24.60543	44.18426	-0.09035707	0.1115917	-1.452165	0	0	0	
17.984	24	19	50	0	2	-1470.425	-24.73002	44.23514	-0.09037315	0.1115377	-1.452301	0	0	0	
18	24	19	50	0	2	-1470.322	-24.82988	44.27567	-0.09037582	0.1115392	-1.452415	0	0	0	
18.028	24	19	50	0	2	-1470.167	-24.98	44.33621	-0.09035699	0.1115894	-1.452615	0	0	0	
18.052	24	19	50	0	2	-1469.986	-25.15562	44.40643	-0.09031483	0.1116011	-1.452779	0	0	0	
18.072	24	19	50	0	2	-1469.857	-25.2814	44.45631	-0.09025848	0.1115544	-1.452913	0	0	0	
18.092	24	19	50	0	2	-1469.727	-25.40744	44.50597	-0.09019649	0.1114838	-1.453047	0	0	0	
18.112	24	19	50	0	2	-1469.597	-25.53375	44.55541	-0.09014571	0.1114109	-1.453183	0	0	0	
18.136	24	19	50	0	2	-1469.44	-25.68567	44.61444	-0.09012195	0.1112889	-1.453373	0	0	0	
18.172	24	19	50	0	2	-1469.204	-25.91429	44.70238	-0.09015256	0.1111926	-1.453592	0	0	0	
18.208	24	19	50	0	2	-1468.968	-26.14377	44.7896	-0.0902269	0.1112191	-1.453854	0	0	0	
18.232	24	19	50	0	2	-1468.81	-26.29725	44.84735	-0.09027089	0.1112218	-1.454056	0	0	0	
18.256	24	19	50	0	2	-1468.651	-26.4511	44.90478	-0.09028968	0.1111926	-1.454199	0	0	0	
18.288	24	19	50	0	2	-1468.439	-26.65684	44.98085	-0.09030406	0.1111286	-1.45443	0	0	0	
18.3	24	19	50	0	2	-1468.359	-26.73417	45.00923	-0.09030008	0.1110728	-1.454544	0	0	0	
18.324	24	19	50	0	2	-1468.2	-26.88911	45.06575	-0.09027495	0.1109725	-1.454684	0	0	0	
18.36	24	19	50	0	2	-1467.959	-27.12224	45.14994	-0.09019912	0.1108114	-1.454933	0	0	0	
18.392	24	19	50	0	2	-1467.745	-27.33018	45.22418	-0.09014908	0.1107447	-1.455158	0	0	0	
18.412	24	19	50	1	2	-1467.61	-27.4605	45.27029	-0.09013434	0.1107333	-1.455305	0	0	0	
18.448	24	19	50	1	2	-1467.368	-27.69572	45.35274	-0.09015033	0.1107035	-1.455575	0	0	0	
18.48	24	19	50	1	2	-1467.152	-27.90553	45.42544	-0.09017593	0.1106458	-1.455814	0	0	0	
18.508	24	19	50	1	2	-1466.962	-28.08966	45.48859	-0.09017759	0.1105261	-1.456018	0	0	0	
18.524	24	19	50	1	2	-1466.853	-28.1951	45.52448	-0.09016586	0.1104671	-1.456136	0	0	0	
18.548	24	19	50	1	2	-1466.717	-28.32715	45.56915	-0.09014961	0.1104189	-1.456318	0	0	0	
18.564	24	19	50	1	2	-1466.58	-28.45946	45.61361	-0.09014819	0.1103899	-1.45644	0	0	0	
18.588	24	19	50	1	2	-1466.416	-28.61858	45.66666	-0.09016657	0.1103595	-1.456626	0	0	0	
18.608	24	19	50	1	2	-1466.279	-28.75146	45.71063	-0.09018383	0.1103484	-1.45678	0	0	0	
18.628	24	19	50	1	2	-1466.142	-28.8846	45.75439	-0.09019331	0.1103162	-1.456932	0	0	0	
18.656	24	19	50	1	2	-1465.949	-29.07144	45.81528	-0.09019332	0.1102273	-1.457147	0	0	0	
18.672	24	19	50	1	2	-1465.866	-29.15167	45.84125	-0.09019077	0.1101843	-1.45727	0	0	0	
18.692	24	19	50	1	2	-1465.7	-29.31241	45.89295	-0.09019023	0.1101277	-1.457425	0	0	0	
18.708	24	19	50	1	2	-1465.59	-29.41978	45.92724	-0.09018904	0.1100508	-1.457579	0	0	0	
18.736	24	19	50	1	2	-1465.423	-29.58114	45.97843	-0.09017964	0.1099633	-1.457762	0	0	0	
18.756	24	19	50	1	2	-1465.256	-29.74288	46.0293	-0.09017277	0.109907	-1.457917	0	0	0	
18.772	24	19	50	1	2	-1465.145	-29.85091	46.06305	-0.09016844	0.109883	-1.458043	0	0	0	
18.796	24	19	50	1	2	-1465.005	-29.98618	46.10504	-0.09016729	0.1098901	-1.45824	0	0	0	
18.82	24	19	50	1	2	-1464.809	-30.17599	46.16347	-0.09016766	0.1099055	-1.458439	0	0	0	
18.844	24	19	50	1	2	-1464.669	-30.31188	46.20494	-0.09016306	0.1098608	-1.458633	0	0	0	
18.864	24	19	50	2	2	-1464.501	-30.47529	46.25443	-0.09015818	0.1097566	-1.45879	0	0	0	
18.896	24	19	50	2	2	-1464.275	-30.69373	46.31995	-0.09015663	0.1095498	-1.459042	0	0	0	
18.928	24	19	50	2	2	-1464.049	-30.91283	46.38493	-0.09015921	0.1094184	-1.45931	0	0	0	
18.948	24	19	50	2	2	-1463.907	-31.05011	46.42526	-0.09016973	0.1093821	-1.459487	0	0	0	
18.98	24	19	50	2	2	-1463.68	-31.27027	46.48937	-0.09019661	0.1094034	-1.459773	0	0	0	
19.004	24	19	50	2	2	-1463.509	-31.43583	46.53709	-0.09020558	0.1094374	-1.459989	0	0	0	
19.032	24	19	50	2	2	-1463.309	-31.62944	46.59239	-0.09019935	0.1094312	-1.460236	0	0	0	
19.06	24	19	50	2	2	-1463.137	-31.79578	46.63946	-0.09017437	0.1093373	-1.460473	0	0	0	
19.064	24	19	50	2	2	-1462.879	-32.04598	46.70951	-0.0901353	0.1091504	-1.460731	0	0	0	
19.064	24	19	50	2	2	-1462.706	-32.21324	46.75584	-0.09011014	0.1090145	-1.460958	0	0	0	
19.064	24	19	50	2	2	-1462.504	-32.40884	46.80952	-0.09010971	0.1089807	-1.461155	0	0	0	
19.064	24	19	50	2	2	-1462.215	-32.68912	46.8855	-0.09015467	0.1090246	-1.46149	0	0	0	
19.064	24	19	50	2	2	-1461.983	-32.91407	46.94569	-0.090175	0.1089459	-1.461753	0	0	0	
19.064	24	19	50	2	2	-1461.75	-33.13966	47.00537	-0.09016966	0.1086947	-1.462033	0	0	0	
19.064	24	19	50	2	2	-1461.487	-33.39421	47.07188	-0.09013897	0.1085107	-1.462284	0	0	0	
19.064	24	19	50	2	2	-1461.252	-33.62116	47.13045	-0.09007775	0.1084335	-1.462543	0	0	0	
19.064	24	19	50	2	2	-1461.047	-33.82027	47.18128	-0.09001536	0.1084035	-1.462771	0	0	0	
19.064	24	19	50	2	2	-1460.84	-34.01986	47.23171	-0.0899777	0.1084005	-1.463005	0	0	0	
19.064	24	19	50	2	2	-1460.693	-34.16273	47.2675	-0.08996124	0.1083507	-1.463203	0	0	0	
19.064	24	19	50	2	2	-1460.456	-34.39183	47.32434	-0.08996587	0.1082664	-1.463439	0	0	0	
19.064	24	19	50	3	2	-1460.248	-34.59281	47.37365	-0.09000934	0.1081543	-1.463678	0	0	0	
19.064	24	19	50	3	2	-1460.1	-34.73666	47.40864	-0.09006859	0.1080883	-1.463852	0	0	0	
19.064	24	19	50	3	2	-1459.861	-34.96734	47.46421	-0.09015836	0.1079823	-1.464132	0	0	0	
19.064	24	19	50	3	2	-1459.622	-35.19865	47.51927	-0.0902062	0.1079243	-1.464412	0	0	0	
19.064	24	19	50	3	2	-1459.382	-35.4306	47.57384	-0.0901975	0.1078972	-1.464694	0	0	0	
19.064	24	19	50	3	2	-1459.142	-35.66317	47.62791	-0.09014476	0.1078579	-1.46498	0	0	0	
19.064	24	19	50	3	2	-1458.931	-35.86718	47.67481	-0.09008712	0.1077961	-1.465228	0	0	0	
19.064	24	19	50	3	2	-1458.72	-36.07167	47.72134	-0.09003654	0.1076898	-1.465473	0	0	0	
19.064	24	19	50	3	2	-1458.508	-36.27664	47.76749	-0.08999576	0.1075587	-1.465749	0	0	0	
19.064	24	19	50	3	2	-1458.235	-36.54087	47.82627	-0.0899828	0.1074624	-1.466028	0	0	0	
19.064	24	19	50	3	2	-1457.991	-36.7764	47.878	-0.08998072	0.1073418	-1.466307	0	0	0	
19.064	24	19	50	3	2	-1457.747	-37.01256	47.92925	-0.09000383	0.1072088	-1.466623	0	0	0	
19.064	24	19	50	3	2	-1457.563	-37.19008	47.96737	-0.09002568	0.1071827	-1.46684	0	0	0	
19.064	24	19	50	3	2	-1457.349	-37.39763	48.0115	-0.09003075	0.1071895	-1.467059	0	0	0	
19.064	24	19	50	3	2	-1457.164	-37.57591	48.04903	-0.09001667	0.1072027	-1.467277	0	0	0	
19.064	24	19	50	3	2	-1456.979	-37.75454	48.0863	-0.08998812	0.1071687	-1.467491	0	0	0	
19.064	24	19	50	3	2	-1456.794	-37.93351	48.12329	-0.08995325	0.1070595	-1.467697	0	0	0	
19.064	24	19	50	3	2	-1456.547	-38.17267	48.1722	-0.08992131	0.1068712	-1.467969	0	0	0	
19.064	24	19	50	3	2	-1456.237	-38.47248	48.23267	-0.08993135	0.1067306	-1.468316	0	0	0	
19.064	24	19	50	3	2	-1455.988	-38.71303	48.28052	-0.08996383	0.1066691	-1.468595	0	0	0	
19.064	24	19	50	4	2	-1455.801	-38.89384	48.3161	-0.08998445	0.1066314	-1.468804	0	0	0	
19.064	24	19	50	4	2	-1455.582	-39.10521	48.35728	-0.08999413	0.106595	-1.469057	0	0	0	
19.064	24	19	50	4	2	-1455.363	-39.31705	48.39811	-0.08999628	0.1065128	-1.469311	0	0	0	
19.064	24	19	50	4	2	-1455.175	-39.499	48.43282	-0.08998935	0.1064043	-1.469525	0	0	0	
19.064	24	19	50	4	2	-1454.86	-39.80301	48.49009	-0.08997033	0.1063167	-1.469891	0	0	0	
19.064	24	19	50	4	2	-1454.607	-40.04689	48.53539	-0.08992722	0.1062727	-1.470182	0	0	0	
19.064	24	19	50	4	2	-1454.323	-40.32198	48.58582	-0.08986838	0.1062024	-1.470514	0	0	0	
19.064	24	19	50	4	2	-1454.069	-40.56715	48.63016	-0.08983483	0.1060982	-1.470849	0	0	0	
19.064	24	19	50	4	2	-1453.751	-40.87445	48.68496	-0.08981549	0.105975	-1.471229	0	0	0	
19.064	24	19	50	4	2	-1453.432	-41.1827	48.73907	-0.08983162	0.1058198	-1.471559	0	0	0	
19.064	24	19	50	4	2	-1453.176	-41.42996	48.78185	-0.08988826	0.1056537	-1.471854	0	0	0	
19.064	24	19	50	4	2	-1452.983	-41.6158	48.81365	-0.0899347	0.1055338	-1.472079	0	0	0	
19.064	24	19	50	4	2	-1452.726	-41.86411	48.85566	-0.08997272	0.10541	-1.472391	0	0	0	
19.064	24	19	50	4	2	-1452.436	-42.14416	48.90241	-0.08995712	0.1054028	-1.472803	0	0	0	
19.064	24	19	50	4	2	-1452.08	-42.48748	48.9588	-0.0898852	0.1054367	-1.473218	0	0	0	
19.064	24	19	50	4	2	-1451.821	-42.73786	48.99929	-0.08984688	0.1053471	-1.473531	0	0	0	
19.064	24	19	50	4	2	-1451.626	-42.92603	49.02938	-0.08982096	0.105258	-1.47376	0	0	0	
19.064	24	19	50	4	2	-1451.398	-43.14599	49.06419	-0.08976811	0.1051724	-1.474028	0	0	0	
19.064	24	19	50	4	2	-1451.072	-43.46099	49.11334	-0.08915402	0.1049582	-1.474398	0	0	0	
19.064	24	19	50	4	2	-1450.843	-43.68204	49.14736	-0.08821707	0.1047513	-1.474645	0	0	0	
19.064	24	19	50	5	2	-1450.613	-43.90353	49.18107	-0.08675979	0.1045285	-1.474889	0	0	0	
19.064	24	19	50	5	2	-1450.449	-44.06202	49.20495	-0.08483155	0.1042086	-1.475072	0	0	0	
19.064	24	19	50	5	2	-1450.252	-44.2525	49.23341	-0.08278395	0.1039073	-1.475217	0	0	0	
19.064	24	19	50	5	2	-1450.021	-44.47515	49.26631	-0.0790781	0.1034774	-1.475413	0	0	0	
19.064	24	19	50	5	2	-1449.823	-44.66634	49.29428	-0.07439942	0.1029977	-1.475605	0	0	0	
19.064	24	19	50	5	2	-1449.592	-44.88981	49.32661	-0.07029103	0.10267	-1.475779	0	0	0	
19.064	24	19	50	5	2	-1449.394	-45.08172	49.35408	-0.06648171	0.1024369	-1.475969	0	0	0	
19.064	24	19	50	5	2	-1449.129	-45.3381	49.39036	-0.06191688	0.1021604	-1.476253	0	0	0	
19.064	24	19	50	5	2	-1449.062	-45.40229	49.39937	-0.06048188	0.1020355	-1.476367	0	0	0	
19.064	24	19	50	5	2	-1449.062	-45.40229	49.39937	-0.06048188	0.1020355	-1.476367	0	0	0	
19.064	24	19	50	5	2	-1449.062	-45.40229	49.39937	-0.06048188	0.1020355	-1.476367	0	0	0	
19.064	24	19	50	5	2	-1449.062	-45.40229	49.39937	-0.06048188	0.1020355	-1.476367	0	0	0	
19.064	24	19	50	5	2	-1449.062	-45.40229	49.39937	-0.06048188	0.1020355	-1.476367	0	0	0	
19.064	24	19	50	5	2	-1449.062	-45.40229	49.39937	-0.06048188	0.1020355	-1.476367	0	0	0	
19.064	24	19	50	5	2	-1449.062	-45.40229	49.39937	-0.06048188	0.1020355	-1.476367	0	0	0	
19.064	24	19	50	5	2	-1449.062	-45.40229	49.39937	-0.06048188	0.1020355	-1.476367	0	0	0	
19.064	24	19	50	5	2	-1449.062	-45.40229	49.39937	-0.06048188	0.1020355	-1.476367	0	0	0	
19.064	24	19	50	5	2	-1449.062	-45.40229	49.39937	-0.06048188	0.1020355	-1.476367	0	0	0	
19.064	24	19	50	5	2	-1449.062	-45.40229	49.39937	-0.06048188	0.1020355	-1.476367	0	0	0	
19.064	24	19	50	5	2	-1449.062	-45.40229	49.39937	-0.06048188	0.1020355	-1.476367	0	0	0	
19.064	24	19	50	6	2	-1449.062	-45.40229	49.39937	-0.06048188	0.1020355	-1.476367	0	0	0	
19.064	24	19	50	6	2	-1449.062	-45.40229	49.39937	-0.06048188	0.1020355	-1.476367	0	0	0	
19.064	24	19	50	6	2	-1449.062	-45.40229	49.39937	-0.06048188	0.1020355	-1.476367	0	0	0	
19.064	24	19	50	6	2	-1449.062	-45.40229	49.39937	-0.06048188	0.1020355	-1.476367	0	0	0	
19.064	24	19	50	6	2	-1449.062	-45.40229	49.39937	-0.06048188	0.1020355	-1.476367	0	0	0	
19.064	24	19	50	6	2	-1449.062	-45.40229	49.39937	-0.06048188	0.1020355	-1.476367	0	0	0	
19.064	24	19	50	6	2	-1449.062	-45.40229	49.39937	-0.06048188	0.1020355	-1.476367	0	0	0	
19.064	24	19	50	6	2	-1449.062	-45.40229	49.39937	-0.06048188	0.1020355	-1.476367	0	0	0	
19.064	24	19	50	6	2	-1449.062	-45.40229	49.39937	-0.06048188	0.1020355	-1.476367	0	0	0	
19.064	24	19	50	6	2	-1449.062	-45.40229	49.39937	-0.06048188	0.1020355	-1.476367	0	0	0	
19.064	24	19	50	6	2	-1449.062	-45.40229	49.39937	-0.06048188	0.1020355	-1.476367	0	0	0	
19.064	24	19	50	6	2	-1449.062	-45.40229	49.39937	-0.06048188	0.1020355	-1.476367	0	0	0	
19.064	24	19	50	6	2	-1449.062	-45.40229	49.39937	-0.06048188	0.1020355	-1.476367	0	0	0	
19.064	24	19	50	6	2	-1449.062	-45.40229	49.39937	-0.06048188	0.1020355	-1.476367	0	0	0	
19.064	24	19	50	6	2	-1449.062	-45.40229	49.39937	-0.06048188	0.1020355	-1.476367	0	0	0	
19.064	24	19	50	6	2	-1449.062	-45.40229	49.39937	-0.06048188	0.1020355	-1.476367	0	0	0	
19.064	24	19	50	6	2	-1449.062	-45.40229	49.39937	-0.06048188	0.1020355	-1.476367	0	0	0	
19.064	24	19	50	6	2	-1449.062	-45.40229	49.39937	-0.06048188	0.1020355	-1.476367	0	0	0	
19.064	24	19	50	6	2	-1449.062	-45.40229	49.39937	-0.06048188	0.1020355	-1.476367	0	0	0	
19.064	24	19	50	6	2	-1449.062	-45.40229	49.39937	-0.06048188	0.1020355	-1.476367	0	0	0	
19.064	24	19	50	7	2	-1449.062	-45.40229	49.39937	-0.06048188	0.1020355	-1.476367	0	0	0	
19.064	24	19	50	7	2	-1449.062	-45.40229	49.39937	-0.06048188	0.1020355	-1.476367	0	0	0	
19.064	24	19	50	7	2	-1449.062	-45.40229	49.39937	-0.06048188	0.1020355	-1.476367	0	0	0	
19.064	24	19	50	7	2	-1449.062	-45.40229	49.39937	-0.06048188	0.1020355	-1.476367	0	0	0	
19.064	24	19	50	7	2	-1449.062	-45.40229	49.39937	-0.06048188	0.1020355	-1.476367	0	0	0	
19.064	24	19	50	7	2	-1449.062	-45.40229	49.39937	-0.06048188	0.1020355	-1.476367	0	0	0	
19.064	24	19	50	7	2	-1449.062	-45.40229	49.39937	-0.06048188	0.1020355	-1.476367	0	0	0	
19.064	24	19	50	7	2	-1449.062	-45.40229	49.39937	-0.06048188	0.1020355	-1.476367	0	0	0	
19.064	24	19	50	7	2	-1449.062	-45.40229	49.39937	-0.06048188	0.1020355	-1.476367	0	0	0	
19.064	24	19	50	7	2	-1449.062	-45.40229	49.39937	-0.06048188	0.1020355	-1.476367	0	0	0	
19.064	24	19	50	7	2	-1449.062	-45.40229	49.39937	-0.06048188	0.1020355	-1.476367	0	0	0	
19.064	24	19	50	7	2	-1449.062	-45.40229	49.39937	-0.06048188	0.1020355	-1.476367	0	0	0	
19.064	24	19	50	7	2	-1449.062	-45.40229	49.39937	-0.06048188	0.1020355	-1.476367	0	0	0	
19.064	24	19	50	7	2	-1449.062	-45.40229	49.39937	-0.06048188	0.1020355	-1.476367	0	0	0	
19.064	24	19	50	7	2	-1449.062	-45.40229	49.39937	-0.06048188	0.1020355	-1.476367	0	0	0	
19.064	24	19	50	7	2	-1449.062	-45.40229	49.39937	-0.06048188	0.1020355	-1.476367	0	0	0	
19.064	24	19	50	7	2	-1449.062	-45.40229	49.39937	-0.06048188	0.1020355	-1.476367	0	0	0	
19.064	24	19	50	7	2	-1449.062	-45.40229	49.39937	-0.06048188	0.1020355	-1.476367	0	0	0	
19.064	24	19	50	7	2	-1449.062	-45.40229	49.39937	-0.06048188	0.1020355	-1.476367	0	0	0	
19.064	24	19	50	7	2	-1449.062	-45.40229	49.39937	-0.06048188	0.1020355	-1.476367	0	0	0	
19.064	24	19	50	8	2	-1449.062	-45.40229	49.39937	-0.06048188	0.1020355	-1.476367	0	0	0	
19.064	24	19	50	8	2	-1449.062	-45.40229	49.39937	-0.06048188	0.1020355	-1.476367	0	0	0	
19.064	24	19	50	8	2	-1449.062	-45.40229	49.39937	-0.06048188	0.1020355	-1.476367	0	0	0	
19.064	24	19	50	8	2	-1449.062	-45.40229	49.39937	-0.06048188	0.1020355	-1.476367	0	0	0	
19.064	24	19	50	8	2	-1449.062	-45.40229	49.39937	-0.06048188	0.1020355	-1.476367	0	0	0	
19.064	24	19	50	8	2	-1449.062	-45.40229	49.39937	-0.06048188	0.1020355	-1.476367	0	0	0	
19.064	24	19	50	8	2	-1449.062	-45.40229	49.39937	-0.06048188	0.1020355	-1.476367	0	0	0	
19.064	24	19	50	8	2	-1449.062	-45.40229	49.39937	-0.06048188	0.1020355	-1.476367	0	0	0	
19.064	24	19	50	8	2	-1449.062	-45.40229	49.39937	-0.06048188	0.1020355	-1.476367	0	0	0	
19.064	24	19	50	8	2	-1449.062	-45.40229	49.39937	-0.06048188	0.1020355	-1.476367	0	0	0	
19.064	24	19	50	8	2	-1449.062	-45.40229	49.39937	-0.06048188	0.1020355	-1.476367	0	0	0	
19.064	24	19	50	8	2	-1449.062	-45.40229	49.39937	-0.06048188	0.1020355	-1.476367	0	0	0	
19.064	24	19	50	8	2	-1449.062	-45.40229	49.39937	-0.06048188	0.1020355	-1.476367	0	0	0	
19.064	24	19	50	8	2	-1449.062	-45.40229	49.39937	-0.06048188	0.1020355	-1.476367	0	0	0	
19.064	24	19	50	8	2	-1449.062	-45.40229	49.39937	-0.06048188	0.1020355	-1.476367	0	0	0	
19.064	24	19	50	8	2	-1449.062	-45.40229	49.39937	-0.06048188	0.1020355	-1.476367	0	0	0	
19.064	24	19	50	8	2	-1449.062	-45.40229	49.39937	-0.06048188	0.1020355	-1.476367	0	0	0	
19.064	24	19	50	8	2	-1449.062	-45.40229	49.39937	-0.06048188	0.1020355	-1.476367	0	0	0	
19.064	24	19	50	8	2	-1449.062	-45.40229	49.39937	-0.06048188	0.1020355	-1.476367	0	0	0	
19.064	24	19	50	8	2	-1449.062	-45.40229	49.39937	-0.06048188	0.1020355	-1.476367	0	0	0	
19.064	24	19	50	9	2	-1449.062	-45.40229	49.39937	-0.06048188	0.1020355	-1.476367	0	0	0	
19.064	24	19	50	9	2	-1449.062	-45.40229	49.39937	-0.06048188	0.1020355	-1.476367	0	0	0	
19.064	24	19	50	9	2	-1449.062	-45.40229	49.39937	-0.06048188	0.1020355	-1.476367	0	0	0	
19.064	24	19	50	9	2	-1449.062	-45.40229	49.39937	-0.06048188	0.1020355	-1.476367	0	0	0	
19.064	24	19	50	9	2	-1449.062	-45.40229	49.39937	-0.06048188	0.1020355	-1.476367	0	0	0	
19.064	24	19	50	9	2	-1449.062	-45.40229	49.39937	-0.06048188	0.1020355	-1.476367	0	0	0	
19.064	24	19	50	9	2	-1449.062	-45.40229	49.39937	-0.06048188	0.1020355	-1.476367	0	0	0	
19.064	24	19	50	9	2	-1449.062	-45.40229	49.39937	-0.06048188	0.1020355	-1.476367	0	0	0	
19.064	24	19	50	9	2	-1449.062	-45.40229	49.39937	-0.06048188	0.1020355	-1.476367	0	0	0	
19.064	24	19	50	9	2	-1449.062	-45.40229	49.39937	-0.06048188	0.1020355	-1.476367	0	0	0	
19.064	24	19	50	9	2	-1449.062	-45.40229	49.39937	-0.06048188	0.1020355	-1.476367	0	0	0	
19.064	24	19	50	9	2	-1449.062	-45.40229	49.39937	-0.06048188	0.1020355	-1.476367	0	0	0	
19.064	24	19	50	9	2	-1449.062	-45.40229	49.39937	-0.06048188	0.1020355	-1.476367	0	0	0	
19.064	24	19	50	9	2	-1449.062	-45.40229	49.39937	-0.06048188	0.1020355	-1.476367	0	0	0	
19.064	24	19	50	9	2	-1449.062	-45.40229	49.39937	-0.06048188	0.1020355	-1.476367	0	0	0	
19.064	24	19	50	9	2	-1449.062	-45.40229	49.39937	-0.06048188	0.1020355	-1.476367	0	0	0	
19.064	24	19	50	9	2	-1449.062	-45.40229	49.39937	-0.06048188	0.1020355	-1.476367	0	0	0	
19.064	24	19	50	9	2	-1449.062	-45.40229	49.39937	-0.06048188	0.1020355	-1.476367	0	0	0	
19.064	24	19	50	9	2	-1449.062	-45.40229	49.39937	-0.06048188	0.1020355	-1.476367	0	0	0	
19.064	24	19	50	9	2	-1449.062	-45.40229	49.39937	-0.06048188	0.1020355	-1.476367	0	0	0	
19.064	24	19	50	10	2	-1449.062	-45.40229	49.39937	-0.06048188	0.1020355	-1.476367	0	0	0	
19.064	24	19	50	10	2	-1449.062	-45.40229	49.39937	-0.06048188	0.1020355	-1.476367	0	0	0	
19.064	24	19	50	10	2	-1449.062	-45.40229	49.39937	-0.06048188	0.1020355	-1.476367	0	0	0	
19.064	24	19	50	10	2	-1449.062	-45.40229	49.39937	-0.06048188	0.1020355	-1.476367	0	0	0	
19.064	24	19	50	10	2	-1449.062	-45.40229	49.39937	-0.06048188	0.1020355	-1.476367	0	0	0	
19.064	24	19	50	10	2	-1449.062	-45.40229	49.39937	-0.06048188	0.1020355	-1.476367	0	0	0	
19.064	24	19	50	10	2	-1449.062	-45.40229	49.39937	-0.06048188	0.1020355	-1.476367	0	0	0	
19.064	24	19	50	10	2	-1449.062	-45.40229	49.39937	-0.06048188	0.1020355	-1.476367	0	0	0	
19.064	24	19	50	10	2	-1449.062	-45.40229	49.39937	-0.06048188	0.1020355	-1.476367	0	0	0	
19.064	24	19	50	10	2	-1449.062	-45.40229	49.39937	-0.06048188	0.1020355	-1.476367	0	0	0	
19.064	24	19	50	10	2	-1449.062	-45.40229	49.39937	-0.06048188	0.1020355	-1.476367	0	0	0	
19.064	24	19	50	10	2	-1449.062	-45.40229	49.39937	-0.06048188	0.1020355	-1.476367	0	0	0	
19.064	24	19	50	10	2	-1449.062	-45.40229	49.39937	-0.06048188	0.1020355	-1.476367	0	0	0	
19.064	24	19	50	10	2	-1449.062	-45.40229	49.39937	-0.06048188	0.1020355	-1.476367	0	0	0	
19.064	24	19	50	10	2	-1449.062	-45.40229	49.39937	-0.06048188	0.1020355	-1.476367	0	0	0	
19.064	24	19	50	10	2	-1449.062	-45.40229	49.39937	-0.06048188	0.1020355	-1.476367	0	0	0	
19.064	24	19	50	10	2	-1449.062	-45.40229	49.39937	-0.06048188	0.1020355	-1.476367	0	0	0	
19.064	24	19	50	10	2	-1449.062	-45.40229	49.39937	-0.06048188	0.1020355	-1.476367	0	0	0	
19.064	24	19	50	10	2	-1449.062	-45.40229	49.39937	-0.06048188	0.1020355	-1.476367	0	0	0	
19.064	24	19	50	10	2	-1449.062	-45.40229	49.39937	-0.06048188	0.1020355	-1.476367	0	0	0	
19.064	24	19	50	11	2	-1449.062	-45.40229	49.39937	-0.06048188	0.1020355	-1.476367	0	0	0	
19.064	24	19	50	11	2	-1449.062	-45.40229	49.39937	-0.06048188	0.1020355	-1.476367	0	0	0	
19.064	24	19	50	11	2	-1449.062	-45.40229	49.39937	-0.06048188	0.1020355	-1.476367	0	0	0	
19.064	24	19	50	11	2	-1449.062	-45.40229	49.39937	-0.06048188	0.1020355	-1.476367	0	0	0	
19.064	24	19	50	11	2	-1449.062	-45.40229	49.39937	-0.06048188	0.1020355	-1.476367	0	0	0	
19.064	24	19	50	11	2	-1449.062	-45.40229	49.39937	-0.06048188	0.1020355	-1.476367	0	0	0	
19.064	24	19	50	11	2	-1449.062	-45.40229	49.39937	-0.06048188	0.1020355	-1.476367	0	0	0	
19.064	24	19	50	11	2	-1449.062	-45.40229	49.39937	-0.06048188	0.1020355	-1.476367	0	0	0	
19.064	24	19	50	11	2	-1449.062	-45.40229	49.39937	-0.06048188	0.1020355	-1.476367	0	0	0	
19.064	24	19	50	11	2	-1449.062	-45.40229	49.39937	-0.06048188	0.1020355	-1.476367	0	0	0	
19.064	24	19	50	11	2	-1449.062	-45.40229	49.39937	-0.06048188	0.1020355	-1.476367	0	0	0	
19.064	24	19	50	11	2	-1449.062	-45.40229	49.39937	-0.06048188	0.1020355	-1.476367	0	0	0	
19.064	24	19	50	11	2	-1449.062	-45.40229	49.39937	-0.06048188	0.1020355	-1.476367	0	0	0	
19.064	24	19	50	11	2	-1449.062	-45.40229	49.39937	-0.06048188	0.1020355	-1.476367	0	0	0	
19.064	24	19	50	11	2	-1449.062	-45.40229	49.39937	-0.06048188	0.1020355	-1.476367	0	0	0	
19.064	24	19	50	11	2	-1449.062	-45.40229	49.39937	-0.06048188	0.1020355	-1.476367	0	0	0	
19.064	24	19	50	11	2	-1449.062	-45.40229	49.39937	-0.06048188	0.1020355	-1.476367	0	0	0	
19.064	24	19	50	11	2	-1449.062	-45.40229	49.39937	-0.06048188	0.1020355	-1.476367	0	0	0	
19.064	24	19	50	11	2	-1449.062	-45.40229	49.39937	-0.06048188	0.1020355	-1.476367	0	0	0	
19.064	24	19	50	11	2	-1449.062	-45.40229	49.39937	-0.06048188	0.1020355	-1.476367	0	0	0	
19.064	24	19	50	12	2	-1449.062	-45.40229	49.39937	-0.06048188	0.1020355	-1.476367	0	0	0	
19.064	24	19	50	12	2	-1449.062	-45.40229	49.39937	-0.06048188	0.1020355	-1.476367	0	0	0	
19.064	24	19	50	12	2	-1449.062	-45.40229	49.39937	-0.06048188	0.1020355	-1.476367	0	0	0	
19.064	24	19	50	12	2	-1449.062	-45.40229	49.39937	-0.06048188	0.1020355	-1.476367	0	0	0	
19.064	24	19	50	12	2	-1449.062	-45.40229	49.39937	-0.06048188	0.1020355	-1.476367	0	0	0	
19.064	24	19	50	12	2	-1449.062	-45.40229	49.39937	-0.06048188	0.1020355	-1.476367	0	0	0	
19.064	24	19	50	12	2	-1449.062	-45.40229	49.39937	-0.06048188	0.1020355	-1.476367	0	0	0	
19.064	24	19	50	12	2	-1449.062	-45.40229	49.39937	-0.06048188	0.1020355	-1.476367	0	0	0	
19.064	24	19	50	12	2	-1449.062	-45.40229	49.39937	-0.06048188	0.1020355	-1.476367	0	0	0	
19.064	24	19	50	12	2	-1449.062	-45.40229	49.39937	-0.06048188	0.1020355	-1.476367	0	0	0	
19.064	24	19	50	12	2	-1449.062	-45.40229	49.39937	-0.06048188	0.1020355	-1.476367	0	0	0	
19.064	24	19	50	12	2	-1449.062	-45.40229	49.39937	-0.06048188	0.1020355	-1.476367	0	0	0	
19.064	24	19	50	12	2	-1449.062	-45.40229	49.39937	-0.06048188	0.1020355	-1.476367	0	0	0	
19.064	24	19	50	12	2	-1449.062	-45.40229	49.39937	-0.06048188	0.1020355	-1.476367	0	0	0	
19.064	24	19	50	12	2	-1449.062	-45.40229	49.39937	-0.06048188	0.1020355	-1.476367	0	0	0	
19.064	24	19	50	12	2	-1449.062	-45.40229	49.39937	-0.06048188	0.1020355	-1.476367	0	0	0	
19.064	24	19	50	12	2	-1449.062	-45.40229	49.39937	-0.06048188	0.1020355	-1.476367	0	0	0	
19.064	24	19	50	12	2	-1449.062	-45.40229	49.39937	-0.06048188	0.1020355	-1.476367	0	0	0	
19.064	24	19	50	12	2	-1449.062	-45.40229	49.39937	-0.06048188	0.1020355	-1.476367	0	0	0	
19.064	24	19	50	12	2	-1449.062	-45.40229	49.39937	-0.06048188	0.1020355	-1.476367	0	0	0	
19.064	24	19	50	13	2	-1449.062	-45.40229	49.39937	-0.06048188	0.1020355	-1.476367	0	0	0	
19.064	24	19	50	13	2	-1449.062	-45.40229	49.39937	-0.06048188	0.1020355	-1.476367	0	0	0	
19.064	24	19	50	13	2	-1449.062	-45.40229	49.39937	-0.06048188	0.1020355	-1.476367	0	0	0	
19.064	24	19	50	13	2	-1449.062	-45.40229	49.39937	-0.06048188	0.1020355	-1.476367	0	0	0	
19.064	24	19	50	13	2	-1449.062	-45.40229	49.39937	-0.06048188	0.1020355	-1.476367	0	0	0	
19.064	24	19	50	13	2	-1449.062	-45.40229	49.39937	-0.06048188	0.1020355	-1.476367	0	0	0	
19.064	24	19	50	13	2	-1449.062	-45.40229	49.39937	-0.06048188	0.1020355	-1.476367	0	0	0	
19.064	24	19	50	13	2	-1449.062	-45.40229	49.39937	-0.06048188	0.1020355	-1.476367	0	0	0	
19.064	24	19	50	13	2	-1449.062	-45.40229	49.39937	-0.06048188	0.1020355	-1.476367	0	0	0	
19.064	24	19	50	13	2	-1449.062	-45.40229	49.39937	-0.06048188	0.1020355	-1.476367	0	0	0	
19.064	24	19	50	13	2	-1449.062	-45.40229	49.39937	-0.06048188	0.1020355	-1.476367	0	0	0	
19.064	24	19	50	13	2	-1449.062	-45.40229	49.39937	-0.06048188	0.1020355	-1.476367	0	0	0	
19.064	24	19	50	13	2	-1449.062	-45.40229	49.39937	-0.06048188	0.1020355	-1.476367	0	0	0	
19.064	24	19	50	13	2	-1449.062	-45.40229	49.39937	-0.06048188	0.1020355	-1.476367	0	0	0	
19.064	24	19	50	13	2	-1449.062	-45.40229	49.39937	-0.06048188	0.1020355	-1.476367	0	0	0	
19.064	24	19	50	13	2	-1449.062	-45.40229	49.39937	-0.06048188	0.1020355	-1.476367	0	0	0	
19.064	24	19	50	13	2	-1449.062	-45.40229	49.39937	-0.06048188	0.1020355	-1.476367	0	0	0	
19.064	24	19	50	13	2	-1449.062	-45.40229	49.39937	-0.06048188	0.1020355	-1.476367	0	0	0	
19.064	24	19	50	13	2	-1449.062	-45.40229	49.39937	-0.06048188	0.1020355	-1.476367	0	0	0	
19.064	24	19	50	13	2	-1449.062	-45.40229	49.39937	-0.06048188	0.1020355	-1.476367	0	0	0	
19.064	24	19	50	14	2	-1449.062	-45.40229	49.39937	-0.06048188	0.1020355	-1.476367	0	0	0	
19.064	24	19	50	14	2	-1449.062	-45.40229	49.39937	-0.06048188	0.1020355	-1.476367	0	0	0	
19.064	24	19	50	14	2	-1449.062	-45.40229	49.39937	-0.06048188	0.1020355	-1.476367	0	0	0	
