time	day	hour	min	sec	control_state	uav_pos_x	uav_pos_y	uav_pos_z	uav_roll	uav_pitch	uav_yaw	uav_vel_x	uav_vel_y	uav_vel_z	
0	24	19	49	25	0	0	0	0	0	0	0	0	0	0	
0	24	19	49	25	1	-1510	1.551952e-06	4.2755	0	0	0	0	0	0	
60.452	24	19	49	25	1	-1510	1.551952e-06	4.2755	0	0	0	0	0	0	
60.472	24	19	49	25	1	-1510	1.551952e-06	4.2755	0	0	0	0	0	0	
60.496	24	19	49	26	1	-1510	-5.528171e-06	4.275502	0	0	0	0	0	0	
60.532	24	19	49	26	1	-1510	-6.731084e-05	4.275544	0	0	0	0	0	0	
60.556	24	19	49	26	1	-1510	-0.0001155754	4.27558	0	0	0	0	0	0	
60.584	24	19	49	26	1	-1510	-0.0001726704	4.275622	0	0	0	0	0	0	
60.616	24	19	49	26	1	-1510	-0.0002406293	4.275667	0	0	0	0	0	0	
60.64	24	19	49	26	1	-1510	-0.0002977181	4.275705	0	0	0	0	0	0	
60.652	24	19	49	26	1	-1510	-0.0003327248	4.27573	0	0	0	0	0	0	
60.68	24	19	49	26	1	-1510	-0.0003860339	4.275767	0	0	0	0	0	0	
60.7	24	19	49	26	1	-1509.999	-0.000437997	4.275804	0	0	0	0	0	0	
60.72	24	19	49	26	1	-1509.999	-0.0004680505	4.275828	-0.001170715	0.003700318	5.994653e-06	0	0	0	
60.744	24	19	49	26	1	-1509.999	-0.0005229213	4.27601	-0.001797238	0.002848094	2.222382e-06	0	0	0	
60.764	24	19	49	26	1	-1509.999	-0.000562779	4.276776	-0.00200104	0.001599981	-1.302304e-07	0	0	0	
60.788	24	19	49	26	1	-1509.999	-0.0005990675	4.2787	-0.002159675	0.0003408679	-7.471373e-07	0	0	0	
60.82	24	19	49	26	1	-1509.999	-0.000618616	4.283052	-0.002643987	-0.0006376365	-4.491843e-06	0	0	0	
60.84	24	19	49	26	1	-1509.999	-0.0006227589	4.286001	-0.002601124	-0.0003126649	-8.997063e-06	0	0	0	
60.86	24	19	49	26	1	-1509.998	-0.0006297657	4.291393	-0.001973329	0.0002737588	-1.211142e-05	0	0	0	
60.888	24	19	49	26	1	-1509.998	-0.0006356307	4.299154	-0.0009561038	0.0006443647	-1.107672e-05	0	0	0	
60.912	24	19	49	26	1	-1509.998	-0.0006388818	4.305668	0.0002563817	0.0009659081	-5.197747e-06	0	0	0	
60.936	24	19	49	26	1	-1509.998	-0.0006399998	4.316146	0.001429579	0.001010896	7.656601e-06	0	0	0	
60.956	24	19	49	26	1	-1509.997	-0.0006330712	4.324602	0.001713841	0.0006416522	8.943483e-06	0	0	0	
60.98	24	19	49	27	1	-1509.997	-0.0006235369	4.335817	0.001796722	-0.0001491722	3.105682e-06	0	0	0	
61.012	24	19	49	27	1	-1509.997	-0.0006073249	4.352576	0.001165043	-0.0001338686	-8.233848e-06	0	0	0	
61.048	24	19	49	27	1	-1509.996	-0.0005850789	4.373897	-0.0002064885	0.001243228	-1.635646e-05	0	0	0	
61.076	24	19	49	27	1	-1509.996	-0.0005648406	4.392287	-0.001325965	0.001838201	-2.52546e-05	0	0	0	
61.108	24	19	49	27	1	-1509.996	-0.0005455573	4.412258	-0.002001416	0.00194514	-3.878802e-05	0	0	0	
61.128	24	19	49	27	1	-1509.995	-0.0005400282	4.430636	-0.001868063	0.00176656	-4.313922e-05	0	0	0	
61.156	24	19	49	27	1	-1509.995	-0.0005410638	4.450179	-0.000528951	0.0005635842	-5.627327e-05	0	0	0	
61.172	24	19	49	27	1	-1509.995	-0.0005464205	4.463854	0.0001499928	-5.559895e-05	-6.602837e-05	0	0	0	
61.192	24	19	49	27	1	-1509.994	-0.0005545923	4.485338	0.001454686	-0.0013305	-9.135248e-05	0	0	0	
61.22	24	19	49	27	1	-1509.994	-0.0005586237	4.507981	0.002291419	-0.001968669	-0.0001132152	0	0	0	
61.26	24	19	49	27	1	-1509.993	-0.0005425946	4.548261	0.001660927	0.0005503909	-0.000139271	0	0	0	
61.28	24	19	49	27	1	-1509.993	-0.0005372628	4.573936	0.001033565	0.00195225	-0.0001498456	0	0	0	
61.308	24	19	49	27	1	-1509.992	-0.0005313505	4.605299	-9.262784e-05	0.002179977	-0.0001672243	0	0	0	
61.332	24	19	49	27	1	-1509.992	-0.0005259081	4.633373	-0.001053139	0.0006777478	-0.0001865654	0	0	0	
61.356	24	19	49	27	1	-1509.992	-0.0005236813	4.662532	-0.00165427	-0.0009741798	-0.0002043912	0	0	0	
61.384	24	19	49	27	1	-1509.991	-0.0005359798	4.697908	-0.001357842	-0.001373427	-0.0002141884	0	0	0	
61.408	24	19	49	27	1	-1509.991	-0.000552013	4.724061	-0.0006166133	-0.0007551215	-0.0002141322	0	0	0	
61.428	24	19	49	27	1	-1509.99	-0.0005706607	4.756403	0.0003821472	0.0004811641	-0.0002066343	0	0	0	
61.456	24	19	49	27	1	-1509.99	-0.0005871838	4.79544	0.001261194	0.001583859	-0.0001913384	0	0	0	
61.492	24	19	49	27	1	-1509.989	-0.0005947097	4.847666	0.001365087	0.001342626	-0.0001560449	0	0	0	
61.524	24	19	49	28	1	-1509.988	-0.0005836236	4.895983	0.0002969974	0.0002895982	-0.0001205382	0	0	0	
61.56	24	19	49	28	1	-1509.988	-0.0005489073	4.952433	-0.001740767	-0.000183785	-7.72358e-05	0	0	0	
61.588	24	19	49	28	1	-1509.987	-0.000497909	4.991277	-0.003954563	0.0002840327	-4.519388e-05	0	0	0	
61.604	24	19	49	28	1	-1509.987	-0.0004361759	5.024378	-0.004926876	0.0005134808	-3.256904e-05	0	0	0	
61.64	24	19	49	28	1	-1509.986	-0.0003137207	5.085615	-0.006192683	-0.0007108931	1.812167e-05	0	0	0	
61.66	24	19	49	28	1	-1509.985	-0.0002488536	5.120542	-0.005403656	-0.001629023	3.70829e-05	0	0	0	
61.684	24	19	49	28	1	-1509.985	-0.0001842491	5.156107	-0.003191092	-0.002744489	6.28956e-05	0	0	0	
61.704	24	19	49	28	1	-1509.985	-0.0001267233	5.192307	-0.0004889592	-0.003197154	7.870537e-05	0	0	0	
61.728	24	19	49	28	1	-1509.984	-5.006758e-05	5.244042	0.002867889	-0.002331199	8.87915e-05	0	0	0	
61.752	24	19	49	28	1	-1509.983	2.272808e-05	5.289352	0.005365726	-0.0009720849	9.893379e-05	0	0	0	
61.772	24	19	49	28	1	-1509.983	8.89629e-05	5.32778	0.006365763	0.000234621	0.0001082158	0	0	0	
61.792	24	19	49	28	1	-1509.982	0.0001537609	5.366812	0.006429648	0.001304954	0.0001210219	0	0	0	
61.82	24	19	49	28	1	-1509.982	0.0002280693	5.414441	0.0050301	0.001470759	0.000135814	0	0	0	
61.84	24	19	49	28	1	-1509.981	0.0002939215	5.462925	0.003691403	0.0006033063	0.0001382931	0	0	0	
61.872	24	19	49	28	1	-1509.981	0.0003731355	5.528879	-9.822638e-05	-0.002361998	0.000142343	0	0	0	
61.888	24	19	49	28	1	-1509.98	0.0004108478	5.562412	-0.001400068	-0.002886692	0.0001490547	0	0	0	
61.908	24	19	49	28	1	-1509.98	0.0004441733	5.596311	-0.00344992	-0.003401472	0.0001648911	0	0	0	
61.932	24	19	49	28	1	-1509.979	0.0004881687	5.656504	-0.004279346	-0.002602713	0.0001804948	0	0	0	
61.956	24	19	49	28	1	-1509.979	0.0005195435	5.708972	-0.003812532	-0.0008456583	0.0002005993	0	0	0	
61.98	24	19	49	28	1	-1509.978	0.0005524893	5.762237	-0.002819766	-0.0001505608	0.0002170161	0	0	0	
62.004	24	19	49	29	1	-1509.978	0.0005904447	5.816287	-0.0009279011	-0.0005374381	0.0002394978	0	0	0	
62.032	24	19	49	29	1	-1509.977	0.00063699	5.871115	0.0003935945	-0.000936382	0.0002534015	0	0	0	
62.056	24	19	49	29	1	-1509.976	0.0007102673	5.936051	0.001579915	-0.002078243	0.0002666989	0	0	0	
62.076	24	19	49	29	1	-1509.976	0.0007599715	5.973623	0.001707322	-0.002078679	0.0002717949	0	0	0	
62.096	24	19	49	29	1	-1509.975	0.0008347408	6.030605	0.001663588	-0.001570656	0.0002764903	0	0	0	
62.12	24	19	49	29	1	-1509.975	0.0009022673	6.088328	0.001525169	-0.0009483767	0.0002796078	0	0	0	
62.136	24	19	49	29	1	-1509.975	0.0009427225	6.127217	0.001407159	-0.0004606203	0.0002794097	0	0	0	
62.156	24	19	49	29	1	-1509.974	0.000976688	6.166427	0.001391524	3.146004e-05	0.0002764897	0	0	0	
62.176	24	19	49	29	1	-1509.974	0.001020422	6.225841	0.00134218	0.0002558567	0.0002684688	0	0	0	
62.204	24	19	49	29	1	-1509.973	0.001067342	6.296057	0.001088582	0.0001044126	0.0002553504	0	0	0	
62.22	24	19	49	29	1	-1509.973	0.001089054	6.336612	0.0009760409	-0.0004898682	0.0002487192	0	0	0	
62.244	24	19	49	29	1	-1509.972	0.001112767	6.398028	0.000945342	-0.001086704	0.0002336289	0	0	0	
62.28	24	19	49	29	1	-1509.971	0.001137968	6.491446	0.0008898139	-0.001182717	0.0002088998	0	0	0	
62.32	24	19	49	29	1	-1509.97	0.001179342	6.597035	7.901148e-05	0.00050974	0.0001979371	0	0	0	
62.352	24	19	49	29	1	-1509.969	0.001225931	6.682834	-0.001263343	0.001727583	0.000193687	0	0	0	
62.38	24	19	49	29	1	-1509.969	0.001245128	6.758861	-0.001043184	0.0003261622	0.0001991423	0	0	0	
62.412	24	19	49	29	1	-1509.968	0.001231471	6.835769	0.0006649632	-0.001201165	0.0002007392	0	0	0	
62.436	24	19	49	29	1	-1509.967	0.001205563	6.913544	0.00226963	-0.002235778	0.0001985534	0	0	0	
62.464	24	19	49	29	1	-1509.967	0.001177391	6.992173	0.003472226	-0.002255228	0.0002002697	0	0	0	
62.488	24	19	49	29	1	-1509.966	0.00116097	7.048855	0.00374575	-0.001181637	0.000215312	0	0	0	
62.508	24	19	49	30	1	-1509.966	0.001152741	7.117435	0.002933757	-0.0005296336	0.0002357475	0	0	0	
62.54	24	19	49	30	1	-1509.965	0.001156718	7.198209	0.0003327	0.0007392884	0.0002604552	0	0	0	
62.568	24	19	49	30	1	-1509.964	0.001160304	7.291514	-0.002006435	0.001987324	0.0002682565	0	0	0	
62.604	24	19	49	30	1	-1509.963	0.001164215	7.385861	-0.00411705	0.002006372	0.0002774208	0	0	0	
62.636	24	19	49	30	1	-1509.962	0.001183944	7.493233	-0.004802334	0.0005435657	0.0002912463	0	0	0	
62.656	24	19	49	30	1	-1509.962	0.001202451	7.55344	-0.004531704	9.005044e-05	0.0003028168	0	0	0	
62.68	24	19	49	30	1	-1509.961	0.001221979	7.614042	-0.003341964	0.0002726718	0.0003182419	0	0	0	
62.696	24	19	49	30	1	-1509.96	0.001241696	7.675033	-0.00213558	0.0001126383	0.0003315466	0	0	0	
62.72	24	19	49	30	1	-1509.96	0.001277979	7.74873	-0.0003835385	3.891574e-05	0.0003511267	0	0	0	
62.744	24	19	49	30	1	-1509.959	0.001319618	7.81056	0.0009638133	6.960969e-05	0.0003627434	0	0	0	
62.76	24	19	49	30	1	-1509.958	0.001370798	7.872766	0.001510486	5.318241e-05	0.0003651588	0	0	0	
62.796	24	19	49	30	1	-1509.957	0.001473382	7.985667	0.001895732	-0.0004443988	0.0003603722	0	0	0	
62.828	24	19	49	30	1	-1509.956	0.001573929	8.087017	0.001200668	-0.001235985	0.0003532443	0	0	0	
62.852	24	19	49	30	1	-1509.956	0.00164534	8.150833	0.0002297978	-0.001025363	0.0003505028	0	0	0	
62.88	24	19	49	30	1	-1509.955	0.001769207	8.253678	-0.00163521	-0.001122775	0.0003447484	0	0	0	
62.912	24	19	49	30	1	-1509.954	0.001902258	8.357419	-0.003179901	-0.002557198	0.0003326358	0	0	0	
62.94	24	19	49	30	1	-1509.953	0.002027391	8.448912	-0.003846765	-0.00226546	0.0003220602	0	0	0	
62.964	24	19	49	30	1	-1509.952	0.00214317	8.527862	-0.003818399	-0.0007669697	0.0003044094	0	0	0	
62.984	24	19	49	30	1	-1509.952	0.002247637	8.594023	-0.003436172	0.0001380397	0.0002906211	0	0	0	
63	24	19	49	30	1	-1509.951	0.002335665	8.64719	-0.002738363	-0.0002929739	0.0002805891	0	0	0	
63.024	24	19	49	31	1	-1509.951	0.002448847	8.713946	-0.001736345	-0.001288311	0.0002673625	0	0	0	
63.044	24	19	49	31	1	-1509.95	0.002582329	8.794483	-0.0003716728	-0.002091235	0.0002506532	0	0	0	
63.064	24	19	49	31	1	-1509.949	0.002694222	8.861951	0.001020422	-0.002456336	0.0002328109	0	0	0	
63.084	24	19	49	31	1	-1509.949	0.002812037	8.929737	0.002071106	-0.00219165	0.0002132517	0	0	0	
63.1	24	19	49	31	1	-1509.948	0.002914436	8.984195	0.002425692	-0.00186569	0.0001975004	0	0	0	
63.12	24	19	49	31	1	-1509.948	0.003040021	9.05255	0.002662071	-0.001620344	0.0001683968	0	0	0	
63.144	24	19	49	31	1	-1509.947	0.00318037	9.134986	0.002742	-0.001198197	0.0001426388	0	0	0	
63.176	24	19	49	31	1	-1509.946	0.003353361	9.24559	0.002497203	-0.0008070983	0.0001178563	0	0	0	
63.192	24	19	49	31	1	-1509.945	0.0034255	9.301183	0.002517543	-0.001314872	0.0001131357	0	0	0	
63.216	24	19	49	31	1	-1509.945	0.003504797	9.370945	0.002578735	-0.00224457	0.0001101033	0	0	0	
63.236	24	19	49	31	1	-1509.944	0.003596831	9.45505	0.002381793	-0.002964104	0.000109622	0	0	0	
63.264	24	19	49	31	1	-1509.943	0.003704136	9.553699	0.001392268	-0.003691187	0.000115422	0	0	0	
63.288	24	19	49	31	1	-1509.943	0.003780932	9.624503	0.0002916908	-0.002786719	0.0001223637	0	0	0	
63.312	24	19	49	31	1	-1509.942	0.003890508	9.724093	-0.0009216443	-0.001210109	0.0001276332	0	0	0	
63.332	24	19	49	31	1	-1509.942	0.003955264	9.78124	-0.001697443	-0.0009850623	0.0001321307	0	0	0	
63.348	24	19	49	31	1	-1509.941	0.004034516	9.852914	-0.00236956	-0.002016386	0.0001397734	0	0	0	
63.368	24	19	49	31	1	-1509.94	0.004106145	9.92485	-0.002425624	-0.003136965	0.0001451039	0	0	0	
63.388	24	19	49	31	1	-1509.94	0.004160106	9.982584	-0.001986266	-0.003909172	0.0001522472	0	0	0	
63.408	24	19	49	31	1	-1509.939	0.004243923	10.06949	-0.001321149	-0.003665343	0.0001581501	0	0	0	
63.428	24	19	49	31	1	-1509.939	0.004316453	10.14217	-0.0005383245	-0.002238331	0.000162327	0	0	0	
63.456	24	19	49	32	1	-1509.938	0.004401828	10.22972	0.000740758	0.0005031714	0.0001660197	0	0	0	
63.484	24	19	49	32	1	-1509.937	0.00451932	10.34696	0.001729839	0.002042841	0.0001694773	0	0	0	
63.504	24	19	49	32	1	-1509.937	0.004576374	10.40579	0.002225421	0.001726231	0.0001685983	0	0	0	
63.528	24	19	49	32	1	-1509.936	0.004683162	10.50909	0.002225832	0.0001573562	0.0001567217	0	0	0	
63.556	24	19	49	32	1	-1509.935	0.004783197	10.61281	0.001917937	-0.001907381	0.0001384231	0	0	0	
63.584	24	19	49	32	1	-1509.935	0.004854582	10.70204	0.001686512	-0.002763791	0.0001301586	0	0	0	
63.62	24	19	49	32	1	-1509.934	0.004950578	10.83642	0.001218792	-0.002609777	0.0001155031	0	0	0	
63.64	24	19	49	32	1	-1509.933	0.005000514	10.92635	0.001050315	-0.002096255	0.0001010237	0	0	0	
63.66	24	19	49	32	1	-1509.933	0.005028512	11.0015	0.001224493	-0.001568375	9.101993e-05	0	0	0	
63.68	24	19	49	32	1	-1509.932	0.00504152	11.07683	0.001751264	-0.001100933	7.845974e-05	0	0	0	
63.708	24	19	49	32	1	-1509.931	0.00503269	11.1826	0.002993547	9.044539e-05	6.169376e-05	0	0	0	
63.74	24	19	49	32	1	-1509.93	0.005003677	11.30388	0.00406252	0.001125606	4.422053e-05	0	0	0	
63.76	24	19	49	32	1	-1509.93	0.004969757	11.37989	0.004458385	0.0009699223	2.895818e-05	0	0	0	
63.784	24	19	49	32	1	-1509.929	0.004916432	11.47131	0.004753922	0.0001228896	6.432357e-06	0	0	0	
63.808	24	19	49	32	1	-1509.928	0.004850719	11.56295	0.004426182	-0.0006487942	-3.940575e-06	0	0	0	
63.832	24	19	49	32	1	-1509.928	0.004773929	11.6548	0.003601623	-0.001914052	-1.750842e-05	0	0	0	
63.86	24	19	49	32	1	-1509.927	0.004699537	11.74685	0.001989102	-0.003178085	-2.503595e-05	0	0	0	
63.884	24	19	49	32	1	-1509.926	0.004636683	11.83911	-0.0008319348	-0.003091686	-2.832685e-05	0	0	0	
63.9	24	19	49	32	1	-1509.926	0.004590435	11.91612	-0.002540434	-0.002268515	-3.096397e-05	0	0	0	
63.924	24	19	49	32	1	-1509.925	0.004548516	11.99327	-0.004799353	-0.0003879066	-3.80894e-05	0	0	0	
63.944	24	19	49	33	1	-1509.925	0.00450598	12.086	-0.006161588	0.0009030552	-4.629245e-05	0	0	0	
63.968	24	19	49	33	1	-1509.924	0.004470589	12.17891	-0.006859202	0.001716398	-5.987118e-05	0	0	0	
64	24	19	49	33	1	-1509.923	0.004445075	12.30303	-0.006477479	0.00161139	-6.492147e-05	0	0	0	
64.024	24	19	49	33	1	-1509.922	0.004432452	12.3963	-0.004621892	0.0003481542	-6.521316e-05	0	0	0	
64.044	24	19	49	33	1	-1509.922	0.004420438	12.47414	-0.002406709	-0.0009143639	-7.052265e-05	0	0	0	
64.064	24	19	49	33	1	-1509.921	0.0044144	12.55208	-4.071165e-05	-0.001267423	-7.856594e-05	0	0	0	
64.084	24	19	49	33	1	-1509.921	0.004415786	12.63011	0.002095491	-0.001083127	-9.201274e-05	0	0	0	
64.104	24	19	49	33	1	-1509.92	0.004422057	12.70823	0.004060795	-0.0009068803	-0.0001073533	0	0	0	
64.124	24	19	49	33	1	-1509.919	0.004432295	12.78644	0.004837074	-0.000865408	-0.0001186972	0	0	0	
64.144	24	19	49	33	1	-1509.919	0.004451439	12.86472	0.004995611	-0.0008671338	-0.0001345327	0	0	0	
64.164	24	19	49	33	1	-1509.918	0.004475992	12.9274	0.003920847	-0.001132489	-0.0001672899	0	0	0	
64.192	24	19	49	33	1	-1509.917	0.004525597	13.05291	0.002046634	-0.0009755	-0.0001989615	0	0	0	
64.22	24	19	49	33	1	-1509.916	0.004576184	13.16287	-0.001210498	-0.0004767718	-0.0002441728	0	0	0	
64.244	24	19	49	33	1	-1509.916	0.004622311	13.24149	-0.003468044	-0.0003473915	-0.0002641091	0	0	0	
64.268	24	19	49	33	1	-1509.915	0.004685522	13.33591	-0.00606729	0.0004110504	-0.0002952336	0	0	0	
64.288	24	19	49	33	1	-1509.914	0.004751374	13.43041	-0.006894107	0.0007967461	-0.0003121358	0	0	0	
64.308	24	19	49	33	1	-1509.914	0.004798387	13.50922	-0.006684492	0.0003566404	-0.0003326201	0	0	0	
64.336	24	19	49	33	1	-1509.913	0.004837316	13.61963	-0.004361493	-0.00086947	-0.0003463415	0	0	0	
64.364	24	19	49	33	1	-1509.912	0.004857358	13.71434	0.0006772931	-0.002223415	-0.0003731037	0	0	0	
64.38	24	19	49	33	1	-1509.912	0.004874405	13.79331	0.003244155	-0.002286746	-0.0003849011	0	0	0	
64.416	24	19	49	34	1	-1509.91	0.004910598	13.91974	0.007335722	-0.001955578	-0.0003923923	0	0	0	
64.444	24	19	49	34	1	-1509.909	0.004958153	14.04624	0.008046278	-0.001485324	-0.0003941608	0	0	0	
64.472	24	19	49	34	1	-1509.909	0.005025786	14.157	0.005783091	-0.0009911997	-0.0003946342	0	0	0	
64.504	24	19	49	34	1	-1509.908	0.005114981	14.28362	0.0009990619	-0.001118264	-0.0003965579	0	0	0	
64.54	24	19	49	34	1	-1509.907	0.005195501	14.42611	-0.004015715	-0.001990452	-0.0004048585	0	0	0	
64.576	24	19	49	34	1	-1509.905	0.005238023	14.56862	-0.005997861	-0.002294736	-0.0004284511	0	0	0	
64.616	24	19	49	34	1	-1509.904	0.005275286	14.72698	-0.004770453	-0.001158349	-0.0004530647	0	0	0	
64.644	24	19	49	34	1	-1509.903	0.005295343	14.82199	-0.002216941	3.392766e-05	-0.000453684	0	0	0	
64.66	24	19	49	34	1	-1509.903	0.005316247	14.90115	-0.0005170822	0.0007401081	-0.0004520497	0	0	0	
64.676	24	19	49	34	1	-1509.902	0.005334367	14.96448	0.0007730327	0.001174119	-0.0004509548	0	0	0	
64.696	24	19	49	34	1	-1509.902	0.005355738	15.0278	0.00299882	0.0004305287	-0.0004579548	0	0	0	
64.716	24	19	49	34	1	-1509.901	0.005395989	15.12275	0.004196892	-0.001672902	-0.0004738478	0	0	0	
64.74	24	19	49	34	1	-1509.9	0.005442078	15.21768	0.004717814	-0.003976676	-0.000498723	0	0	0	
64.764	24	19	49	34	1	-1509.9	0.00548926	15.31257	0.004302708	-0.004520475	-0.0005183283	0	0	0	
64.78	24	19	49	34	1	-1509.899	0.005513617	15.36001	0.003522849	-0.003471575	-0.0005248624	0	0	0	
64.8	24	19	49	34	1	-1509.899	0.005562751	15.45484	0.002129522	-0.0009317441	-0.0005297535	0	0	0	
64.824	24	19	49	34	1	-1509.898	0.005601696	15.53384	0.0002087991	0.001322675	-0.0005354049	0	0	0	
64.848	24	19	49	34	1	-1509.897	0.005655246	15.64438	-0.001723076	0.0008995269	-0.0005414242	0	0	0	
64.872	24	19	49	34	1	-1509.896	0.005687707	15.72329	-0.003057798	-0.001761353	-0.0005383598	0	0	0	
64.896	24	19	49	34	1	-1509.896	0.005731292	15.83371	-0.003716946	-0.003871664	-0.000527879	0	0	0	
64.92	24	19	49	35	1	-1509.895	0.005749273	15.91252	-0.00302261	-0.004588336	-0.0005206029	0	0	0	
64.94	24	19	49	35	1	-1509.894	0.005751217	15.99129	-0.001430376	-0.004177989	-0.0005201984	0	0	0	
64.964	24	19	49	35	1	-1509.894	0.005741708	16.10148	0.001053933	-0.00330062	-0.0005220933	0	0	0	
64.992	24	19	49	35	1	-1509.893	0.005726119	16.21157	0.003871564	-0.00232488	-0.0005343967	0	0	0	
65.012	24	19	49	35	1	-1509.892	0.005702462	16.29014	0.006093593	-0.00105219	-0.0005427595	0	0	0	
65.048	24	19	49	35	1	-1509.891	0.005646763	16.43141	0.007556288	-0.0006612196	-0.0005573601	0	0	0	
65.072	24	19	49	35	1	-1509.891	0.005609857	16.52549	0.006990218	-0.001209488	-0.0005692567	0	0	0	
65.104	24	19	49	35	1	-1509.89	0.005559407	16.65076	0.004691565	-0.001012264	-0.0005719651	0	0	0	
65.144	24	19	49	35	1	-1509.889	0.005483404	16.8071	-0.0005091076	-0.0008855977	-0.0005667608	0	0	0	
65.176	24	19	49	35	1	-1509.888	0.005419417	16.93195	-0.004120985	-0.001335891	-0.0005582395	0	0	0	
65.204	24	19	49	35	1	-1509.887	0.005359544	17.04103	-0.005835184	-0.002297105	-0.0005575447	0	0	0	
65.232	24	19	49	35	1	-1509.886	0.005295625	17.14996	-0.006177128	-0.002610751	-0.0005702254	0	0	0	
65.256	24	19	49	35	1	-1509.885	0.005238135	17.24319	-0.005483193	-0.00186272	-0.0005838281	0	0	0	
65.28	24	19	49	35	1	-1509.885	0.005173427	17.3363	-0.0024343	-0.00111438	-0.0006137803	0	0	0	
65.304	24	19	49	35	1	-1509.884	0.005124716	17.41379	0.0003092273	-0.001933103	-0.0006391915	0	0	0	
65.328	24	19	49	35	1	-1509.883	0.005062508	17.52213	0.00285108	-0.003762104	-0.0006669318	0	0	0	
65.348	24	19	49	35	1	-1509.883	0.005032741	17.58395	0.004316631	-0.004749535	-0.0006879296	0	0	0	
65.372	24	19	49	35	1	-1509.882	0.004999033	17.67656	0.004965907	-0.004492219	-0.0006973946	0	0	0	
65.392	24	19	49	35	1	-1509.882	0.004965789	17.76902	0.004827527	-0.002976158	-0.0006927189	0	0	0	
65.424	24	19	49	35	1	-1509.881	0.004929098	17.87671	0.003180206	0.0004796146	-0.000682401	0	0	0	
65.444	24	19	49	36	1	-1509.88	0.00491179	17.95351	0.001702517	0.001221025	-0.0006825819	0	0	0	
65.468	24	19	49	36	1	-1509.88	0.004889687	18.04552	-0.001075447	0.0002097743	-0.0006860971	0	0	0	
65.488	24	19	49	36	1	-1509.879	0.00486672	18.13737	-0.002886803	-0.001079937	-0.0006837452	0	0	0	
65.516	24	19	49	36	1	-1509.879	0.004829943	18.24431	-0.004378891	-0.002828812	-0.0006739345	0	0	0	
65.548	24	19	49	36	1	-1509.878	0.004766812	18.36625	-0.00372391	-0.002298507	-0.0006755252	0	0	0	
65.576	24	19	49	36	1	-1509.877	0.004712213	18.45752	-0.002184083	-0.0002467695	-0.0006896746	0	0	0	
65.596	24	19	49	36	1	-1509.877	0.004672098	18.53345	-0.0006785643	0.0009996045	-0.0006960428	0	0	0	
65.616	24	19	49	36	1	-1509.876	0.004622201	18.6244	0.0009796217	0.001132551	-0.000703689	0	0	0	
65.64	24	19	49	36	1	-1509.875	0.004577981	18.71517	0.002610037	0.0003792759	-0.0007138585	0	0	0	
65.68	24	19	49	36	1	-1509.874	0.004514646	18.86605	0.003848011	-0.001817209	-0.0007327665	0	0	0	
65.708	24	19	49	36	1	-1509.874	0.004500313	18.95633	0.002528027	-0.003023027	-0.0007463596	0	0	0	
65.724	24	19	49	36	1	-1509.873	0.004499865	19.03142	0.001200092	-0.003113633	-0.0007481113	0	0	0	
65.744	24	19	49	36	1	-1509.873	0.004496736	19.0914	-0.0004556135	-0.002997412	-0.0007416645	0	0	0	
65.772	24	19	49	36	1	-1509.872	0.00448764	19.19616	-0.002433308	-0.002326723	-0.0007192738	0	0	0	
65.792	24	19	49	36	1	-1509.871	0.004473541	19.27083	-0.003165523	-0.002340953	-0.0006984672	0	0	0	
65.824	24	19	49	36	1	-1509.871	0.004413686	19.40488	-0.00244024	-0.002463059	-0.0006646536	0	0	0	
65.848	24	19	49	36	1	-1509.87	0.004373852	19.47916	-0.001114703	-0.002635257	-0.0006443209	0	0	0	
65.868	24	19	49	36	1	-1509.869	0.004330515	19.56811	6.325818e-05	-0.002637577	-0.0006323139	0	0	0	
65.896	24	19	49	36	1	-1509.869	0.004288927	19.67161	0.00139876	-0.002611321	-0.0006153103	0	0	0	
65.932	24	19	49	36	1	-1509.868	0.004251042	19.80425	0.002086322	-0.003555796	-0.0006023875	0	0	0	
65.96	24	19	49	37	1	-1509.867	0.004230424	19.89241	0.001871584	-0.00331204	-0.0005937044	0	0	0	
65.98	24	19	49	37	1	-1509.867	0.004205434	19.98035	0.001588606	-0.002203522	-0.0005854294	0	0	0	
66.012	24	19	49	37	1	-1509.866	0.004175534	20.09725	0.0006000643	9.670145e-06	-0.0005808167	0	0	0	
66.036	24	19	49	37	1	-1509.865	0.00416783	20.18468	-0.0007718968	-0.0002328105	-0.0005821567	0	0	0	
66.064	24	19	49	37	1	-1509.865	0.004177654	20.27188	-0.002575884	-0.001773342	-0.0005762344	0	0	0	
66.084	24	19	49	37	1	-1509.864	0.00419951	20.35885	-0.004286242	-0.003802438	-0.0005625999	0	0	0	
66.112	24	19	49	37	1	-1509.864	0.004226778	20.46003	-0.005289234	-0.005248387	-0.000551269	0	0	0	
66.14	24	19	49	37	1	-1509.863	0.00426078	20.5609	-0.005150629	-0.003257248	-0.0005653054	0	0	0	
66.164	24	19	49	37	1	-1509.863	0.004287523	20.6471	-0.003568498	0.0007248852	-0.0005844601	0	0	0	
66.192	24	19	49	37	1	-1509.862	0.004305594	20.73307	-0.001049562	0.001665284	-0.0005808977	0	0	0	
66.216	24	19	49	37	1	-1509.862	0.004300308	20.8188	0.002498494	-1.953685e-05	-0.000573957	0	0	0	
66.232	24	19	49	37	1	-1509.861	0.004284997	20.89007	0.004889546	-0.002000764	-0.000575931	0	0	0	
66.248	24	19	49	37	1	-1509.861	0.004273393	20.94696	0.006848216	-0.004023359	-0.0005819854	0	0	0	
66.272	24	19	49	37	1	-1509.861	0.004266514	21.01792	0.00834323	-0.005819849	-0.0005878107	0	0	0	
66.296	24	19	49	37	1	-1509.86	0.004275725	21.11698	0.0077322	-0.005949873	-0.0005829114	0	0	0	
66.32	24	19	49	37	1	-1509.859	0.004299344	21.20163	0.005211799	-0.004732815	-0.0005664163	0	0	0	
66.348	24	19	49	37	1	-1509.859	0.004334762	21.30006	0.0008398936	-0.002264153	-0.0005498761	0	0	0	
66.376	24	19	49	37	1	-1509.858	0.004364499	21.38416	-0.003656179	-0.0005058899	-0.0005381241	0	0	0	
66.396	24	19	49	37	1	-1509.858	0.004378199	21.46801	-0.005868821	0.0001817609	-0.0005375817	0	0	0	
66.408	24	19	49	37	1	-1509.858	0.004376022	21.50983	-0.006705685	0.0006981901	-0.0005393953	0	0	0	
66.428	24	19	49	38	1	-1509.857	0.004370819	21.5794	-0.006897011	0.001289719	-0.000543534	0	0	0	
66.452	24	19	49	38	1	-1509.857	0.004361643	21.64879	-0.006500986	0.001253063	-0.000543249	0	0	0	
66.472	24	19	49	38	1	-1509.857	0.004343229	21.73182	-0.004130052	-0.0002729828	-0.0005346952	0	0	0	
66.492	24	19	49	38	1	-1509.856	0.004325275	21.80081	-0.001629331	-0.00175733	-0.0005280062	0	0	0	
66.52	24	19	49	38	1	-1509.856	0.004303929	21.89709	0.002046836	-0.002756165	-0.0005152668	0	0	0	
66.54	24	19	49	38	1	-1509.855	0.004296682	21.96564	0.004151912	-0.002259051	-0.0005012052	0	0	0	
66.564	24	19	49	38	1	-1509.855	0.004287261	22.04766	0.0059924	-0.001312336	-0.0004805987	0	0	0	
66.588	24	19	49	38	1	-1509.854	0.0042704	22.12941	0.006991283	-0.0004775485	-0.0004521002	0	0	0	
66.612	24	19	49	38	1	-1509.854	0.004261714	22.19733	0.00648137	2.681288e-05	-0.0004111824	0	0	0	
66.632	24	19	49	38	1	-1509.853	0.004250804	22.27859	0.00517255	-0.000277014	-0.000378275	0	0	0	
66.66	24	19	49	38	1	-1509.853	0.004230842	22.37304	0.00251359	-0.001284706	-0.000336179	0	0	0	
66.688	24	19	49	38	1	-1509.852	0.004206409	22.46713	-0.000602893	-0.003168003	-0.0002982419	0	0	0	
66.72	24	19	49	38	1	-1509.852	0.004179199	22.57419	-0.003928691	-0.004034931	-0.0002492776	0	0	0	
66.736	24	19	49	38	1	-1509.851	0.004164334	22.62754	-0.00511171	-0.003680867	-0.0002255632	0	0	0	
66.772	24	19	49	38	1	-1509.851	0.004117792	22.74712	-0.005659294	-0.001967034	-0.000178985	0	0	0	
66.808	24	19	49	38	1	-1509.85	0.004060853	22.85288	-0.003273797	0.0003769444	-0.0001395953	0	0	0	
66.828	24	19	49	38	1	-1509.85	0.004024603	22.93187	-0.001463955	0.001296362	-0.0001131539	0	0	0	
66.848	24	19	49	38	1	-1509.849	0.004000774	22.99749	0.0003609846	0.001089085	-8.953967e-05	0	0	0	
66.872	24	19	49	38	1	-1509.849	0.003980122	23.07596	0.002449084	-0.001075059	-7.14664e-05	0	0	0	
66.9	24	19	49	38	1	-1509.848	0.003972967	23.15415	0.003341116	-0.002701644	-6.597667e-05	0	0	0	
66.92	24	19	49	39	1	-1509.848	0.003966022	23.23206	0.003642157	-0.002831351	-5.828737e-05	0	0	0	
66.944	24	19	49	39	1	-1509.847	0.003966446	23.30969	0.003044144	-0.002212985	-4.932844e-05	0	0	0	
66.976	24	19	49	39	1	-1509.847	0.0039481	23.41274	0.002414515	-0.001165271	-5.017097e-05	0	0	0	
67	24	19	49	39	1	-1509.846	0.00393903	23.48969	0.0006827956	-0.0001717358	-6.014336e-05	0	0	0	
67.02	24	19	49	39	1	-1509.846	0.003944326	23.5536	-0.0006885326	-0.0006689908	-6.510757e-05	0	0	0	
67.044	24	19	49	39	1	-1509.846	0.003962909	23.63002	-0.00324347	-0.003431525	-7.198163e-05	0	0	0	
67.064	24	19	49	39	1	-1509.845	0.003966649	23.69348	-0.004022401	-0.004808264	-7.735721e-05	0	0	0	
67.088	24	19	49	39	1	-1509.845	0.003963677	23.76936	-0.004343455	-0.004776028	-9.138945e-05	0	0	0	
67.12	24	19	49	39	1	-1509.844	0.003957945	23.87009	-0.003447522	-0.002701461	-0.0001233072	0	0	0	
67.148	24	19	49	39	1	-1509.844	0.00395549	23.95779	-0.001786478	-0.001403303	-0.0001528551	0	0	0	
67.172	24	19	49	39	1	-1509.843	0.003968021	24.03265	-0.0004658741	-0.0009850687	-0.0001847899	0	0	0	
67.188	24	19	49	39	1	-1509.843	0.003991683	24.08239	-4.07348e-05	-0.001207906	-0.0002067467	0	0	0	
67.208	24	19	49	39	1	-1509.843	0.004028606	24.14438	0.0002700854	-0.001882422	-0.0002343036	0	0	0	
67.24	24	19	49	39	1	-1509.842	0.004100512	24.24313	0.0002332599	-0.001629817	-0.0002602048	0	0	0	
67.272	24	19	49	39	1	-1509.842	0.004153168	24.34135	0.0008090181	-0.0008616288	-0.0002890412	0	0	0	
67.308	24	19	49	39	1	-1509.841	0.004215039	24.45121	0.001084616	-0.001058438	-0.0003269976	0	0	0	
67.344	24	19	49	39	1	-1509.84	0.004265172	24.5483	0.001122142	-0.002555358	-0.0003681611	0	0	0	
67.364	24	19	49	39	1	-1509.84	0.004301391	24.60871	0.0007388221	-0.003172622	-0.0003898955	0	0	0	
67.384	24	19	49	39	1	-1509.84	0.004345513	24.68093	0.0003218159	-0.004012828	-0.0004028015	0	0	0	
67.412	24	19	49	39	1	-1509.839	0.004384789	24.76481	8.342658e-05	-0.004412819	-0.0004104023	0	0	0	
67.44	24	19	49	40	1	-1509.839	0.004419864	24.84828	-1.205799e-05	-0.003746527	-0.0004153269	0	0	0	
67.472	24	19	49	40	1	-1509.838	0.004472721	24.94316	-0.0005185834	-0.001193204	-0.0004127056	0	0	0	
67.5	24	19	49	40	1	-1509.838	0.004525789	25.02574	-0.001039484	0.0009650112	-0.0004049794	0	0	0	
67.52	24	19	49	40	1	-1509.838	0.004559721	25.08447	-0.001081409	0.001185853	-0.0003907587	0	0	0	
67.544	24	19	49	40	1	-1509.837	0.004590998	25.15467	-0.0006683216	-5.250692e-05	-0.0003746571	0	0	0	
67.564	24	19	49	40	1	-1509.837	0.00460374	25.21293	0.0002674172	-0.001135837	-0.0003649459	0	0	0	
67.588	24	19	49	40	1	-1509.837	0.004604996	25.27098	0.001850384	-0.001859359	-0.0003629644	0	0	0	
67.616	24	19	49	40	1	-1509.836	0.004598025	25.35189	0.003503657	-0.002105526	-0.0003650052	0	0	0	
67.64	24	19	49	40	1	-1509.836	0.004592061	25.4324	0.00426532	-0.001885443	-0.0003549661	0	0	0	
67.668	24	19	49	40	1	-1509.835	0.004576195	25.51249	0.004482007	-0.001865192	-0.0003344117	0	0	0	
67.696	24	19	49	40	1	-1509.835	0.004559403	25.59216	0.003793144	-0.001427981	-0.0003116775	0	0	0	
67.716	24	19	49	40	1	-1509.835	0.004538895	25.64881	0.00275476	-0.001571036	-0.0002901225	0	0	0	
67.74	24	19	49	40	1	-1509.834	0.004504053	25.71651	0.00160767	-0.002183527	-0.0002739348	0	0	0	
67.756	24	19	49	40	1	-1509.834	0.00447964	25.75025	0.001014462	-0.002691795	-0.0002635411	0	0	0	
67.792	24	19	49	40	1	-1509.834	0.004383926	25.85099	0.0003446982	-0.003160652	-0.0002435314	0	0	0	
67.828	24	19	49	40	1	-1509.833	0.004255315	25.95103	0.0005521112	-0.001991773	-0.0002332491	0	0	0	
67.86	24	19	49	40	1	-1509.833	0.004114513	26.05038	0.0009439715	-0.002450327	-0.0002333715	0	0	0	
67.892	24	19	49	40	1	-1509.832	0.003964817	26.13811	0.001853913	-0.003283658	-0.0002267583	0	0	0	
67.92	24	19	49	40	1	-1509.832	0.003828007	26.21441	0.002429095	-0.003854065	-0.000216177	0	0	0	
67.956	24	19	49	40	1	-1509.832	0.00366308	26.3011	0.00263864	-0.00198599	-0.0001838606	0	0	0	
67.976	24	19	49	41	1	-1509.831	0.00352594	26.36577	0.002673084	-0.0007551547	-0.0001634036	0	0	0	
68.004	24	19	49	41	1	-1509.831	0.003368092	26.44083	0.002096154	-7.161712e-05	-0.0001355668	0	0	0	
68.028	24	19	49	41	1	-1509.831	0.003236223	26.50483	0.001077904	-0.0006121618	-0.0001161129	0	0	0	
68.064	24	19	49	41	1	-1509.83	0.003052001	26.60025	-0.001170921	-0.001487439	-9.017412e-05	0	0	0	
68.096	24	19	49	41	1	-1509.83	0.002897624	26.68448	-0.003084422	-0.003142384	-5.832229e-05	0	0	0	
68.124	24	19	49	41	1	-1509.83	0.002792013	26.7473	-0.004345903	-0.004797998	-2.424928e-05	0	0	0	
68.14	24	19	49	41	1	-1509.83	0.002722991	26.789	-0.004608323	-0.005111308	-7.802428e-06	0	0	0	
68.16	24	19	49	41	1	-1509.829	0.0026338	26.84094	-0.004263665	-0.004744112	1.194687e-05	0	0	0	
68.188	24	19	49	41	1	-1509.829	0.002473221	26.92359	-0.002356264	-0.002242342	3.743424e-05	0	0	0	
68.224	24	19	49	41	1	-1509.828	0.002296508	27.01591	0.0003773746	0.0005784823	7.294118e-05	0	0	0	
68.264	24	19	49	41	1	-1509.828	0.002116856	27.11768	0.003234142	-9.57473e-05	0.0001252701	0	0	0	
68.3	24	19	49	41	1	-1509.828	0.001983895	27.20855	0.003209385	-0.00265444	0.0001450387	0	0	0	
68.324	24	19	49	41	1	-1509.828	0.001892592	27.26876	0.002548711	-0.002747568	0.0001463679	0	0	0	
68.348	24	19	49	41	1	-1509.827	0.001794278	27.32865	0.001670063	-0.001983413	0.0001431793	0	0	0	
68.36	24	19	49	41	1	-1509.827	0.0017462	27.35848	0.00107051	-0.001844811	0.000140893	0	0	0	
68.384	24	19	49	41	1	-1509.827	0.001675928	27.40803	-0.0006967027	-0.002178682	0.0001347436	0	0	0	
68.408	24	19	49	41	1	-1509.827	0.001602784	27.46721	-0.002653188	-0.003156368	0.0001247097	0	0	0	
68.424	24	19	49	41	1	-1509.827	0.001539869	27.51629	-0.0036324	-0.00354582	0.000116997	0	0	0	
68.448	24	19	49	41	1	-1509.826	0.001458808	27.57491	-0.004346828	-0.001992868	8.905275e-05	0	0	0	
68.464	24	19	49	41	1	-1509.826	0.001401487	27.61381	-0.004296426	-0.001092762	7.680477e-05	0	0	0	
68.488	24	19	49	42	1	-1509.826	0.001334408	27.66226	-0.003685056	0.001825926	3.193878e-05	0	0	0	
68.512	24	19	49	42	1	-1509.826	0.001267849	27.72011	-0.002885442	0.002647951	-3.388346e-07	0	0	0	
68.536	24	19	49	42	1	-1509.825	0.001192678	27.78721	-0.001594338	0.002017966	-2.116931e-05	0	0	0	
68.56	24	19	49	42	1	-1509.825	0.001122694	27.84439	-0.0001141211	0.0003955814	-3.402504e-05	0	0	0	
68.584	24	19	49	42	1	-1509.825	0.001061808	27.89181	0.002100244	-0.001564922	-5.823767e-05	0	0	0	
68.604	24	19	49	42	1	-1509.825	0.0009782306	27.94844	0.003734507	-0.002003283	-7.37642e-05	0	0	0	
68.636	24	19	49	42	1	-1509.824	0.0008414507	28.02347	0.00609302	-0.00163578	-9.820352e-05	0	0	0	
68.664	24	19	49	42	1	-1509.824	0.0007232356	28.07939	0.007249357	-0.001338665	-0.000114033	0	0	0	
68.692	24	19	49	42	1	-1509.824	0.0005491151	28.15348	0.007068144	-0.001331229	-0.0001201798	0	0	0	
68.716	24	19	49	42	1	-1509.824	0.0004419447	28.19951	0.005437038	-0.001037812	-0.0001180076	0	0	0	
68.744	24	19	49	42	1	-1509.823	0.0002893012	28.2636	0.002412969	-0.000781248	-0.0001203094	0	0	0	
68.768	24	19	49	42	1	-1509.823	0.000135839	28.32729	-0.000681088	-0.0005810528	-0.0001290765	0	0	0	
68.784	24	19	49	42	1	-1509.823	4.360949e-05	28.3635	-0.002541068	-0.0008262635	-0.0001334525	0	0	0	
68.804	24	19	49	42	1	-1509.823	-5.725915e-05	28.39957	-0.003889378	-0.001539403	-0.0001343844	0	0	0	
68.824	24	19	49	42	1	-1509.822	-0.0002172055	28.45342	-0.004979804	-0.003076692	-0.0001274961	0	0	0	
68.848	24	19	49	42	1	-1509.822	-0.0003755483	28.50698	-0.005194393	-0.003580548	-0.0001266121	0	0	0	
68.876	24	19	49	42	1	-1509.822	-0.0005613167	28.56908	-0.004192484	-0.002932132	-0.0001341974	0	0	0	
68.9	24	19	49	42	1	-1509.821	-0.0007105516	28.62199	-0.00307249	-0.002788598	-0.000146684	0	0	0	
68.936	24	19	49	42	1	-1509.821	-0.0009386721	28.7008	0.0003037017	-0.002410836	-0.0001744898	0	0	0	
68.964	24	19	49	42	1	-1509.821	-0.001114002	28.76163	0.002660716	-0.001106384	-0.000193955	0	0	0	
68.984	24	19	49	43	1	-1509.821	-0.001231126	28.80483	0.003699525	-0.0002711087	-0.0002029855	0	0	0	
69.008	24	19	49	43	1	-1509.82	-0.00136555	28.8564	0.004114536	-0.0005386343	-0.0002150325	0	0	0	
69.036	24	19	49	43	1	-1509.82	-0.001502912	28.91618	0.003001628	-0.0009943107	-0.0002286785	0	0	0	
69.056	24	19	49	43	1	-1509.82	-0.001594193	28.95865	0.001494693	-0.0004732701	-0.0002300339	0	0	0	
69.076	24	19	49	43	1	-1509.82	-0.001683965	29.0009	-0.0002500429	-0.0002842946	-0.0002289134	0	0	0	
69.104	24	19	49	43	1	-1509.819	-0.001812419	29.05972	-0.002487129	-0.001031933	-0.0002345808	0	0	0	
69.132	24	19	49	43	1	-1509.819	-0.001947977	29.11814	-0.003851501	-0.001584665	-0.0002441128	0	0	0	
69.156	24	19	49	43	1	-1509.819	-0.002070885	29.16789	-0.004023434	-0.001113231	-0.0002671337	0	0	0	
69.184	24	19	49	43	1	-1509.819	-0.00218311	29.21736	-0.003807213	-0.0007661461	-0.0002910051	0	0	0	
69.212	24	19	49	43	1	-1509.818	-0.002318346	29.28285	-0.002919473	-0.00178364	-0.000306701	0	0	0	
69.248	24	19	49	43	1	-1509.818	-0.002483948	29.35591	-0.0003502611	-0.001292608	-0.0003249637	0	0	0	
69.284	24	19	49	43	1	-1509.817	-0.002661088	29.42832	0.002500948	-0.0004393511	-0.0003464046	0	0	0	
69.324	24	19	49	43	1	-1509.817	-0.002811744	29.50007	0.003917604	-0.0006427585	-0.0003752927	0	0	0	
69.344	24	19	49	43	1	-1509.817	-0.002908388	29.54754	0.003666307	-0.0007778007	-0.0003924012	0	0	0	
69.372	24	19	49	43	1	-1509.817	-0.002996888	29.59473	0.002193725	-0.00189607	-0.0004191468	0	0	0	
69.376	24	19	49	43	1	-1509.817	-0.003024607	29.6104	0.001901122	-0.002077239	-0.0004224373	0	0	0	
69.396	24	19	49	43	1	-1509.816	-0.003098255	29.64942	0.000475085	-0.003097828	-0.0004326945	0	0	0	
69.42	24	19	49	43	1	-1509.816	-0.003205074	29.69599	-0.0006683796	-0.002840137	-0.0004408834	0	0	0	
69.448	24	19	49	43	1	-1509.816	-0.003354258	29.74996	-0.0009918194	-0.0004588766	-0.000447123	0	0	0	
69.472	24	19	49	43	1	-1509.815	-0.003476362	29.78828	-0.0003963523	0.001395515	-0.0004468832	0	0	0	
69.488	24	19	49	44	1	-1509.815	-0.00360735	29.82639	0.0003137207	0.00178847	-0.0004434683	0	0	0	
69.52	24	19	49	44	1	-1509.815	-0.003817811	29.88696	0.001572871	-0.0001224094	-0.0004274667	0	0	0	
69.54	24	19	49	44	1	-1509.815	-0.003918002	29.91706	0.001873271	-0.001715825	-0.000419148	0	0	0	
69.564	24	19	49	44	1	-1509.814	-0.004064548	29.96198	0.001917051	-0.003597372	-0.0004052954	0	0	0	
69.588	24	19	49	44	1	-1509.814	-0.00425326	30.01402	0.002081109	-0.004590145	-0.0003873815	0	0	0	
69.624	24	19	49	44	1	-1509.814	-0.00449818	30.08037	0.001673457	-0.002234258	-0.000332306	0	0	0	
69.664	24	19	49	44	1	-1509.813	-0.004774149	30.15336	0.0007240857	-0.0005980279	-0.0002807403	0	0	0	
69.7	24	19	49	44	1	-1509.813	-0.005017766	30.2184	-0.0007917437	-0.002917066	-0.0002332266	0	0	0	
69.732	24	19	49	44	1	-1509.813	-0.005237015	30.27569	-0.001664589	-0.003532278	-0.0001901029	0	0	0	
69.756	24	19	49	44	1	-1509.812	-0.00538758	30.31834	-0.002443965	-0.003238914	-0.0001623591	0	0	0	
69.776	24	19	49	44	1	-1509.812	-0.005480003	30.34663	-0.003108517	-0.002444994	-0.0001422088	0	0	0	
69.8	24	19	49	44	1	-1509.812	-0.005631649	30.39583	-0.003670019	-0.001777891	-0.0001206027	0	0	0	
69.816	24	19	49	44	1	-1509.812	-0.005695493	30.4168	-0.003690908	-0.002114036	-0.0001067229	0	0	0	
69.852	24	19	49	44	1	-1509.812	-0.005916335	30.48622	-0.00241347	-0.004304375	-7.537921e-05	0	0	0	
69.876	24	19	49	44	1	-1509.811	-0.006051574	30.52751	-0.0008740426	-0.004062734	-5.831709e-05	0	0	0	
69.912	24	19	49	44	1	-1509.811	-0.00624336	30.58894	0.001279563	-0.001157083	-3.724896e-05	0	0	0	
69.944	24	19	49	44	1	-1509.811	-0.006369425	30.63629	0.00181794	-2.90228e-05	-3.019293e-05	0	0	0	
69.968	24	19	49	44	1	-1509.811	-0.006466168	30.68328	0.0009817142	-0.0003436003	-3.197514e-05	0	0	0	
69.992	24	19	49	44	1	-1509.811	-0.006527035	30.71662	-0.0003197341	-0.0003801087	-3.403128e-05	0	0	0	
70.004	24	19	49	44	1	-1509.81	-0.006563482	30.73653	-0.0007437339	-0.0006222149	-3.304126e-05	0	0	0	
70.04	24	19	49	45	1	-1509.81	-0.006689631	30.79587	-0.001801757	-0.002617548	-3.091923e-05	0	0	0	
70.072	24	19	49	45	1	-1509.81	-0.006827865	30.84813	-0.001120973	0.0003654676	-4.200859e-05	0	0	0	
70.096	24	19	49	45	1	-1509.81	-0.006966322	30.89347	0.0001606496	0.00258213	-3.87385e-05	0	0	0	
70.12	24	19	49	45	1	-1509.809	-0.007093268	30.93207	0.001869958	0.001506654	-3.253214e-05	0	0	0	
70.144	24	19	49	45	1	-1509.809	-0.007195541	30.96403	0.002557558	-0.0002074133	-2.974109e-05	0	0	0	
70.164	24	19	49	45	1	-1509.809	-0.007312554	31.00214	0.00300833	-0.002948795	-3.140693e-05	0	0	0	
70.184	24	19	49	45	1	-1509.809	-0.007413917	31.03371	0.00309276	-0.003743897	-3.572223e-05	0	0	0	
70.196	24	19	49	45	1	-1509.809	-0.00747514	31.05256	0.002965633	-0.003516427	-3.719613e-05	0	0	0	
70.224	24	19	49	45	1	-1509.809	-0.00762026	31.09631	0.002231263	-0.001784346	-3.574921e-05	0	0	0	
70.248	24	19	49	45	1	-1509.808	-0.007754776	31.13352	0.001493054	-0.0006392635	-3.496686e-05	0	0	0	
70.272	24	19	49	45	1	-1509.808	-0.007892668	31.17047	0.0004463504	-0.00135724	-3.427914e-05	0	0	0	
70.288	24	19	49	45	1	-1509.808	-0.007986472	31.19496	-6.93474e-06	-0.00210004	-3.389851e-05	0	0	0	
70.312	24	19	49	45	1	-1509.808	-0.008139208	31.23148	-0.0004668452	-0.003055731	-3.703875e-05	0	0	0	
70.332	24	19	49	45	1	-1509.808	-0.008284462	31.26172	-0.0001961195	-0.002471252	-4.207288e-05	0	0	0	
70.348	24	19	49	45	1	-1509.807	-0.008406463	31.28579	0.0003516841	-0.001126504	-5.025216e-05	0	0	0	
70.376	24	19	49	45	1	-1509.807	-0.008616406	31.32765	0.0009644408	0.0008913044	-5.805168e-05	0	0	0	
70.404	24	19	49	45	1	-1509.807	-0.008839507	31.36916	0.001704395	0.001276085	-6.559035e-05	0	0	0	
70.44	24	19	49	45	1	-1509.807	-0.009100078	31.41618	0.002341723	-0.0009618685	-7.517547e-05	0	0	0	
70.468	24	19	49	45	1	-1509.806	-0.009354272	31.46276	0.00199208	-0.002591975	-8.969417e-05	0	0	0	
70.492	24	19	49	45	1	-1509.806	-0.009528477	31.49739	0.0007395135	-0.002891124	-0.0001055711	0	0	0	
70.524	24	19	49	46	1	-1509.806	-0.009714914	31.53749	-0.001731896	-0.001499104	-0.0001253899	0	0	0	
70.54	24	19	49	46	1	-1509.806	-0.009855147	31.56592	-0.002697005	-0.000658633	-0.0001300058	0	0	0	
70.568	24	19	49	46	1	-1509.806	-0.01007221	31.60545	-0.002762675	-0.0005997454	-0.0001277567	0	0	0	
70.592	24	19	49	46	1	-1509.805	-0.01024411	31.63347	-0.001798498	-0.001014918	-0.0001163657	0	0	0	
70.616	24	19	49	46	1	-1509.805	-0.01049372	31.67243	-0.0001809274	-0.0009544551	-9.928975e-05	0	0	0	
70.64	24	19	49	46	1	-1509.805	-0.01066216	31.70005	0.001053414	-0.0009567659	-8.572638e-05	0	0	0	
70.664	24	19	49	46	1	-1509.805	-0.0108625	31.73298	0.00205262	-0.0007679758	-7.247623e-05	0	0	0	
70.68	24	19	49	46	1	-1509.804	-0.01102506	31.76024	0.002364422	-0.000903427	-6.315662e-05	0	0	0	
70.72	24	19	49	46	1	-1509.804	-0.0113378	31.81425	0.002011385	-0.001621165	-4.953003e-05	0	0	0	
70.744	24	19	49	46	1	-1509.804	-0.01150663	31.84101	0.001773467	-0.002542179	-2.830535e-05	0	0	0	
70.772	24	19	49	46	1	-1509.804	-0.01178914	31.88349	0.001542305	-0.002984985	-1.065197e-05	0	0	0	
70.796	24	19	49	46	1	-1509.803	-0.01196615	31.90982	0.0009105754	-0.001569815	2.212916e-05	0	0	0	
70.82	24	19	49	46	1	-1509.803	-0.01220548	31.9464	0.0001086247	-0.0003417685	5.668698e-05	0	0	0	
70.84	24	19	49	46	1	-1509.803	-0.012378	31.97234	-0.0008202195	0.0001765426	0.000105249	0	0	0	
70.864	24	19	49	46	1	-1509.803	-0.01260621	32.00326	-0.00084674	-0.0008753896	0.0001570503	0	0	0	
70.896	24	19	49	46	1	-1509.803	-0.01289665	32.03903	0.0002941642	-0.00221001	0.0002122773	0	0	0	
70.916	24	19	49	46	1	-1509.802	-0.01310629	32.0644	0.0009144854	-0.002145962	0.0002371828	0	0	0	
70.936	24	19	49	46	1	-1509.802	-0.01331263	32.0896	0.001521213	-0.001220892	0.0002695692	0	0	0	
70.956	24	19	49	46	1	-1509.802	-0.01355287	32.11964	0.001618052	-0.00066912	0.0002845104	0	0	0	
70.98	24	19	49	46	1	-1509.802	-0.01379546	32.14944	0.001554096	-0.001064829	0.0002989675	0	0	0	
71	24	19	49	47	1	-1509.802	-0.01399918	32.17411	0.001332637	-0.001735415	0.0003063651	0	0	0	
71.024	24	19	49	47	1	-1509.801	-0.0142007	32.19861	0.000742473	-0.003370538	0.0003172678	0	0	0	
71.048	24	19	49	47	1	-1509.801	-0.01448331	32.23266	5.308716e-05	-0.00495322	0.0003298766	0	0	0	
71.072	24	19	49	47	1	-1509.801	-0.01472829	32.26159	-0.0005641223	-0.004739794	0.000337553	0	0	0	
71.1	24	19	49	47	1	-1509.801	-0.01502543	32.29507	-0.0007626236	-0.001449929	0.0003448848	0	0	0	
71.116	24	19	49	47	1	-1509.801	-0.01519437	32.31406	-0.0008192725	0.0003632411	0.0003496698	0	0	0	
71.14	24	19	49	47	1	-1509.8	-0.01545774	32.34237	-0.0003253481	0.0006157581	0.0003621884	0	0	0	
71.168	24	19	49	47	1	-1509.8	-0.01577213	32.37512	0.000347138	-0.0006667196	0.0003802212	0	0	0	
71.192	24	19	49	47	1	-1509.8	-0.01603511	32.40295	0.000738354	-0.001428843	0.0004002648	0	0	0	
71.212	24	19	49	47	1	-1509.8	-0.01625837	32.42597	0.001102826	-0.001536665	0.0004151922	0	0	0	
71.232	24	19	49	47	1	-1509.8	-0.01649194	32.44884	0.001678032	-0.001763776	0.0004284517	0	0	0	
71.252	24	19	49	47	1	-1509.799	-0.01673271	32.47156	0.002283687	-0.001967457	0.000443397	0	0	0	
71.276	24	19	49	47	1	-1509.799	-0.01703281	32.49862	0.002994607	-0.001440149	0.0004614899	0	0	0	
71.312	24	19	49	47	1	-1509.799	-0.01749152	32.53881	0.003286554	-0.0008965878	0.0004894253	0	0	0	
71.332	24	19	49	47	1	-1509.799	-0.01773613	32.56093	0.002501824	-0.001302758	0.0005008942	0	0	0	
71.36	24	19	49	47	1	-1509.799	-0.01802145	32.58728	0.0008622081	-0.002933643	0.0005131022	0	0	0	
71.376	24	19	49	47	1	-1509.799	-0.0182529	32.60907	-0.0008597455	-0.004204302	0.0005238368	0	0	0	
71.388	24	19	49	47	1	-1509.799	-0.01838996	32.62207	-0.002234705	-0.004874997	0.0005316872	0	0	0	
71.42	24	19	49	47	1	-1509.798	-0.01871937	32.65221	-0.003780726	-0.004364205	0.0005368486	0	0	0	
71.452	24	19	49	47	1	-1509.798	-0.01915694	32.69054	-0.004002863	-0.00280607	0.0005298345	0	0	0	
71.472	24	19	49	48	1	-1509.798	-0.01934897	32.70742	-0.003564589	-0.001408916	0.0005244507	0	0	0	
71.492	24	19	49	48	1	-1509.798	-0.0195936	32.72839	-0.002499552	-0.0001391244	0.0005218662	0	0	0	
71.512	24	19	49	48	1	-1509.798	-0.01988351	32.75338	-0.001263844	-5.480095e-05	0.0005266513	0	0	0	
71.532	24	19	49	48	1	-1509.798	-0.02011414	32.77404	-0.0002111257	-0.0006463739	0.0005315725	0	0	0	
71.56	24	19	49	48	1	-1509.797	-0.02038293	32.79865	0.0009101621	-0.001642634	0.0005236104	0	0	0	
71.588	24	19	49	48	1	-1509.797	-0.0207169	32.83114	0.001075848	-0.003471586	0.0005083748	0	0	0	
71.608	24	19	49	48	1	-1509.797	-0.02091474	32.85127	0.0006890839	-0.004995372	0.0004973664	0	0	0	
71.64	24	19	49	48	1	-1509.797	-0.02122238	32.88318	-0.0003942344	-0.005720027	0.0004661354	0	0	0	
71.664	24	19	49	48	1	-1509.797	-0.02144758	32.90688	-0.00133758	-0.004387011	0.0004480793	0	0	0	
71.692	24	19	49	48	1	-1509.797	-0.02171504	32.93427	-0.00195807	-0.002785671	0.0004375839	0	0	0	
71.716	24	19	49	48	1	-1509.797	-0.02191336	32.95368	-0.001794457	-0.002762557	0.0004371407	0	0	0	
71.748	24	19	49	48	1	-1509.797	-0.02227004	32.98828	-0.001028472	-0.002009946	0.0004551376	0	0	0	
71.776	24	19	49	48	1	-1509.797	-0.02253288	33.0149	-0.0006956486	-0.0007813361	0.000464785	0	0	0	
71.792	24	19	49	48	1	-1509.797	-0.0226747	33.02999	-0.0006791694	0.0008747114	0.0004706521	0	0	0	
71.82	24	19	49	48	1	-1509.796	-0.0229068	33.05618	-0.001022787	0.002180521	0.0004768746	0	0	0	
71.848	24	19	49	48	1	-1509.796	-0.02311528	33.08212	-0.002038332	0.001979177	0.0004849244	0	0	0	
71.88	24	19	49	48	1	-1509.796	-0.02332815	33.10779	-0.00216258	0.001189343	0.0005013141	0	0	0	
71.916	24	19	49	48	1	-1509.796	-0.02361907	33.14041	-0.001049037	-0.001184712	0.0005324746	0	0	0	
71.952	24	19	49	48	1	-1509.796	-0.02393584	33.17617	0.0002529103	-0.003804234	0.0005562065	0	0	0	
71.984	24	19	49	48	1	-1509.796	-0.02417803	33.20439	0.0009722822	-0.004297108	0.0005756935	0	0	0	
72.024	24	19	49	49	1	-1509.796	-0.02447179	33.23922	0.001108115	-0.003393116	0.0005896229	0	0	0	
72.06	24	19	49	49	1	-1509.796	-0.02477243	33.27012	0.001940256	0.0009841528	0.0005940635	0	0	0	
72.08	24	19	49	49	1	-1509.795	-0.02490748	33.28373	0.002157683	0.003098263	0.0005966961	0	0	0	
72.1	24	19	49	49	2	-1509.795	-0.02512142	33.30398	0.002415434	0.003411623	0.000600048	0	0	0	
72.124	24	19	49	49	2	-1509.795	-0.02530359	33.32072	0.002399118	0.002307302	0.0006044055	0	0	0	
72.144	24	19	49	49	2	-1509.795	-0.02548018	33.34071	0.0006224193	0.003078181	0.001191212	0	0	0	
72.164	24	19	49	49	2	-1509.795	-0.02539468	33.35768	-0.008931107	0.01924198	0.003724608	0	0	0	
72.184	24	19	49	49	2	-1509.793	-0.02500887	33.37508	-0.02717349	0.05222131	0.007980476	0	0	0	
72.208	24	19	49	49	2	-1509.791	-0.02412963	33.39651	-0.05699502	0.09754786	0.01459706	0	0	0	
72.232	24	19	49	49	2	-1509.789	-0.02276792	33.41855	-0.09026282	0.1273682	0.02359534	0	0	0	
72.256	24	19	49	49	2	-1509.788	-0.02126446	33.43739	-0.1199419	0.1306981	0.03705914	0	0	0	
72.28	24	19	49	49	2	-1509.786	-0.01903235	33.46058	-0.139292	0.1136479	0.05561432	0	0	0	
72.312	24	19	49	49	2	-1509.781	-0.01476954	33.49661	-0.1428503	0.08674067	0.08455879	0	0	0	
72.344	24	19	49	49	2	-1509.776	-0.009907763	33.52996	-0.1223576	0.0811604	0.1132989	0	0	0	
72.372	24	19	49	49	2	-1509.77	-0.004706355	33.56017	-0.09263279	0.09355384	0.1382748	0	0	0	
72.4	24	19	49	49	2	-1509.763	0.001408846	33.59133	-0.05766645	0.1106482	0.1688092	0	0	0	
72.436	24	19	49	49	2	-1509.755	0.00945713	33.62813	-0.03273914	0.1162008	0.2018191	0	0	0	
72.472	24	19	49	49	2	-1509.743	0.02097142	33.67588	-0.02378528	0.110183	0.2405481	0	0	0	
72.512	24	19	49	49	2	-1509.731	0.03265544	33.72051	-0.03549883	0.1073915	0.2843415	0	0	0	
72.536	24	19	49	49	2	-1509.722	0.04113986	33.7511	-0.04901473	0.1120047	0.3106596	0	0	0	
72.564	24	19	49	50	2	-1509.711	0.05171916	33.78759	-0.06510047	0.1198437	0.3412558	0	0	0	
72.592	24	19	49	50	2	-1509.698	0.06467137	33.83035	-0.07631327	0.1250487	0.3719352	0	0	0	
72.612	24	19	49	50	2	-1509.689	0.07322996	33.85766	-0.07921797	0.1256698	0.3939996	0	0	0	
72.628	24	19	49	50	2	-1509.681	0.08034126	33.87982	-0.07796611	0.1245992	0.4116948	0	0	0	
72.648	24	19	49	50	2	-1509.671	0.08957734	33.90794	-0.0720684	0.1223362	0.4337386	0	0	0	
72.664	24	19	49	50	2	-1509.663	0.09725846	33.93076	-0.06444417	0.120652	0.4512161	0	0	0	
72.688	24	19	49	50	2	-1509.651	0.1092894	33.96554	-0.04984352	0.1195371	0.477061	0	0	0	
72.712	24	19	49	50	2	-1509.64	0.1197927	33.99502	-0.0392612	0.1200296	0.4940369	0	0	0	
72.748	24	19	49	50	2	-1509.617	0.1420778	34.05536	-0.01388729	0.1244253	0.5398291	0	0	0	
72.788	24	19	49	50	2	-1509.595	0.1635219	34.11122	-0.003109441	0.1275925	0.5804442	0	0	0	
72.824	24	19	49	50	2	-1509.571	0.1862131	34.16852	-0.005086811	0.1279599	0.6160469	0	0	0	
72.86	24	19	49	50	2	-1509.546	0.2101252	34.22724	-0.01264075	0.1277861	0.6468579	0	0	0	
72.884	24	19	49	50	2	-1509.526	0.2295662	34.27388	-0.01985151	0.1281826	0.6731525	0	0	0	
72.908	24	19	49	50	2	-1509.511	0.2439056	34.3077	-0.0235655	0.1288137	0.6915463	0	0	0	
72.928	24	19	49	50	2	-1509.493	0.2616132	34.34884	-0.02518605	0.129665	0.713185	0	0	0	
72.956	24	19	49	50	2	-1509.471	0.2829666	34.3976	-0.02245281	0.1302951	0.7378375	0	0	0	
72.984	24	19	49	50	2	-1509.448	0.3050769	34.44716	-0.01513299	0.1302601	0.7618521	0	0	0	
73.004	24	19	49	50	2	-1509.431	0.3213412	34.48304	-0.007971488	0.1299534	0.7786101	0	0	0	
73.036	24	19	49	50	2	-1509.404	0.3481931	34.54129	0.00447734	0.1294368	0.8047215	0	0	0	
73.06	24	19	49	50	2	-1509.382	0.3690057	34.58564	0.0115377	0.1293749	0.8206132	0	0	0	
73.084	24	19	49	51	2	-1509.36	0.3903911	34.63055	0.01895851	0.1296884	0.8423149	0	0	0	
73.104	24	19	49	51	2	-1509.341	0.408642	34.66839	0.02201489	0.1300367	0.8574314	0	0	0	
73.128	24	19	49	51	2	-1509.318	0.43105	34.71428	0.0230399	0.1303996	0.8780534	0	0	0	
73.152	24	19	49	51	2	-1509.299	0.4501392	34.75293	0.02183668	0.1303995	0.8923931	0	0	0	
73.176	24	19	49	51	2	-1509.275	0.4735417	34.79979	0.01913101	0.1301743	0.9091731	0	0	0	
73.204	24	19	49	51	2	-1509.242	0.5055855	34.86307	0.01569171	0.1297928	0.9281772	0	0	0	
73.224	24	19	49	51	2	-1509.221	0.5261026	34.90307	0.01368538	0.1294998	0.9440016	0	0	0	
73.252	24	19	49	51	2	-1509.19	0.5554629	34.95964	0.01335196	0.1292884	0.9594073	0	0	0	
73.284	24	19	49	51	2	-1509.155	0.589932	35.02509	0.01604203	0.1291327	0.9793158	0	0	0	
73.304	24	19	49	51	2	-1509.137	0.6075335	35.05812	0.01941756	0.1290547	0.9914012	0	0	0	
73.324	24	19	49	51	2	-1509.114	0.6298805	35.0997	0.02373792	0.1289634	1.003215	0	0	0	
73.344	24	19	49	51	2	-1509.086	0.6572032	35.15	0.02853879	0.1288276	1.014757	0	0	0	
73.368	24	19	49	51	2	-1509.057	0.68508	35.20074	0.03419048	0.128636	1.028257	0	0	0	
73.392	24	19	49	51	2	-1509.033	0.7087327	35.24334	0.03899299	0.1284122	1.04138	0	0	0	
73.412	24	19	49	51	2	-1509.003	0.7376211	35.29484	0.04190521	0.1282215	1.052036	0	0	0	
73.436	24	19	49	51	2	-1508.978	0.7621135	35.33807	0.04384369	0.1279731	1.064492	0	0	0	
73.456	24	19	49	51	2	-1508.947	0.7920035	35.39031	0.04418994	0.1277236	1.0746	0	0	0	
73.484	24	19	49	51	2	-1508.911	0.8275592	35.45174	0.04291364	0.1272427	1.090275	0	0	0	
73.504	24	19	49	51	2	-1508.884	0.8534053	35.49593	0.04182368	0.1269783	1.09789	0	0	0	
73.516	24	19	49	51	2	-1508.868	0.8690927	35.52257	0.04070838	0.1267383	1.105362	0	0	0	
73.54	24	19	49	52	2	-1508.836	0.9008723	35.57613	0.03955468	0.1264893	1.114502	0	0	0	
73.572	24	19	49	52	2	-1508.792	0.944085	35.64808	0.03898207	0.1262029	1.128678	0	0	0	
73.612	24	19	49	52	2	-1508.741	0.9938457	35.72975	0.04130249	0.1258379	1.145665	0	0	0	
73.652	24	19	49	52	2	-1508.677	1.056314	35.83055	0.04654247	0.125319	1.161888	0	0	0	
73.692	24	19	49	52	2	-1508.623	1.108779	35.9138	0.05270847	0.1248089	1.177392	0	0	0	
73.712	24	19	49	52	2	-1508.586	1.144433	35.96966	0.05538161	0.124611	1.184884	0	0	0	
73.748	24	19	49	52	2	-1508.531	1.198926	36.05398	0.05855761	0.124225	1.197923	0	0	0	
73.78	24	19	49	52	2	-1508.486	1.242144	36.11997	0.05936715	0.1238247	1.209046	0	0	0	
73.8	24	19	49	52	2	-1508.448	1.279769	36.17682	0.05893384	0.1235202	1.217106	0	0	0	
73.828	24	19	49	52	2	-1508.409	1.317927	36.23392	0.05800738	0.1232083	1.224928	0	0	0	
73.856	24	19	49	52	2	-1508.363	1.363118	36.30084	0.05689418	0.1228653	1.233762	0	0	0	
73.888	24	19	49	52	2	-1508.302	1.422284	36.38734	0.0563606	0.1224045	1.243497	0	0	0	
73.908	24	19	49	52	2	-1508.268	1.455669	36.43562	0.05656954	0.1221533	1.248226	0	0	0	
73.928	24	19	49	52	2	-1508.234	1.489425	36.48404	0.05778795	0.1217768	1.256287	0	0	0	
73.948	24	19	49	52	2	-1508.199	1.523551	36.5326	0.05893484	0.1216323	1.260777	0	0	0	
73.976	24	19	49	52	2	-1508.149	1.571951	36.60082	0.06150243	0.1215019	1.268435	0	0	0	
74.004	24	19	49	52	2	-1508.099	1.621074	36.66929	0.06434027	0.1213637	1.275836	0	0	0	
74.036	24	19	49	52	2	-1508.041	1.678097	36.74783	0.0672039	0.1210336	1.283969	0	0	0	
74.06	24	19	49	52	2	-1507.997	1.721481	36.80694	0.06851968	0.1207601	1.288887	0	0	0	
74.092	24	19	49	52	2	-1507.937	1.780151	36.88599	0.06969944	0.1202894	1.297445	0	0	0	
74.104	24	19	49	53	2	-1507.914	1.802395	36.9157	0.06976185	0.1201501	1.300217	0	0	0	
74.14	24	19	49	53	2	-1507.845	1.869918	37.00506	0.06922596	0.1197964	1.308291	0	0	0	
74.16	24	19	49	53	2	-1507.807	1.907941	37.05485	0.06880993	0.1196322	1.311767	0	0	0	
74.188	24	19	49	53	2	-1507.752	1.961787	37.1247	0.06809155	0.1192654	1.318513	0	0	0	
74.208	24	19	49	53	2	-1507.712	2.000685	37.17469	0.06792424	0.1190278	1.323408	0	0	0	
74.232	24	19	49	53	2	-1507.664	2.047845	37.2348	0.06815825	0.1188763	1.327384	0	0	0	
74.256	24	19	49	53	2	-1507.624	2.087546	37.28498	0.06892244	0.1187464	1.332036	0	0	0	
74.272	24	19	49	53	2	-1507.591	2.119569	37.32517	0.06968886	0.1186786	1.335065	0	0	0	
74.288	24	19	49	53	2	-1507.55	2.159926	37.37547	0.0706172	0.118618	1.338036	0	0	0	
74.308	24	19	49	53	2	-1507.508	2.200646	37.42584	0.07192592	0.1185275	1.341665	0	0	0	
74.344	24	19	49	53	2	-1507.433	2.274855	37.51666	0.07429494	0.1182176	1.347963	0	0	0	
74.372	24	19	49	53	2	-1507.373	2.333384	37.58742	0.07573221	0.117842	1.352666	0	0	0	
74.404	24	19	49	53	2	-1507.304	2.401145	37.66841	0.07664438	0.1174628	1.357851	0	0	0	
74.436	24	19	49	53	2	-1507.234	2.469835	37.74952	0.07676272	0.1172661	1.362848	0	0	0	
74.46	24	19	49	53	2	-1507.181	2.52196	37.81043	0.07654272	0.1171672	1.365875	0	0	0	
74.492	24	19	49	53	2	-1507.11	2.592263	37.89172	0.0759654	0.1168796	1.371131	0	0	0	
74.532	24	19	49	53	2	-1507.019	2.681432	37.99347	0.07565153	0.1164036	1.376694	0	0	0	
74.564	24	19	49	53	2	-1506.945	2.753802	38.07495	0.0759983	0.1161222	1.380974	0	0	0	
74.588	24	19	49	53	2	-1506.889	2.808685	38.1361	0.07663434	0.1160526	1.384088	0	0	0	
74.612	24	19	49	53	2	-1506.833	2.864085	38.19727	0.07752096	0.1160525	1.387117	0	0	0	
74.636	24	19	49	54	2	-1506.776	2.919998	38.25847	0.07854774	0.1160152	1.390055	0	0	0	
74.664	24	19	49	54	2	-1506.709	2.98588	38.32989	0.07973883	0.1158793	1.39337	0	0	0	
74.7	24	19	49	54	2	-1506.622	3.071611	38.42174	0.08094339	0.1155842	1.39745	0	0	0	
74.728	24	19	49	54	2	-1506.563	3.129406	38.48298	0.08145205	0.1153338	1.400497	0	0	0	
74.76	24	19	49	54	2	-1506.474	3.217062	38.57484	0.08155497	0.1151252	1.403862	0	0	0	
74.78	24	19	49	54	2	-1506.424	3.266258	38.62587	0.08143921	0.1150493	1.405904	0	0	0	
74.804	24	19	49	54	2	-1506.364	3.325762	38.68709	0.08121705	0.1149719	1.40829	0	0	0	
74.824	24	19	49	54	2	-1506.323	3.365714	38.7279	0.08104515	0.1148726	1.410223	0	0	0	
74.844	24	19	49	54	2	-1506.262	3.426066	38.7891	0.08095489	0.1147335	1.412108	0	0	0	
74.872	24	19	49	54	2	-1506.19	3.497118	38.86048	0.08104967	0.1145156	1.414673	0	0	0	
74.9	24	19	49	54	2	-1506.127	3.558572	38.92163	0.08141957	0.1143632	1.417158	0	0	0	
74.92	24	19	49	54	2	-1506.075	3.610173	38.97257	0.08182592	0.1143078	1.418888	0	0	0	
74.94	24	19	49	54	2	-1506.012	3.67256	39.03366	0.08231827	0.1142989	1.420577	0	0	0	
74.968	24	19	49	54	2	-1505.937	3.745987	39.10489	0.08306829	0.1142955	1.422868	0	0	0	
75	24	19	49	54	2	-1505.851	3.830745	39.18622	0.08385673	0.1142221	1.425382	0	0	0	
75.016	24	19	49	54	2	-1505.818	3.862761	39.21669	0.08417036	0.1141388	1.426601	0	0	0	
75.036	24	19	49	54	2	-1505.753	3.92717	39.27761	0.08446381	0.1139683	1.428089	0	0	0	
75.056	24	19	49	54	2	-1505.698	3.981229	39.32834	0.08466388	0.1137249	1.429825	0	0	0	
75.08	24	19	49	54	2	-1505.632	4.046562	39.38916	0.08472498	0.1135604	1.431234	0	0	0	
75.108	24	19	49	54	2	-1505.554	4.123424	39.46004	0.08468876	0.1134868	1.433159	0	0	0	
75.132	24	19	49	55	2	-1505.498	4.178747	39.51062	0.08458698	0.1135269	1.434762	0	0	0	
75.16	24	19	49	55	2	-1505.407	4.267987	39.59146	0.0844843	0.1135318	1.436575	0	0	0	
75.2	24	19	49	55	2	-1505.293	4.380786	39.69234	0.08453934	0.1133618	1.439057	0	0	0	
75.24	24	19	49	55	2	-1505.177	4.494974	39.79301	0.08493643	0.113084	1.441418	0	0	0	
75.276	24	19	49	55	2	-1505.084	4.587326	39.87339	0.08550577	0.1129739	1.44346	0	0	0	
75.3	24	19	49	55	2	-1505.013	4.657174	39.93359	0.08590674	0.1129813	1.444784	0	0	0	
75.328	24	19	49	55	2	-1504.918	4.751079	40.01371	0.08631837	0.112978	1.446276	0	0	0	
75.372	24	19	49	55	2	-1504.785	4.881638	40.12362	0.08673096	0.1127554	1.448498	0	0	0	
75.412	24	19	49	55	2	-1504.676	4.989699	40.21331	0.08681749	0.1125077	1.450413	0	0	0	
75.436	24	19	49	55	2	-1504.602	5.062361	40.27299	0.08678217	0.1124666	1.45153	0	0	0	
75.472	24	19	49	55	2	-1504.491	5.172284	40.36231	0.08674724	0.1125296	1.453167	0	0	0	
75.504	24	19	49	55	2	-1504.391	5.270926	40.44151	0.08680476	0.1125797	1.454566	0	0	0	
75.524	24	19	49	55	2	-1504.328	5.333023	40.49091	0.08689317	0.1125554	1.455407	0	0	0	
75.548	24	19	49	55	2	-1504.252	5.407988	40.55009	0.08704946	0.1124578	1.456379	0	0	0	
75.58	24	19	49	55	2	-1504.137	5.521361	40.63866	0.08731115	0.1123424	1.457623	0	0	0	
75.616	24	19	49	55	2	-1504.034	5.623068	40.71716	0.08762814	0.1122982	1.458965	0	0	0	
75.636	24	19	49	55	2	-1503.957	5.699921	40.7759	0.08777893	0.1122631	1.459684	0	0	0	
75.672	24	19	49	55	2	-1503.852	5.803155	40.85404	0.08797179	0.1121609	1.460937	0	0	0	
75.7	24	19	49	55	2	-1503.76	5.894197	40.92223	0.08806677	0.1120572	1.461883	0	0	0	
75.716	24	19	49	55	2	-1503.707	5.946521	40.96112	0.08810958	0.1120042	1.462412	0	0	0	
75.736	24	19	49	56	2	-1503.627	6.025414	41.01935	0.08817119	0.1119728	1.463064	0	0	0	
75.748	24	19	49	56	2	-1503.587	6.065043	41.04841	0.08821614	0.1119756	1.463448	0	0	0	
75.764	24	19	49	56	2	-1503.534	6.118073	41.08712	0.08828146	0.1119899	1.463952	0	0	0	
75.788	24	19	49	56	2	-1503.466	6.184665	41.13541	0.08837528	0.1120182	1.464693	0	0	0	
75.812	24	19	49	56	2	-1503.385	6.26502	41.19324	0.0884718	0.1120006	1.46541	0	0	0	
75.84	24	19	49	56	2	-1503.276	6.372915	41.27013	0.08856456	0.1119059	1.466213	0	0	0	
75.868	24	19	49	56	2	-1503.18	6.468029	41.33722	0.08863401	0.1117279	1.466985	0	0	0	
75.888	24	19	49	56	2	-1503.111	6.536373	41.38502	0.08866511	0.1116427	1.467525	0	0	0	
75.908	24	19	49	56	2	-1503.041	6.605054	41.43272	0.08868353	0.1116218	1.468061	0	0	0	
75.932	24	19	49	56	2	-1502.957	6.687916	41.48983	0.08871765	0.1116399	1.468694	0	0	0	
75.952	24	19	49	56	2	-1502.887	6.757337	41.53732	0.0887637	0.1116453	1.469209	0	0	0	
75.98	24	19	49	56	2	-1502.788	6.855087	41.60363	0.0888461	0.1116257	1.469907	0	0	0	
76.004	24	19	49	56	2	-1502.717	6.92531	41.65087	0.08892571	0.1115709	1.470486	0	0	0	
76.028	24	19	49	56	2	-1502.618	7.024183	41.71683	0.08902113	0.1114853	1.471142	0	0	0	
76.056	24	19	49	56	2	-1502.517	7.123711	41.78259	0.08910164	0.1114084	1.471692	0	0	0	
76.072	24	19	49	56	2	-1502.459	7.180877	41.82008	0.08916718	0.1113682	1.47214	0	0	0	
76.1	24	19	49	56	2	-1502.358	7.281433	41.88551	0.08924943	0.1113612	1.472667	0	0	0	
76.128	24	19	49	56	2	-1502.27	7.368142	41.94143	0.08934281	0.1113597	1.473261	0	0	0	
76.156	24	19	49	56	2	-1502.153	7.484497	42.01574	0.08941145	0.1113163	1.473827	0	0	0	
76.18	24	19	49	56	2	-1502.079	7.557649	42.06204	0.0894542	0.1112732	1.474298	0	0	0	
76.2	24	19	49	57	2	-1501.99	7.645871	42.11745	0.08948182	0.1112642	1.474685	0	0	0	
76.224	24	19	49	57	2	-1501.9	7.734569	42.17271	0.08951371	0.111262	1.47514	0	0	0	
76.244	24	19	49	57	2	-1501.84	7.793965	42.20945	0.0895297	0.1112234	1.475506	0	0	0	
76.26	24	19	49	57	2	-1501.765	7.868507	42.25529	0.08953668	0.1111833	1.475793	0	0	0	
76.28	24	19	49	57	2	-1501.689	7.943379	42.301	0.08954569	0.1111457	1.476148	0	0	0	
76.308	24	19	49	57	2	-1501.598	8.033662	42.35571	0.08956256	0.1111303	1.476635	0	0	0	
76.32	24	19	49	57	2	-1501.537	8.094114	42.39209	0.08957172	0.1111269	1.476841	0	0	0	
76.348	24	19	49	57	2	-1501.445	8.185186	42.44652	0.08961362	0.1111003	1.477306	0	0	0	
76.376	24	19	49	57	2	-1501.337	8.292035	42.50982	0.08967397	0.1110713	1.477761	0	0	0	
76.416	24	19	49	57	2	-1501.182	8.445791	42.59983	0.08972914	0.1109714	1.47838	0	0	0	
76.436	24	19	49	57	2	-1501.104	8.523161	42.64467	0.08975218	0.1109369	1.478679	0	0	0	
76.468	24	19	49	57	2	-1500.979	8.647634	42.71615	0.08978281	0.1108986	1.479145	0	0	0	
76.488	24	19	49	57	2	-1500.884	8.741537	42.76956	0.08979915	0.1108966	1.479431	0	0	0	
76.516	24	19	49	57	2	-1500.789	8.835911	42.8228	0.08984287	0.1108782	1.479822	0	0	0	
76.532	24	19	49	57	2	-1500.709	8.914913	42.86704	0.08988042	0.1108464	1.480039	0	0	0	
76.568	24	19	49	57	2	-1500.565	9.057937	42.94635	0.08997734	0.1108019	1.480521	0	0	0	
76.608	24	19	49	57	2	-1500.403	9.218087	43.034	0.09009048	0.1107665	1.481046	0	0	0	
76.64	24	19	49	57	2	-1500.29	9.330963	43.09507	0.0901555	0.110686	1.481441	0	0	0	
76.672	24	19	49	57	2	-1500.142	9.477021	43.17322	0.0901581	0.1106019	1.481818	0	0	0	
76.704	24	19	49	57	2	-1500.027	9.591346	43.23373	0.09013154	0.1105614	1.482192	0	0	0	
76.728	24	19	49	58	2	-1499.928	9.689842	43.28539	0.09009877	0.1105586	1.482467	0	0	0	
76.76	24	19	49	58	2	-1499.778	9.838458	43.36255	0.09006378	0.1106109	1.482831	0	0	0	
76.8	24	19	49	58	2	-1499.61	10.00481	43.44779	0.0900518	0.1105994	1.48327	0	0	0	
76.84	24	19	49	58	2	-1499.458	10.15562	43.52408	0.09010622	0.110592	1.483694	0	0	0	
76.868	24	19	49	58	2	-1499.34	10.27364	43.58312	0.09020113	0.1105826	1.483985	0	0	0	
76.904	24	19	49	58	2	-1499.186	10.4263	43.65866	0.09031833	0.110503	1.484345	0	0	0	
76.924	24	19	49	58	2	-1499.1	10.51155	43.70044	0.09035115	0.1104428	1.484539	0	0	0	
76.96	24	19	49	58	2	-1498.945	10.66582	43.77531	0.09035438	0.1103245	1.48488	0	0	0	
77	24	19	49	58	2	-1498.771	10.83844	43.85801	0.09028233	0.1102852	1.485254	0	0	0	
77.02	24	19	49	58	2	-1498.666	10.94262	43.90738	0.09024979	0.1103175	1.485478	0	0	0	
77.044	24	19	49	58	2	-1498.578	11.02979	43.94837	0.09024287	0.1103364	1.485662	0	0	0	
77.064	24	19	49	58	2	-1498.49	11.11727	43.98923	0.09025409	0.1103361	1.485841	0	0	0	
77.084	24	19	49	58	2	-1498.402	11.20508	44.02996	0.09027528	0.1103086	1.486015	0	0	0	
77.104	24	19	49	58	2	-1498.295	11.31086	44.07865	0.09030229	0.1102729	1.486218	0	0	0	
77.132	24	19	49	58	2	-1498.188	11.41709	44.12716	0.09033565	0.1102406	1.486415	0	0	0	
77.164	24	19	49	58	2	-1498.027	11.5773	44.19955	0.09038251	0.1101758	1.486669	0	0	0	
77.184	24	19	49	58	2	-1497.955	11.64883	44.23159	0.0904151	0.1101214	1.486827	0	0	0	
77.204	24	19	49	58	2	-1497.865	11.73852	44.27151	0.09043544	0.110074	1.486983	0	0	0	
77.224	24	19	49	58	2	-1497.756	11.84657	44.31924	0.09042845	0.1100557	1.487141	0	0	0	
77.244	24	19	49	58	2	-1497.684	11.91886	44.35095	0.09039563	0.1100587	1.487299	0	0	0	
77.26	24	19	49	59	2	-1497.611	11.99134	44.38258	0.09036019	0.1100612	1.487421	0	0	0	
77.288	24	19	49	59	2	-1497.464	12.13692	44.44557	0.0903039	0.1100323	1.487624	0	0	0	
77.324	24	19	49	59	2	-1497.317	12.28329	44.50821	0.0902451	0.1099241	1.487873	0	0	0	
77.34	24	19	49	59	2	-1497.225	12.37518	44.54719	0.09022683	0.1098698	1.488012	0	0	0	
77.372	24	19	49	59	2	-1497.095	12.50435	44.60153	0.0902196	0.1098157	1.488208	0	0	0	
77.4	24	19	49	59	2	-1496.964	12.63413	44.6556	0.09023631	0.1097646	1.488397	0	0	0	
77.428	24	19	49	59	2	-1496.833	12.76452	44.70941	0.09027191	0.1097845	1.488583	0	0	0	
77.468	24	19	49	59	2	-1496.626	12.97066	44.79342	0.09033024	0.1098991	1.488844	0	0	0	
77.508	24	19	49	59	2	-1496.436	13.15935	44.86921	0.09037146	0.1099249	1.489096	0	0	0	
77.548	24	19	49	59	2	-1496.245	13.34928	44.94447	0.09034985	0.1097162	1.489326	0	0	0	
77.576	24	19	49	59	2	-1496.13	13.46384	44.98936	0.09029585	0.1095644	1.489489	0	0	0	
77.6	24	19	49	59	2	-1495.995	13.59804	45.04148	0.09024823	0.1095273	1.489638	0	0	0	
77.636	24	19	49	59	2	-1495.821	13.77148	45.1081	0.09018776	0.1095533	1.489867	0	0	0	
77.668	24	19	49	59	2	-1495.665	13.92649	45.16695	0.09014963	0.1096056	1.490072	0	0	0	
77.7	24	19	49	59	2	-1495.509	14.08228	45.22544	0.09014281	0.109576	1.490262	0	0	0	
77.724	24	19	49	59	2	-1495.391	14.19964	45.26908	0.09015442	0.1095152	1.490402	0	0	0	
77.744	24	19	49	59	2	-1495.293	14.29777	45.3053	0.09017072	0.109472	1.490517	0	0	0	
77.776	24	19	49	59	2	-1495.154	14.43567	45.35577	0.09022011	0.109426	1.490704	0	0	0	
77.808	24	19	49	59	2	-1494.995	14.59401	45.41311	0.09028272	0.1094042	1.490898	0	0	0	
77.832	24	19	49	59	2	-1494.855	14.73319	45.463	0.0903093	0.1094322	1.491051	0	0	0	
77.856	24	19	50	0	2	-1494.735	14.85297	45.50554	0.09030843	0.1094559	1.491204	0	0	0	
77.88	24	19	50	0	2	-1494.635	14.95311	45.54084	0.09028168	0.1094383	1.491352	0	0	0	
77.904	24	19	50	0	2	-1494.513	15.07369	45.58303	0.09023236	0.1093555	1.491492	0	0	0	
77.924	24	19	50	0	2	-1494.392	15.1947	45.62501	0.09019399	0.1092458	1.491604	0	0	0	
77.94	24	19	50	0	2	-1494.311	15.27562	45.65289	0.09016978	0.1091624	1.491693	0	0	0	
77.964	24	19	50	0	2	-1494.189	15.39736	45.69454	0.0901352	0.1090754	1.491827	0	0	0	
77.992	24	19	50	0	2	-1494.046	15.53994	45.74288	0.09010713	0.1090746	1.491993	0	0	0	
78.012	24	19	50	0	2	-1493.943	15.64215	45.77725	0.09009629	0.1091224	1.492113	0	0	0	
78.032	24	19	50	0	2	-1493.861	15.72413	45.80464	0.09009737	0.109172	1.492235	0	0	0	
78.052	24	19	50	0	2	-1493.737	15.84746	45.84557	0.09011252	0.1092105	1.492355	0	0	0	
78.076	24	19	50	0	2	-1493.613	15.97123	45.88629	0.09014056	0.1092179	1.492496	0	0	0	
78.108	24	19	50	0	2	-1493.467	16.11617	45.93355	0.09017185	0.109096	1.492674	0	0	0	
78.144	24	19	50	0	2	-1493.259	16.32425	46.0006	0.09017781	0.1089184	1.492869	0	0	0	
78.172	24	19	50	0	2	-1493.112	16.47062	46.04721	0.09014485	0.1088771	1.493027	0	0	0	
78.196	24	19	50	0	2	-1492.986	16.59654	46.08695	0.09010757	0.1088944	1.493166	0	0	0	
78.224	24	19	50	0	2	-1492.859	16.7229	46.12649	0.09007864	0.1089233	1.493329	0	0	0	
78.24	24	19	50	0	2	-1492.753	16.82853	46.15928	0.09006351	0.1089293	1.493422	0	0	0	
78.264	24	19	50	0	2	-1492.626	16.95567	46.19846	0.09003677	0.1088953	1.493562	0	0	0	
78.296	24	19	50	0	2	-1492.455	17.12586	46.25039	0.09000442	0.1087495	1.493746	0	0	0	
78.332	24	19	50	0	2	-1492.262	17.31822	46.30839	0.08998017	0.1085511	1.493957	0	0	0	
78.352	24	19	50	1	2	-1492.176	17.40403	46.33402	0.08996376	0.1085276	1.494081	0	0	0	
78.384	24	19	50	1	2	-1492.003	17.57622	46.38504	0.08993907	0.1086125	1.494286	0	0	0	
78.416	24	19	50	1	2	-1491.808	17.77083	46.44201	0.08991742	0.1086552	1.494479	0	0	0	
78.448	24	19	50	1	2	-1491.634	17.94462	46.49228	0.08988476	0.1085721	1.494654	0	0	0	
78.464	24	19	50	1	2	-1491.547	18.03179	46.51728	0.08987026	0.108543	1.49474	0	0	0	
78.488	24	19	50	1	2	-1491.437	18.14103	46.54842	0.08985957	0.1085155	1.494867	0	0	0	
78.504	24	19	50	1	2	-1491.328	18.25056	46.57941	0.08985381	0.1084947	1.494953	0	0	0	
78.524	24	19	50	1	2	-1491.218	18.36038	46.61027	0.0898418	0.1084512	1.495059	0	0	0	
78.548	24	19	50	1	2	-1491.085	18.49256	46.64713	0.08982372	0.1083881	1.495184	0	0	0	
78.568	24	19	50	1	2	-1490.975	18.60303	46.67769	0.08980357	0.1083563	1.495289	0	0	0	
78.592	24	19	50	1	2	-1490.841	18.73598	46.71419	0.08978318	0.1083272	1.495414	0	0	0	
78.612	24	19	50	1	2	-1490.752	18.82485	46.73841	0.08978091	0.108315	1.495516	0	0	0	
78.632	24	19	50	1	2	-1490.619	18.9585	46.77459	0.08978508	0.108317	1.495618	0	0	0	
78.652	24	19	50	1	2	-1490.529	19.04783	46.79859	0.08978124	0.1083336	1.49572	0	0	0	
78.676	24	19	50	1	2	-1490.395	19.18219	46.83445	0.08976309	0.1083528	1.495844	0	0	0	
78.696	24	19	50	1	2	-1490.282	19.29447	46.86418	0.08974475	0.1083338	1.495948	0	0	0	
78.712	24	19	50	1	2	-1490.169	19.40704	46.89377	0.08972893	0.1082626	1.496048	0	0	0	
78.736	24	19	50	1	2	-1490.056	19.5199	46.92323	0.08971916	0.1081786	1.496146	0	0	0	
78.76	24	19	50	1	2	-1489.898	19.6784	46.96425	0.08970772	0.1080837	1.496262	0	0	0	
78.78	24	19	50	1	2	-1489.784	19.79195	46.99339	0.0896966	0.1080531	1.496361	0	0	0	
78.8	24	19	50	2	2	-1489.67	19.9058	47.0224	0.08968786	0.108071	1.496462	0	0	0	
78.836	24	19	50	2	2	-1489.464	20.11146	47.07427	0.08966357	0.1080861	1.496638	0	0	0	
78.868	24	19	50	2	2	-1489.281	20.29505	47.12001	0.08963971	0.107998	1.496782	0	0	0	
78.888	24	19	50	2	2	-1489.188	20.38712	47.14276	0.08963859	0.1079389	1.49687	0	0	0	
78.92	24	19	50	2	2	-1489.004	20.57182	47.188	0.08963332	0.1078625	1.497011	0	0	0	
78.94	24	19	50	2	2	-1488.865	20.71083	47.22171	0.08962381	0.1078443	1.497099	0	0	0	
78.972	24	19	50	2	2	-1488.678	20.89681	47.26636	0.08958865	0.1078114	1.497245	0	0	0	
78.996	24	19	50	2	2	-1488.538	21.03678	47.29963	0.08954464	0.1077203	1.497353	0	0	0	
79.008	24	19	50	2	2	-1488.351	21.22404	47.34369	0.08946705	0.107577	1.497501	0	0	0	
79.008	24	19	50	2	2	-1488.187	21.3885	47.38197	0.08941235	0.1075769	1.49764	0	0	0	
79.008	24	19	50	2	2	-1488.022	21.55352	47.42	0.08937131	0.1076519	1.49779	0	0	0	
79.008	24	19	50	2	2	-1487.832	21.74279	47.46315	0.08935203	0.1076462	1.497975	0	0	0	
79.008	24	19	50	2	2	-1487.619	21.9566	47.51129	0.08936297	0.1075106	1.498132	0	0	0	
79.008	24	19	50	2	2	-1487.404	22.17132	47.55901	0.08938424	0.1074114	1.498304	0	0	0	
79.008	24	19	50	2	2	-1487.236	22.33896	47.59585	0.08938481	0.1074174	1.498447	0	0	0	
79.008	24	19	50	2	2	-1487.02	22.55531	47.64284	0.08936936	0.107421	1.498586	0	0	0	
79.008	24	19	50	2	2	-1486.851	22.72422	47.6791	0.08936259	0.1073772	1.498706	0	0	0	
79.008	24	19	50	2	2	-1486.682	22.89368	47.71511	0.08935739	0.1073696	1.498834	0	0	0	
79.008	24	19	50	2	2	-1486.536	23.03937	47.74578	0.08934803	0.1073834	1.498948	0	0	0	
79.008	24	19	50	2	2	-1486.366	23.20986	47.78132	0.08931888	0.1073814	1.499078	0	0	0	
79.008	24	19	50	3	2	-1486.195	23.38089	47.81663	0.08927973	0.1073015	1.499222	0	0	0	
79.008	24	19	50	3	2	-1486.048	23.52793	47.84669	0.08924936	0.1071911	1.499308	0	0	0	
79.008	24	19	50	3	2	-1485.876	23.69998	47.88153	0.08918625	0.1070101	1.499447	0	0	0	
79.008	24	19	50	3	2	-1485.679	23.89729	47.92106	0.08911892	0.1069609	1.499577	0	0	0	
79.008	24	19	50	3	2	-1485.457	24.12011	47.96514	0.0890466	0.1070435	1.49976	0	0	0	
79.008	24	19	50	3	2	-1485.283	24.29405	47.99915	0.08902351	0.1070637	1.499905	0	0	0	
79.008	24	19	50	3	2	-1485.084	24.49349	48.03773	0.08903768	0.1069483	1.50006	0	0	0	
79.008	24	19	50	3	2	-1484.909	24.66859	48.07122	0.08908125	0.1068476	1.500192	0	0	0	
79.008	24	19	50	3	2	-1484.758	24.8191	48.09973	0.08912806	0.1067973	1.500331	0	0	0	
79.008	24	19	50	3	2	-1484.532	25.04563	48.14217	0.08914911	0.1067913	1.500495	0	0	0	
79.008	24	19	50	3	2	-1484.331	25.24773	48.17957	0.08911874	0.106811	1.500683	0	0	0	
79.008	24	19	50	3	2	-1484.128	25.45054	48.21665	0.08904968	0.1067608	1.500842	0	0	0	
79.008	24	19	50	3	2	-1483.95	25.62858	48.24884	0.08898592	0.1067101	1.500958	0	0	0	
79.008	24	19	50	3	2	-1483.772	25.80716	48.2808	0.08890879	0.1066653	1.501094	0	0	0	
79.008	24	19	50	3	2	-1483.619	25.96066	48.308	0.08884156	0.106613	1.501209	0	0	0	
79.008	24	19	50	3	2	-1483.491	26.08887	48.33054	0.08877765	0.1065256	1.501319	0	0	0	
79.008	24	19	50	3	2	-1483.337	26.24309	48.35743	0.08873113	0.1064353	1.501424	0	0	0	
79.008	24	19	50	3	2	-1483.106	26.47516	48.39744	0.08870992	0.106362	1.501562	0	0	0	
79.008	24	19	50	3	2	-1482.873	26.70811	48.43707	0.08875581	0.1063234	1.501728	0	0	0	
79.008	24	19	50	3	2	-1482.666	26.91592	48.47197	0.08883492	0.1063399	1.501902	0	0	0	
79.008	24	19	50	4	2	-1482.51	27.07223	48.49795	0.08886355	0.1063426	1.501994	0	0	0	
79.008	24	19	50	4	2	-1482.328	27.25509	48.52804	0.08886953	0.1063341	1.502134	0	0	0	
79.008	24	19	50	4	2	-1482.145	27.43848	48.55791	0.08882597	0.1062188	1.502244	0	0	0	
79.008	24	19	50	4	2	-1481.988	27.5961	48.58333	0.08876299	0.1060618	1.502329	0	0	0	
79.008	24	19	50	4	2	-1481.725	27.85965	48.62532	0.08865526	0.1059158	1.502462	0	0	0	
79.008	24	19	50	4	2	-1481.514	28.07128	48.65859	0.08856405	0.1059602	1.502593	0	0	0	
79.008	24	19	50	4	2	-1481.276	28.31018	48.69567	0.08850607	0.1061015	1.502773	0	0	0	
79.008	24	19	50	4	2	-1481.063	28.52327	48.72832	0.08849368	0.1060581	1.502893	0	0	0	
79.008	24	19	50	4	2	-1480.797	28.79059	48.76872	0.08848709	0.1057907	1.503052	0	0	0	
79.008	24	19	50	4	2	-1480.529	29.05899	48.80867	0.08849706	0.1056856	1.503225	0	0	0	
79.008	24	19	50	4	2	-1480.288	29.30146	48.84425	0.0884706	0.1058106	1.503402	0	0	0	
79.008	24	19	50	4	2	-1480.153	29.43654	48.86386	0.08842354	0.1058948	1.50352	0	0	0	
79.008	24	19	50	4	2	-1479.937	29.65322	48.895	0.08833098	0.10583	1.503665	0	0	0	
79.008	24	19	50	4	2	-1479.694	29.8978	48.9297	0.08824726	0.1056636	1.503822	0	0	0	
79.008	24	19	50	4	2	-1479.422	30.17057	48.96784	0.08818761	0.10551	1.504004	0	0	0	
79.008	24	19	50	4	2	-1479.149	30.4444	49.00555	0.0882004	0.1054419	1.504179	0	0	0	
79.008	24	19	50	4	2	-1479.012	30.58171	49.02423	0.08823922	0.1053934	1.504291	0	0	0	
79.008	24	19	50	4	2	-1478.821	30.77438	49.05022	0.08828661	0.1053635	1.504404	0	0	0	
79.008	24	19	50	4	2	-1478.573	31.02287	49.08332	0.08831564	0.1053835	1.504601	0	0	0	
79.008	24	19	50	4	2	-1478.352	31.24447	49.11245	0.08828045	0.1053891	1.504738	0	0	0	
79.008	24	19	50	5	2	-1478.159	31.43891	49.13771	0.08822054	0.1053358	1.504876	0	0	0	
79.008	24	19	50	5	2	-1477.993	31.60599	49.15921	0.08816933	0.1052867	1.504996	0	0	0	
79.008	24	19	50	5	2	-1477.826	31.77345	49.18055	0.08812003	0.1052808	1.505122	0	0	0	
79.008	24	19	50	5	2	-1477.631	31.96929	49.20525	0.08807143	0.1052806	1.505273	0	0	0	
79.008	24	19	50	5	2	-1477.463	32.13756	49.22626	0.08803526	0.1052211	1.505395	0	0	0	
79.008	24	19	50	5	2	-1477.296	32.30621	49.24712	0.08800488	0.1051097	1.505535	0	0	0	
79.008	24	19	50	5	2	-1477.099	32.50344	49.27127	0.08797846	0.1050507	1.50566	0	0	0	
79.008	24	19	50	5	2	-1476.903	32.70118	49.29522	0.08794797	0.1050242	1.505839	0	0	0	
79.008	24	19	50	5	2	-1476.79	32.81441	49.30881	0.08793283	0.1050143	1.505931	0	0	0	
79.008	24	19	50	5	2	-1476.79	32.81441	49.30881	0.08793283	0.1050143	1.505931	0	0	0	
79.008	24	19	50	5	2	-1476.79	32.81441	49.30881	0.08793283	0.1050143	1.505931	0	0	0	
79.008	24	19	50	5	2	-1476.79	32.81441	49.30881	0.08793283	0.1050143	1.505931	0	0	0	
79.008	24	19	50	5	2	-1476.79	32.81441	49.30881	0.08793283	0.1050143	1.505931	0	0	0	
79.008	24	19	50	5	2	-1476.79	32.81441	49.30881	0.08793283	0.1050143	1.505931	0	0	0	
79.008	24	19	50	5	2	-1476.79	32.81441	49.30881	0.08793283	0.1050143	1.505931	0	0	0	
79.008	24	19	50	5	2	-1476.79	32.81441	49.30881	0.08793283	0.1050143	1.505931	0	0	0	
79.008	24	19	50	5	2	-1476.79	32.81441	49.30881	0.08793283	0.1050143	1.505931	0	0	0	
79.008	24	19	50	5	2	-1476.79	32.81441	49.30881	0.08793283	0.1050143	1.505931	0	0	0	
79.008	24	19	50	5	2	-1476.79	32.81441	49.30881	0.08793283	0.1050143	1.505931	0	0	0	
79.008	24	19	50	5	2	-1476.79	32.81441	49.30881	0.08793283	0.1050143	1.505931	0	0	0	
79.008	24	19	50	6	2	-1476.79	32.81441	49.30881	0.08793283	0.1050143	1.505931	0	0	0	
79.008	24	19	50	6	2	-1476.79	32.81441	49.30881	0.08793283	0.1050143	1.505931	0	0	0	
79.008	24	19	50	6	2	-1476.79	32.81441	49.30881	0.08793283	0.1050143	1.505931	0	0	0	
79.008	24	19	50	6	2	-1476.79	32.81441	49.30881	0.08793283	0.1050143	1.505931	0	0	0	
79.008	24	19	50	6	2	-1476.79	32.81441	49.30881	0.08793283	0.1050143	1.505931	0	0	0	
79.008	24	19	50	6	2	-1476.79	32.81441	49.30881	0.08793283	0.1050143	1.505931	0	0	0	
79.008	24	19	50	6	2	-1476.79	32.81441	49.30881	0.08793283	0.1050143	1.505931	0	0	0	
79.008	24	19	50	6	2	-1476.79	32.81441	49.30881	0.08793283	0.1050143	1.505931	0	0	0	
79.008	24	19	50	6	2	-1476.79	32.81441	49.30881	0.08793283	0.1050143	1.505931	0	0	0	
79.008	24	19	50	6	2	-1476.79	32.81441	49.30881	0.08793283	0.1050143	1.505931	0	0	0	
79.008	24	19	50	6	2	-1476.79	32.81441	49.30881	0.08793283	0.1050143	1.505931	0	0	0	
79.008	24	19	50	6	2	-1476.79	32.81441	49.30881	0.08793283	0.1050143	1.505931	0	0	0	
79.008	24	19	50	6	2	-1476.79	32.81441	49.30881	0.08793283	0.1050143	1.505931	0	0	0	
79.008	24	19	50	6	2	-1476.79	32.81441	49.30881	0.08793283	0.1050143	1.505931	0	0	0	
79.008	24	19	50	6	2	-1476.79	32.81441	49.30881	0.08793283	0.1050143	1.505931	0	0	0	
79.008	24	19	50	6	2	-1476.79	32.81441	49.30881	0.08793283	0.1050143	1.505931	0	0	0	
79.008	24	19	50	6	2	-1476.79	32.81441	49.30881	0.08793283	0.1050143	1.505931	0	0	0	
79.008	24	19	50	6	2	-1476.79	32.81441	49.30881	0.08793283	0.1050143	1.505931	0	0	0	
79.008	24	19	50	6	2	-1476.79	32.81441	49.30881	0.08793283	0.1050143	1.505931	0	0	0	
79.008	24	19	50	6	2	-1476.79	32.81441	49.30881	0.08793283	0.1050143	1.505931	0	0	0	
79.008	24	19	50	7	2	-1476.79	32.81441	49.30881	0.08793283	0.1050143	1.505931	0	0	0	
79.008	24	19	50	7	2	-1476.79	32.81441	49.30881	0.08793283	0.1050143	1.505931	0	0	0	
79.008	24	19	50	7	2	-1476.79	32.81441	49.30881	0.08793283	0.1050143	1.505931	0	0	0	
79.008	24	19	50	7	2	-1476.79	32.81441	49.30881	0.08793283	0.1050143	1.505931	0	0	0	
79.008	24	19	50	7	2	-1476.79	32.81441	49.30881	0.08793283	0.1050143	1.505931	0	0	0	
79.008	24	19	50	7	2	-1476.79	32.81441	49.30881	0.08793283	0.1050143	1.505931	0	0	0	
79.008	24	19	50	7	2	-1476.79	32.81441	49.30881	0.08793283	0.1050143	1.505931	0	0	0	
79.008	24	19	50	7	2	-1476.79	32.81441	49.30881	0.08793283	0.1050143	1.505931	0	0	0	
79.008	24	19	50	7	2	-1476.79	32.81441	49.30881	0.08793283	0.1050143	1.505931	0	0	0	
79.008	24	19	50	7	2	-1476.79	32.81441	49.30881	0.08793283	0.1050143	1.505931	0	0	0	
79.008	24	19	50	7	2	-1476.79	32.81441	49.30881	0.08793283	0.1050143	1.505931	0	0	0	
79.008	24	19	50	7	2	-1476.79	32.81441	49.30881	0.08793283	0.1050143	1.505931	0	0	0	
79.008	24	19	50	7	2	-1476.79	32.81441	49.30881	0.08793283	0.1050143	1.505931	0	0	0	
79.008	24	19	50	7	2	-1476.79	32.81441	49.30881	0.08793283	0.1050143	1.505931	0	0	0	
79.008	24	19	50	7	2	-1476.79	32.81441	49.30881	0.08793283	0.1050143	1.505931	0	0	0	
79.008	24	19	50	7	2	-1476.79	32.81441	49.30881	0.08793283	0.1050143	1.505931	0	0	0	
79.008	24	19	50	7	2	-1476.79	32.81441	49.30881	0.08793283	0.1050143	1.505931	0	0	0	
79.008	24	19	50	7	2	-1476.79	32.81441	49.30881	0.08793283	0.1050143	1.505931	0	0	0	
79.008	24	19	50	7	2	-1476.79	32.81441	49.30881	0.08793283	0.1050143	1.505931	0	0	0	
79.008	24	19	50	7	2	-1476.79	32.81441	49.30881	0.08793283	0.1050143	1.505931	0	0	0	
79.008	24	19	50	8	2	-1476.79	32.81441	49.30881	0.08793283	0.1050143	1.505931	0	0	0	
79.008	24	19	50	8	2	-1476.79	32.81441	49.30881	0.08793283	0.1050143	1.505931	0	0	0	
79.008	24	19	50	8	2	-1476.79	32.81441	49.30881	0.08793283	0.1050143	1.505931	0	0	0	
79.008	24	19	50	8	2	-1476.79	32.81441	49.30881	0.08793283	0.1050143	1.505931	0	0	0	
79.008	24	19	50	8	2	-1476.79	32.81441	49.30881	0.08793283	0.1050143	1.505931	0	0	0	
79.008	24	19	50	8	2	-1476.79	32.81441	49.30881	0.08793283	0.1050143	1.505931	0	0	0	
79.008	24	19	50	8	2	-1476.79	32.81441	49.30881	0.08793283	0.1050143	1.505931	0	0	0	
79.008	24	19	50	8	2	-1476.79	32.81441	49.30881	0.08793283	0.1050143	1.505931	0	0	0	
79.008	24	19	50	8	2	-1476.79	32.81441	49.30881	0.08793283	0.1050143	1.505931	0	0	0	
79.008	24	19	50	8	2	-1476.79	32.81441	49.30881	0.08793283	0.1050143	1.505931	0	0	0	
79.008	24	19	50	8	2	-1476.79	32.81441	49.30881	0.08793283	0.1050143	1.505931	0	0	0	
79.008	24	19	50	8	2	-1476.79	32.81441	49.30881	0.08793283	0.1050143	1.505931	0	0	0	
79.008	24	19	50	8	2	-1476.79	32.81441	49.30881	0.08793283	0.1050143	1.505931	0	0	0	
79.008	24	19	50	8	2	-1476.79	32.81441	49.30881	0.08793283	0.1050143	1.505931	0	0	0	
79.008	24	19	50	8	2	-1476.79	32.81441	49.30881	0.08793283	0.1050143	1.505931	0	0	0	
79.008	24	19	50	8	2	-1476.79	32.81441	49.30881	0.08793283	0.1050143	1.505931	0	0	0	
79.008	24	19	50	8	2	-1476.79	32.81441	49.30881	0.08793283	0.1050143	1.505931	0	0	0	
79.008	24	19	50	8	2	-1476.79	32.81441	49.30881	0.08793283	0.1050143	1.505931	0	0	0	
79.008	24	19	50	8	2	-1476.79	32.81441	49.30881	0.08793283	0.1050143	1.505931	0	0	0	
79.008	24	19	50	8	2	-1476.79	32.81441	49.30881	0.08793283	0.1050143	1.505931	0	0	0	
79.008	24	19	50	9	2	-1476.79	32.81441	49.30881	0.08793283	0.1050143	1.505931	0	0	0	
79.008	24	19	50	9	2	-1476.79	32.81441	49.30881	0.08793283	0.1050143	1.505931	0	0	0	
79.008	24	19	50	9	2	-1476.79	32.81441	49.30881	0.08793283	0.1050143	1.505931	0	0	0	
79.008	24	19	50	9	2	-1476.79	32.81441	49.30881	0.08793283	0.1050143	1.505931	0	0	0	
79.008	24	19	50	9	2	-1476.79	32.81441	49.30881	0.08793283	0.1050143	1.505931	0	0	0	
79.008	24	19	50	9	2	-1476.79	32.81441	49.30881	0.08793283	0.1050143	1.505931	0	0	0	
79.008	24	19	50	9	2	-1476.79	32.81441	49.30881	0.08793283	0.1050143	1.505931	0	0	0	
79.008	24	19	50	9	2	-1476.79	32.81441	49.30881	0.08793283	0.1050143	1.505931	0	0	0	
79.008	24	19	50	9	2	-1476.79	32.81441	49.30881	0.08793283	0.1050143	1.505931	0	0	0	
79.008	24	19	50	9	2	-1476.79	32.81441	49.30881	0.08793283	0.1050143	1.505931	0	0	0	
79.008	24	19	50	9	2	-1476.79	32.81441	49.30881	0.08793283	0.1050143	1.505931	0	0	0	
79.008	24	19	50	9	2	-1476.79	32.81441	49.30881	0.08793283	0.1050143	1.505931	0	0	0	
79.008	24	19	50	9	2	-1476.79	32.81441	49.30881	0.08793283	0.1050143	1.505931	0	0	0	
79.008	24	19	50	9	2	-1476.79	32.81441	49.30881	0.08793283	0.1050143	1.505931	0	0	0	
79.008	24	19	50	9	2	-1476.79	32.81441	49.30881	0.08793283	0.1050143	1.505931	0	0	0	
79.008	24	19	50	9	2	-1476.79	32.81441	49.30881	0.08793283	0.1050143	1.505931	0	0	0	
79.008	24	19	50	9	2	-1476.79	32.81441	49.30881	0.08793283	0.1050143	1.505931	0	0	0	
79.008	24	19	50	9	2	-1476.79	32.81441	49.30881	0.08793283	0.1050143	1.505931	0	0	0	
79.008	24	19	50	9	2	-1476.79	32.81441	49.30881	0.08793283	0.1050143	1.505931	0	0	0	
79.008	24	19	50	9	2	-1476.79	32.81441	49.30881	0.08793283	0.1050143	1.505931	0	0	0	
79.008	24	19	50	10	2	-1476.79	32.81441	49.30881	0.08793283	0.1050143	1.505931	0	0	0	
79.008	24	19	50	10	2	-1476.79	32.81441	49.30881	0.08793283	0.1050143	1.505931	0	0	0	
79.008	24	19	50	10	2	-1476.79	32.81441	49.30881	0.08793283	0.1050143	1.505931	0	0	0	
79.008	24	19	50	10	2	-1476.79	32.81441	49.30881	0.08793283	0.1050143	1.505931	0	0	0	
79.008	24	19	50	10	2	-1476.79	32.81441	49.30881	0.08793283	0.1050143	1.505931	0	0	0	
79.008	24	19	50	10	2	-1476.79	32.81441	49.30881	0.08793283	0.1050143	1.505931	0	0	0	
79.008	24	19	50	10	2	-1476.79	32.81441	49.30881	0.08793283	0.1050143	1.505931	0	0	0	
79.008	24	19	50	10	2	-1476.79	32.81441	49.30881	0.08793283	0.1050143	1.505931	0	0	0	
79.008	24	19	50	10	2	-1476.79	32.81441	49.30881	0.08793283	0.1050143	1.505931	0	0	0	
79.008	24	19	50	10	2	-1476.79	32.81441	49.30881	0.08793283	0.1050143	1.505931	0	0	0	
79.008	24	19	50	10	2	-1476.79	32.81441	49.30881	0.08793283	0.1050143	1.505931	0	0	0	
79.008	24	19	50	10	2	-1476.79	32.81441	49.30881	0.08793283	0.1050143	1.505931	0	0	0	
79.008	24	19	50	10	2	-1476.79	32.81441	49.30881	0.08793283	0.1050143	1.505931	0	0	0	
79.008	24	19	50	10	2	-1476.79	32.81441	49.30881	0.08793283	0.1050143	1.505931	0	0	0	
79.008	24	19	50	10	2	-1476.79	32.81441	49.30881	0.08793283	0.1050143	1.505931	0	0	0	
79.008	24	19	50	10	2	-1476.79	32.81441	49.30881	0.08793283	0.1050143	1.505931	0	0	0	
79.008	24	19	50	10	2	-1476.79	32.81441	49.30881	0.08793283	0.1050143	1.505931	0	0	0	
79.008	24	19	50	10	2	-1476.79	32.81441	49.30881	0.08793283	0.1050143	1.505931	0	0	0	
79.008	24	19	50	10	2	-1476.79	32.81441	49.30881	0.08793283	0.1050143	1.505931	0	0	0	
79.008	24	19	50	10	2	-1476.79	32.81441	49.30881	0.08793283	0.1050143	1.505931	0	0	0	
79.008	24	19	50	11	2	-1476.79	32.81441	49.30881	0.08793283	0.1050143	1.505931	0	0	0	
79.008	24	19	50	11	2	-1476.79	32.81441	49.30881	0.08793283	0.1050143	1.505931	0	0	0	
79.008	24	19	50	11	2	-1476.79	32.81441	49.30881	0.08793283	0.1050143	1.505931	0	0	0	
79.008	24	19	50	11	2	-1476.79	32.81441	49.30881	0.08793283	0.1050143	1.505931	0	0	0	
79.008	24	19	50	11	2	-1476.79	32.81441	49.30881	0.08793283	0.1050143	1.505931	0	0	0	
79.008	24	19	50	11	2	-1476.79	32.81441	49.30881	0.08793283	0.1050143	1.505931	0	0	0	
79.008	24	19	50	11	2	-1476.79	32.81441	49.30881	0.08793283	0.1050143	1.505931	0	0	0	
79.008	24	19	50	11	2	-1476.79	32.81441	49.30881	0.08793283	0.1050143	1.505931	0	0	0	
79.008	24	19	50	11	2	-1476.79	32.81441	49.30881	0.08793283	0.1050143	1.505931	0	0	0	
79.008	24	19	50	11	2	-1476.79	32.81441	49.30881	0.08793283	0.1050143	1.505931	0	0	0	
79.008	24	19	50	11	2	-1476.79	32.81441	49.30881	0.08793283	0.1050143	1.505931	0	0	0	
79.008	24	19	50	11	2	-1476.79	32.81441	49.30881	0.08793283	0.1050143	1.505931	0	0	0	
79.008	24	19	50	11	2	-1476.79	32.81441	49.30881	0.08793283	0.1050143	1.505931	0	0	0	
79.008	24	19	50	11	2	-1476.79	32.81441	49.30881	0.08793283	0.1050143	1.505931	0	0	0	
79.008	24	19	50	11	2	-1476.79	32.81441	49.30881	0.08793283	0.1050143	1.505931	0	0	0	
79.008	24	19	50	11	2	-1476.79	32.81441	49.30881	0.08793283	0.1050143	1.505931	0	0	0	
79.008	24	19	50	11	2	-1476.79	32.81441	49.30881	0.08793283	0.1050143	1.505931	0	0	0	
79.008	24	19	50	11	2	-1476.79	32.81441	49.30881	0.08793283	0.1050143	1.505931	0	0	0	
79.008	24	19	50	11	2	-1476.79	32.81441	49.30881	0.08793283	0.1050143	1.505931	0	0	0	
79.008	24	19	50	11	2	-1476.79	32.81441	49.30881	0.08793283	0.1050143	1.505931	0	0	0	
79.008	24	19	50	12	2	-1476.79	32.81441	49.30881	0.08793283	0.1050143	1.505931	0	0	0	
79.008	24	19	50	12	2	-1476.79	32.81441	49.30881	0.08793283	0.1050143	1.505931	0	0	0	
79.008	24	19	50	12	2	-1476.79	32.81441	49.30881	0.08793283	0.1050143	1.505931	0	0	0	
79.008	24	19	50	12	2	-1476.79	32.81441	49.30881	0.08793283	0.1050143	1.505931	0	0	0	
79.008	24	19	50	12	2	-1476.79	32.81441	49.30881	0.08793283	0.1050143	1.505931	0	0	0	
79.008	24	19	50	12	2	-1476.79	32.81441	49.30881	0.08793283	0.1050143	1.505931	0	0	0	
79.008	24	19	50	12	2	-1476.79	32.81441	49.30881	0.08793283	0.1050143	1.505931	0	0	0	
79.008	24	19	50	12	2	-1476.79	32.81441	49.30881	0.08793283	0.1050143	1.505931	0	0	0	
79.008	24	19	50	12	2	-1476.79	32.81441	49.30881	0.08793283	0.1050143	1.505931	0	0	0	
79.008	24	19	50	12	2	-1476.79	32.81441	49.30881	0.08793283	0.1050143	1.505931	0	0	0	
79.008	24	19	50	12	2	-1476.79	32.81441	49.30881	0.08793283	0.1050143	1.505931	0	0	0	
79.008	24	19	50	12	2	-1476.79	32.81441	49.30881	0.08793283	0.1050143	1.505931	0	0	0	
79.008	24	19	50	12	2	-1476.79	32.81441	49.30881	0.08793283	0.1050143	1.505931	0	0	0	
79.008	24	19	50	12	2	-1476.79	32.81441	49.30881	0.08793283	0.1050143	1.505931	0	0	0	
79.008	24	19	50	12	2	-1476.79	32.81441	49.30881	0.08793283	0.1050143	1.505931	0	0	0	
79.008	24	19	50	12	2	-1476.79	32.81441	49.30881	0.08793283	0.1050143	1.505931	0	0	0	
79.008	24	19	50	12	2	-1476.79	32.81441	49.30881	0.08793283	0.1050143	1.505931	0	0	0	
79.008	24	19	50	12	2	-1476.79	32.81441	49.30881	0.08793283	0.1050143	1.505931	0	0	0	
79.008	24	19	50	12	2	-1476.79	32.81441	49.30881	0.08793283	0.1050143	1.505931	0	0	0	
79.008	24	19	50	12	2	-1476.79	32.81441	49.30881	0.08793283	0.1050143	1.505931	0	0	0	
79.008	24	19	50	13	2	-1476.79	32.81441	49.30881	0.08793283	0.1050143	1.505931	0	0	0	
79.008	24	19	50	13	2	-1476.79	32.81441	49.30881	0.08793283	0.1050143	1.505931	0	0	0	
79.008	24	19	50	13	2	-1476.79	32.81441	49.30881	0.08793283	0.1050143	1.505931	0	0	0	
79.008	24	19	50	13	2	-1476.79	32.81441	49.30881	0.08793283	0.1050143	1.505931	0	0	0	
79.008	24	19	50	13	2	-1476.79	32.81441	49.30881	0.08793283	0.1050143	1.505931	0	0	0	
79.008	24	19	50	13	2	-1476.79	32.81441	49.30881	0.08793283	0.1050143	1.505931	0	0	0	
79.008	24	19	50	13	2	-1476.79	32.81441	49.30881	0.08793283	0.1050143	1.505931	0	0	0	
79.008	24	19	50	13	2	-1476.79	32.81441	49.30881	0.08793283	0.1050143	1.505931	0	0	0	
79.008	24	19	50	13	2	-1476.79	32.81441	49.30881	0.08793283	0.1050143	1.505931	0	0	0	
79.008	24	19	50	13	2	-1476.79	32.81441	49.30881	0.08793283	0.1050143	1.505931	0	0	0	
79.008	24	19	50	13	2	-1476.79	32.81441	49.30881	0.08793283	0.1050143	1.505931	0	0	0	
79.008	24	19	50	13	2	-1476.79	32.81441	49.30881	0.08793283	0.1050143	1.505931	0	0	0	
79.008	24	19	50	13	2	-1476.79	32.81441	49.30881	0.08793283	0.1050143	1.505931	0	0	0	
79.008	24	19	50	13	2	-1476.79	32.81441	49.30881	0.08793283	0.1050143	1.505931	0	0	0	
79.008	24	19	50	13	2	-1476.79	32.81441	49.30881	0.08793283	0.1050143	1.505931	0	0	0	
79.008	24	19	50	13	2	-1476.79	32.81441	49.30881	0.08793283	0.1050143	1.505931	0	0	0	
79.008	24	19	50	13	2	-1476.79	32.81441	49.30881	0.08793283	0.1050143	1.505931	0	0	0	
79.008	24	19	50	13	2	-1476.79	32.81441	49.30881	0.08793283	0.1050143	1.505931	0	0	0	
79.008	24	19	50	13	2	-1476.79	32.81441	49.30881	0.08793283	0.1050143	1.505931	0	0	0	
79.008	24	19	50	13	2	-1476.79	32.81441	49.30881	0.08793283	0.1050143	1.505931	0	0	0	
79.008	24	19	50	14	2	-1476.79	32.81441	49.30881	0.08793283	0.1050143	1.505931	0	0	0	
79.008	24	19	50	14	2	-1476.79	32.81441	49.30881	0.08793283	0.1050143	1.505931	0	0	0	
79.008	24	19	50	14	2	-1476.79	32.81441	49.30881	0.08793283	0.1050143	1.505931	0	0	0	
