time	day	hour	min	sec	control_state	uav_pos_x	uav_pos_y	uav_pos_z	uav_roll	uav_pitch	uav_yaw	uav_vel_x	uav_vel_y	uav_vel_z	
0	24	19	49	24	0	0	0	0	0	0	0	0	0	0	
0	24	19	49	24	1	-1492	-1.574247e-07	4.2755	0	0	0	0	0	0	
0.024	24	19	49	24	1	-1492	-1.574247e-07	4.2755	0	0	0	0	0	0	
0.044	24	19	49	24	1	-1492	-1.574247e-07	4.2755	0	0	0	0	0	0	
0.056	24	19	49	24	1	-1492	-1.574247e-07	4.2755	0	0	0	0	0	0	
0.084	24	19	49	24	1	-1492	-2.773066e-06	4.275503	0	0	0	0	0	0	
0.108	24	19	49	24	1	-1492	-6.046275e-06	4.275512	0	0	0	0	0	0	
0.14	24	19	49	24	1	-1492	-3.91e-05	4.275534	0	0	0	0	0	0	
0.164	24	19	49	24	1	-1492	-8.749468e-05	4.275568	0	0	0	0	0	0	
0.184	24	19	49	24	1	-1492	-0.0001346073	4.275599	0	0	0	0	0	0	
0.204	24	19	49	24	1	-1492	-0.0001823491	4.275632	0	0	0	0	0	0	
0.224	24	19	49	24	1	-1492	-0.0002275278	4.275665	0	0	0	0	0	0	
0.24	24	19	49	25	1	-1492	-0.0002575519	4.27569	0	0	0	0	0	0	
0.264	24	19	49	25	1	-1492	-0.0002979141	4.275725	0	0	0	0	0	0	
0.284	24	19	49	25	1	-1492	-0.0003397899	4.275754	0	0	0	0	0	0	
0.304	24	19	49	25	1	-1491.999	-0.0003886236	4.275784	0	0	0	0	0	0	
0.332	24	19	49	25	1	-1491.999	-0.0004614386	4.275824	0	0	0	0	0	0	
0.34	24	19	49	25	1	-1491.999	-0.0004816783	4.275836	-0.0007829124	0.000636182	-0.0007642223	0	0	0	
0.364	24	19	49	25	1	-1491.999	-0.0005497839	4.275918	-0.0005032981	0.0009810706	-0.0008120367	0	0	0	
0.384	24	19	49	25	1	-1491.999	-0.000609527	4.276295	-8.162644e-05	0.001229747	-0.0008471907	0	0	0	
0.408	24	19	49	25	1	-1491.999	-0.0006672441	4.277098	0.0003394655	0.001243933	-0.0008845281	0	0	0	
0.424	24	19	49	25	1	-1491.999	-0.0007197915	4.278355	0.0004379508	0.0008713453	-0.0009084015	0	0	0	
0.44	24	19	49	25	1	-1491.999	-0.0007586503	4.27969	0.0004060236	8.198152e-05	-0.0009302586	0	0	0	
0.472	24	19	49	25	1	-1491.999	-0.0008348059	4.282729	0.0005504543	-0.001100103	-0.0009721115	0	0	0	
0.5	24	19	49	25	1	-1491.998	-0.0009176873	4.286648	0.0007932235	-0.0006219984	-0.0009900596	0	0	0	
0.524	24	19	49	25	1	-1491.998	-0.001011596	4.291437	0.00111633	0.0006026525	-0.0009869148	0	0	0	
0.536	24	19	49	25	1	-1491.998	-0.001048758	4.293753	0.00107702	0.001195121	-0.0009828071	0	0	0	
0.56	24	19	49	25	1	-1491.998	-0.001115306	4.298855	0.0005703262	0.001796356	-0.0009698719	0	0	0	
0.58	24	19	49	25	1	-1491.998	-0.001156652	4.3026	-8.874917e-05	0.00178587	-0.0009584877	0	0	0	
0.596	24	19	49	25	1	-1491.997	-0.001208332	4.307661	-0.0005864184	0.001250786	-0.0009490658	0	0	0	
0.624	24	19	49	25	1	-1491.997	-0.001282285	4.31429	-0.0008299475	0.0001879693	-0.000931619	0	0	0	
0.644	24	19	49	25	1	-1491.997	-0.001358073	4.321518	-0.0008191873	-0.0003089605	-0.0009186054	0	0	0	
0.668	24	19	49	26	1	-1491.997	-0.001442004	4.329338	-0.0003567406	-2.220034e-05	-0.0009050517	0	0	0	
0.704	24	19	49	26	1	-1491.996	-0.001588471	4.342159	0.001131041	0.001209555	-0.0008939022	0	0	0	
0.724	24	19	49	26	1	-1491.996	-0.00167822	4.349841	0.002066988	0.001072626	-0.0008902853	0	0	0	
0.752	24	19	49	26	1	-1491.996	-0.001821746	4.361256	0.003456224	0.0005414499	-0.0008943588	0	0	0	
0.788	24	19	49	26	1	-1491.995	-0.002040785	4.377049	0.004923262	0.001282171	-0.000919949	0	0	0	
0.812	24	19	49	26	1	-1491.995	-0.002204548	4.388266	0.00525373	0.001814424	-0.0009370454	0	0	0	
0.824	24	19	49	26	1	-1491.995	-0.002290728	4.394079	0.005152494	0.001624299	-0.0009469235	0	0	0	
0.852	24	19	49	26	1	-1491.994	-0.002506971	4.408161	0.004402028	0.000530207	-0.0009745779	0	0	0	
0.872	24	19	49	26	1	-1491.994	-0.002675438	4.418663	0.0035606	-4.3422e-05	-0.0009932482	0	0	0	
0.892	24	19	49	26	1	-1491.994	-0.002854576	4.429529	0.002569179	-0.0003897723	-0.001011249	0	0	0	
0.916	24	19	49	26	1	-1491.993	-0.003080948	4.443044	0.001297823	8.584167e-05	-0.00102678	0	0	0	
0.936	24	19	49	26	1	-1491.993	-0.00327869	4.454698	0.0003398811	0.0004320517	-0.00103163	0	0	0	
0.96	24	19	49	26	1	-1491.993	-0.003524351	4.469149	-0.0005675436	0.0008775338	-0.001028774	0	0	0	
0.992	24	19	49	26	1	-1491.992	-0.003857107	4.489193	-0.001369136	0.001558097	-0.001018376	0	0	0	
1.012	24	19	49	26	1	-1491.992	-0.004062353	4.502163	-0.001704954	0.00165281	-0.001009352	0	0	0	
1.032	24	19	49	26	1	-1491.991	-0.004266065	4.515469	-0.001833705	0.001382925	-0.0009959129	0	0	0	
1.06	24	19	49	26	1	-1491.991	-0.004557226	4.534653	-0.001351395	0.0007432813	-0.0009708229	0	0	0	
1.08	24	19	49	26	1	-1491.99	-0.004761364	4.548749	-0.0008775164	0.0005119171	-0.0009538413	0	0	0	
1.108	24	19	49	26	1	-1491.99	-0.005038221	4.569021	-0.0003003962	0.0002262086	-0.0009311631	0	0	0	
1.128	24	19	49	26	1	-1491.989	-0.005230212	4.583884	-9.471822e-06	-0.0003691931	-0.0009165684	0	0	0	
1.152	24	19	49	27	1	-1491.989	-0.005462362	4.602134	0.0004128142	-0.001434455	-0.0009076693	0	0	0	
1.18	24	19	49	27	1	-1491.988	-0.005736588	4.62399	0.0009228066	-0.001985565	-0.0008955689	0	0	0	
1.216	24	19	49	27	1	-1491.988	-0.006052844	4.652963	1.339311e-05	-0.0007286068	-0.0008822058	0	0	0	
1.248	24	19	49	27	1	-1491.987	-0.006300439	4.679526	-0.001925687	0.001456421	-0.0008778895	0	0	0	
1.276	24	19	49	27	1	-1491.986	-0.006495743	4.703385	-0.003770393	0.00300465	-0.0008805069	0	0	0	
1.3	24	19	49	27	1	-1491.986	-0.006660597	4.724285	-0.004596529	0.003501366	-0.0008838003	0	0	0	
1.328	24	19	49	27	1	-1491.985	-0.006854344	4.749182	-0.004296819	0.002973163	-0.0008904964	0	0	0	
1.344	24	19	49	27	1	-1491.985	-0.006932164	4.760019	-0.003801586	0.001910721	-0.0008951888	0	0	0	
1.364	24	19	49	27	1	-1491.984	-0.007086331	4.781994	-0.002725305	-0.0002433918	-0.0008998501	0	0	0	
1.392	24	19	49	27	1	-1491.983	-0.007265793	4.808126	-0.0005938667	-0.002927368	-0.0009176535	0	0	0	
1.428	24	19	49	27	1	-1491.983	-0.007471649	4.838633	0.002305327	-0.002212077	-0.0009555416	0	0	0	
1.448	24	19	49	27	1	-1491.982	-0.007620699	4.861957	0.003426453	-0.0006709484	-0.0009684986	0	0	0	
1.48	24	19	49	27	1	-1491.981	-0.007812545	4.893634	0.003929767	0.001254808	-0.000993496	0	0	0	
1.504	24	19	49	27	1	-1491.981	-0.007958745	4.917817	0.003462058	0.001513516	-0.001021252	0	0	0	
1.528	24	19	49	27	1	-1491.98	-0.008109973	4.942359	0.002466722	9.427109e-05	-0.001049616	0	0	0	
1.556	24	19	49	27	1	-1491.979	-0.008266629	4.971439	4.203647e-05	-0.002370011	-0.001069971	0	0	0	
1.576	24	19	49	27	1	-1491.979	-0.008382699	4.992503	-0.001587597	-0.003719312	-0.001078739	0	0	0	
1.6	24	19	49	27	1	-1491.978	-0.008525086	5.018096	-0.003109227	-0.004070392	-0.001088168	0	0	0	
1.628	24	19	49	27	1	-1491.977	-0.008702483	5.048382	-0.003667107	-0.002947205	-0.001095061	0	0	0	
1.66	24	19	49	27	1	-1491.977	-0.008910382	5.083545	-0.002871314	-0.0004218414	-0.001103549	0	0	0	
1.692	24	19	49	28	1	-1491.976	-0.009108811	5.119281	-0.001336947	0.001671641	-0.001106507	0	0	0	
1.728	24	19	49	28	1	-1491.975	-0.009334981	5.160148	0.001063289	0.001056632	-0.001108322	0	0	0	
1.756	24	19	49	28	1	-1491.974	-0.009527013	5.192412	0.003227975	-0.0004098623	-0.001117109	0	0	0	
1.776	24	19	49	28	1	-1491.974	-0.009667777	5.21571	0.004397278	-0.0006554583	-0.001118015	0	0	0	
1.812	24	19	49	28	1	-1491.973	-0.00991824	5.258165	0.004807209	-0.0003147343	-0.001107432	0	0	0	
1.832	24	19	49	28	1	-1491.972	-0.01005293	5.282032	0.003939037	-0.0002357886	-0.00109348	0	0	0	
1.856	24	19	49	28	1	-1491.971	-0.0102074	5.310932	0.001949463	-0.0001951689	-0.001079398	0	0	0	
1.876	24	19	49	28	1	-1491.971	-0.01033244	5.335229	-0.0001463822	0.0001360278	-0.001064516	0	0	0	
1.9	24	19	49	28	1	-1491.97	-0.01047596	5.36464	-0.003231972	0.0001027921	-0.001042205	0	0	0	
1.924	24	19	49	28	1	-1491.97	-0.01061441	5.394326	-0.005070707	-0.0004946863	-0.001027027	0	0	0	
1.944	24	19	49	28	1	-1491.969	-0.01072981	5.41927	-0.006167212	-0.00144761	-0.001013979	0	0	0	
1.964	24	19	49	28	1	-1491.968	-0.0108477	5.444398	-0.006295653	-0.002349254	-0.001007533	0	0	0	
1.992	24	19	49	28	1	-1491.968	-0.0110066	5.479882	-0.005193054	-0.002041812	-0.00101629	0	0	0	
2.012	24	19	49	28	1	-1491.967	-0.0111119	5.505441	-0.003771126	-0.0008883985	-0.001031145	0	0	0	
2.044	24	19	49	28	1	-1491.966	-0.01125404	5.541518	-0.0006956513	0.001108866	-0.001038933	0	0	0	
2.064	24	19	49	28	1	-1491.966	-0.01135028	5.567492	0.001224226	0.001554785	-0.001037961	0	0	0	
2.076	24	19	49	28	1	-1491.965	-0.01142196	5.588393	0.002199641	0.001330791	-0.001035655	0	0	0	
2.104	24	19	49	28	1	-1491.964	-0.01152639	5.625226	0.003298353	0.000528643	-0.001021941	0	0	0	
2.128	24	19	49	28	1	-1491.964	-0.01160719	5.657053	0.003247391	-0.0003050014	-0.0009951661	0	0	0	
2.152	24	19	49	28	1	-1491.963	-0.0116899	5.689107	0.002624363	-0.001983942	-0.0009623573	0	0	0	
2.176	24	19	49	29	1	-1491.962	-0.01177247	5.721386	0.001485497	-0.003016307	-0.0009274726	0	0	0	
2.204	24	19	49	29	1	-1491.962	-0.01185942	5.753887	-3.516414e-05	-0.002318619	-0.0008898289	0	0	0	
2.232	24	19	49	29	1	-1491.961	-0.01195825	5.797561	-0.00205947	0.000241849	-0.0008649752	0	0	0	
2.248	24	19	49	29	1	-1491.96	-0.01199925	5.819541	-0.003249017	0.001595841	-0.0008575082	0	0	0	
2.268	24	19	49	29	1	-1491.96	-0.01204674	5.847147	-0.004433125	0.001853221	-0.0008460499	0	0	0	
2.292	24	19	49	29	1	-1491.959	-0.01210041	5.880464	-0.005123528	0.0002375052	-0.000824632	0	0	0	
2.308	24	19	49	29	1	-1491.958	-0.01213962	5.902787	-0.004886327	-0.001282367	-0.0008111478	0	0	0	
2.328	24	19	49	29	1	-1491.958	-0.01219623	5.930814	-0.003708692	-0.002701634	-0.0008029368	0	0	0	
2.348	24	19	49	29	1	-1491.957	-0.012256	5.958972	-0.001892926	-0.002910121	-0.0008003278	0	0	0	
2.376	24	19	49	29	1	-1491.956	-0.0123216	5.992931	0.0007688579	-0.0007616278	-0.0007947656	0	0	0	
2.392	24	19	49	29	1	-1491.956	-0.01236841	6.02137	0.002043979	0.0006434281	-0.0007904136	0	0	0	
2.416	24	19	49	29	1	-1491.955	-0.01241893	6.055662	0.003428148	0.001300817	-0.0007868667	0	0	0	
2.452	24	19	49	29	1	-1491.954	-0.01247927	6.101659	0.003960202	-0.0006442266	-0.0007918111	0	0	0	
2.492	24	19	49	29	1	-1491.953	-0.01257315	6.159592	0.00328079	-0.002789569	-0.0007931877	0	0	0	
2.52	24	19	49	29	1	-1491.952	-0.01266218	6.206274	0.002064252	-0.003603732	-0.00078678	0	0	0	
2.552	24	19	49	29	1	-1491.951	-0.01277036	6.253241	0.0006889843	-0.002416153	-0.000774648	0	0	0	
2.584	24	19	49	29	1	-1491.95	-0.01289691	6.300484	-0.0002774201	-0.0003859503	-0.0007669764	0	0	0	
2.608	24	19	49	29	1	-1491.949	-0.01298061	6.336093	-0.001315945	0.0002793924	-0.0007675256	0	0	0	
2.636	24	19	49	29	1	-1491.948	-0.01306741	6.377821	-0.002528544	-0.000641793	-0.0007673274	0	0	0	
2.656	24	19	49	29	1	-1491.948	-0.01312628	6.407744	-0.003084627	-0.001891085	-0.0007651936	0	0	0	
2.684	24	19	49	30	1	-1491.947	-0.01319506	6.443777	-0.003213405	-0.0035293	-0.0007619757	0	0	0	
2.708	24	19	49	30	1	-1491.946	-0.01327443	6.485986	-0.00260694	-0.003313514	-0.0007717586	0	0	0	
2.74	24	19	49	30	1	-1491.945	-0.01337825	6.534444	-0.0005885798	-0.00133738	-0.0007919863	0	0	0	
2.772	24	19	49	30	1	-1491.945	-0.01345338	6.577031	0.001030311	3.584741e-05	-0.0008053553	0	0	0	
2.808	24	19	49	30	1	-1491.943	-0.01354639	6.638155	0.002060446	-0.0008151639	-0.0008186035	0	0	0	
2.828	24	19	49	30	1	-1491.943	-0.01358068	6.668839	0.001862099	-0.001367441	-0.0008191554	0	0	0	
2.848	24	19	49	30	1	-1491.942	-0.01360316	6.6996	0.001014704	-0.001477233	-0.0008159608	0	0	0	
2.868	24	19	49	30	1	-1491.942	-0.01361742	6.730436	-0.0002429936	-0.001275279	-0.0008152799	0	0	0	
2.892	24	19	49	30	1	-1491.941	-0.01362474	6.767539	-0.002011877	-0.0005576002	-0.0008178797	0	0	0	
2.916	24	19	49	30	1	-1491.94	-0.01361827	6.804743	-0.003837126	0.0002257293	-0.0008271207	0	0	0	
2.928	24	19	49	30	1	-1491.94	-0.01361081	6.823383	-0.004873538	0.0003755413	-0.0008338018	0	0	0	
2.968	24	19	49	30	1	-1491.939	-0.01355977	6.885685	-0.006279181	-0.0001550373	-0.0008482169	0	0	0	
2.996	24	19	49	30	1	-1491.938	-0.0135075	6.929451	-0.005978976	-0.001435856	-0.0008638782	0	0	0	
3.024	24	19	49	30	1	-1491.937	-0.01344512	6.973341	-0.004405767	-0.002204281	-0.0008893469	0	0	0	
3.048	24	19	49	30	1	-1491.936	-0.01338386	7.011052	-0.002345965	-0.002698228	-0.0009132648	0	0	0	
3.08	24	19	49	30	1	-1491.935	-0.01327898	7.061457	0.0002869808	-0.003183062	-0.0009459614	0	0	0	
3.112	24	19	49	30	1	-1491.934	-0.01314509	7.112003	0.001877128	-0.002481795	-0.0009813418	0	0	0	
3.14	24	19	49	30	1	-1491.934	-0.01303351	7.150003	0.002313999	-0.001100471	-0.001009761	0	0	0	
3.156	24	19	49	30	1	-1491.933	-0.01293977	7.181724	0.002293094	-5.402119e-05	-0.001020788	0	0	0	
3.172	24	19	49	30	1	-1491.932	-0.01286651	7.207137	0.002127691	0.0008933016	-0.001024825	0	0	0	
3.196	24	19	49	31	1	-1491.932	-0.01277364	7.238945	0.001486084	0.001693482	-0.001027639	0	0	0	
3.216	24	19	49	31	1	-1491.931	-0.01266265	7.277172	0.0007666035	0.001498641	-0.001029312	0	0	0	
3.236	24	19	49	31	1	-1491.931	-0.01257301	7.309074	3.716972e-05	0.0007185106	-0.001028175	0	0	0	
3.26	24	19	49	31	1	-1491.93	-0.01247311	7.347409	-0.0005608869	-0.001358743	-0.001029438	0	0	0	
3.276	24	19	49	31	1	-1491.93	-0.01242835	7.366599	-0.0006303925	-0.002271354	-0.001034475	0	0	0	
3.296	24	19	49	31	1	-1491.929	-0.0123593	7.398614	-0.0004639972	-0.00180004	-0.001037859	0	0	0	
3.316	24	19	49	31	1	-1491.928	-0.01227471	7.437086	-0.0002990429	0.0002586514	-0.00104236	0	0	0	
3.348	24	19	49	31	1	-1491.927	-0.01216023	7.482041	-0.0005809156	0.002624495	-0.001059169	0	0	0	
3.364	24	19	49	31	1	-1491.927	-0.01206617	7.514192	-0.0009761173	0.002176741	-0.001067081	0	0	0	
3.388	24	19	49	31	1	-1491.926	-0.01197293	7.546374	-0.00127385	-0.0009730792	-0.001075351	0	0	0	
3.408	24	19	49	31	1	-1491.925	-0.01187723	7.585033	-0.0008411191	-0.004030457	-0.001086815	0	0	0	
3.436	24	19	49	31	1	-1491.924	-0.01178655	7.630191	0.0005939048	-0.005781004	-0.001109226	0	0	0	
3.456	24	19	49	31	1	-1491.924	-0.01172807	7.662479	0.001775454	-0.004757417	-0.001123154	0	0	0	
3.484	24	19	49	31	1	-1491.923	-0.01164622	7.707717	0.003014052	-0.001492223	-0.001139933	0	0	0	
3.504	24	19	49	31	1	-1491.922	-0.01158481	7.740054	0.003337736	0.0006362832	-0.001152737	0	0	0	
3.524	24	19	49	31	1	-1491.922	-0.01153548	7.765939	0.003214138	0.001362378	-0.001166722	0	0	0	
3.54	24	19	49	31	1	-1491.921	-0.01147507	7.798315	0.002847969	0.0008058324	-0.001180487	0	0	0	
3.56	24	19	49	31	1	-1491.92	-0.01141243	7.830711	0.001971768	-0.000852802	-0.001198588	0	0	0	
3.58	24	19	49	31	1	-1491.92	-0.01133926	7.863126	0.0004793275	-0.00271484	-0.001212027	0	0	0	
3.6	24	19	49	31	1	-1491.919	-0.01126255	7.895559	-0.001191289	-0.003788599	-0.001217103	0	0	0	
3.628	24	19	49	32	1	-1491.919	-0.01116444	7.934493	-0.003441374	-0.002922188	-0.001224566	0	0	0	
3.656	24	19	49	32	1	-1491.918	-0.01104293	7.979937	-0.005059952	-0.0006300654	-0.001244001	0	0	0	
3.676	24	19	49	32	1	-1491.917	-0.01095008	8.012408	-0.005565676	0.0002362235	-0.001256685	0	0	0	
3.696	24	19	49	32	1	-1491.916	-0.01084302	8.051383	-0.005161697	3.242563e-05	-0.001266073	0	0	0	
3.728	24	19	49	32	1	-1491.915	-0.01069698	8.103365	-0.003234128	-0.001830508	-0.001273425	0	0	0	
3.752	24	19	49	32	1	-1491.915	-0.01058326	8.14236	-0.001136155	-0.00332358	-0.001277285	0	0	0	
3.788	24	19	49	32	1	-1491.914	-0.01039491	8.200864	0.001726288	-0.001415616	-0.001268997	0	0	0	
3.816	24	19	49	32	1	-1491.913	-0.01026028	8.239871	0.003162422	0.001630344	-0.001249142	0	0	0	
3.832	24	19	49	32	1	-1491.912	-0.01015246	8.272378	0.003786109	0.002248959	-0.001236351	0	0	0	
3.852	24	19	49	32	1	-1491.912	-0.01005167	8.304882	0.0043155	0.001300606	-0.001231189	0	0	0	
3.88	24	19	49	32	1	-1491.911	-0.009905465	8.350381	0.003927272	-0.002290925	-0.001238272	0	0	0	
3.912	24	19	49	32	1	-1491.91	-0.009721893	8.402371	0.001719629	-0.005699199	-0.001237887	0	0	0	
3.932	24	19	49	32	1	-1491.909	-0.00960429	8.43486	-0.0001075814	-0.005153259	-0.001233099	0	0	0	
3.956	24	19	49	32	1	-1491.909	-0.009467892	8.473839	-0.002087237	-0.002714396	-0.00122839	0	0	0	
3.984	24	19	49	32	1	-1491.908	-0.009344857	8.512805	-0.003290195	0.0008393241	-0.00122159	0	0	0	
4.004	24	19	49	32	1	-1491.907	-0.009227994	8.551753	-0.003456012	0.003046343	-0.001214245	0	0	0	
4.028	24	19	49	32	1	-1491.906	-0.009122169	8.590686	-0.002655364	0.002962025	-0.001191048	0	0	0	
4.056	24	19	49	32	1	-1491.906	-0.009022619	8.629601	-0.0007583495	-0.0003065443	-0.001160426	0	0	0	
4.072	24	19	49	32	1	-1491.905	-0.008952049	8.662013	0.0008054632	-0.002648272	-0.001145607	0	0	0	
4.096	24	19	49	32	1	-1491.904	-0.008886613	8.69441	0.003167249	-0.005029469	-0.001128708	0	0	0	
4.116	24	19	49	33	1	-1491.904	-0.008812904	8.733265	0.004849413	-0.004641726	-0.001114081	0	0	0	
4.14	24	19	49	33	1	-1491.903	-0.008748959	8.765626	0.005873713	-0.00146856	-0.001085514	0	0	0	
4.172	24	19	49	33	1	-1491.902	-0.00864883	8.817365	0.005597332	0.002159989	-0.001041938	0	0	0	
4.196	24	19	49	33	1	-1491.901	-0.008557772	8.862598	0.00402146	0.001261329	-0.001025507	0	0	0	
4.216	24	19	49	33	1	-1491.901	-0.008485998	8.894879	0.0013635	-0.001667241	-0.00101605	0	0	0	
4.236	24	19	49	33	1	-1491.9	-0.008402728	8.927136	-0.0008782161	-0.004071949	-0.001011343	0	0	0	
4.256	24	19	49	33	1	-1491.9	-0.008322511	8.959368	-0.003413888	-0.006139636	-0.001009988	0	0	0	
4.276	24	19	49	33	1	-1491.899	-0.008251158	8.991575	-0.005177048	-0.005996243	-0.001018124	0	0	0	
4.296	24	19	49	33	1	-1491.898	-0.008189168	9.023756	-0.005913393	-0.003791661	-0.001036898	0	0	0	
4.316	24	19	49	33	1	-1491.898	-0.008129904	9.055908	-0.005749435	-0.000831154	-0.001055518	0	0	0	
4.336	24	19	49	33	1	-1491.897	-0.008081964	9.08161	-0.004818817	0.001434403	-0.001063822	0	0	0	
4.36	24	19	49	33	1	-1491.896	-0.008004289	9.126541	-0.00263981	0.002419934	-0.00106051	0	0	0	
4.388	24	19	49	33	1	-1491.896	-0.007924971	9.171413	0.0004553141	0.0004640844	-0.001043786	0	0	0	
4.416	24	19	49	33	1	-1491.895	-0.007848218	9.21622	0.003551121	-0.00383483	-0.001034698	0	0	0	
4.44	24	19	49	33	1	-1491.894	-0.007790687	9.248189	0.005392167	-0.00573601	-0.001031336	0	0	0	
4.464	24	19	49	33	1	-1491.894	-0.007712176	9.28651	0.005814026	-0.004773665	-0.001019829	0	0	0	
4.48	24	19	49	33	1	-1491.893	-0.00763792	9.318406	0.005293416	-0.002921861	-0.00100945	0	0	0	
4.508	24	19	49	33	1	-1491.892	-0.007535595	9.362998	0.003418879	0.0004176276	-0.000991125	0	0	0	
4.536	24	19	49	33	1	-1491.891	-0.0074337	9.407515	0.0006993234	0.001134453	-0.0009751985	0	0	0	
4.556	24	19	49	33	1	-1491.891	-0.007380582	9.432917	-0.00115005	-0.0004254697	-0.0009605951	0	0	0	
4.584	24	19	49	34	1	-1491.89	-0.007288722	9.483646	-0.002953979	-0.002820903	-0.0009393301	0	0	0	
4.616	24	19	49	34	1	-1491.889	-0.007221449	9.534276	-0.003260662	-0.00213831	-0.0009356007	0	0	0	
4.644	24	19	49	34	1	-1491.888	-0.007172381	9.578491	-0.002258878	-0.0007517634	-0.0009419214	0	0	0	
4.672	24	19	49	34	1	-1491.888	-0.007136568	9.622618	-0.0001936465	-6.246546e-05	-0.0009459615	0	0	0	
4.708	24	19	49	34	1	-1491.887	-0.007091503	9.67922	0.002538607	-0.001469302	-0.0009429157	0	0	0	
4.748	24	19	49	34	1	-1491.885	-0.007050424	9.741936	0.004631266	-0.003394598	-0.0009468332	0	0	0	
4.784	24	19	49	34	1	-1491.885	-0.007003167	9.798215	0.004181951	-0.003705647	-0.0009504578	0	0	0	
4.816	24	19	49	34	1	-1491.884	-0.006937647	9.848108	0.001517677	-0.002563459	-0.0009482119	0	0	0	
4.832	24	19	49	34	1	-1491.883	-0.006902904	9.873007	-0.0001321492	-0.001418183	-0.0009545058	0	0	0	
4.848	24	19	49	34	1	-1491.883	-0.006868248	9.897873	-0.001758728	-0.0004761175	-0.0009662914	0	0	0	
4.868	24	19	49	34	1	-1491.882	-0.006830847	9.92891	-0.003348741	-0.0006164824	-0.0009800856	0	0	0	
4.892	24	19	49	34	1	-1491.882	-0.006803734	9.966084	-0.004030356	-0.002407358	-0.000983337	0	0	0	
4.912	24	19	49	34	1	-1491.881	-0.006784316	9.997	-0.003884302	-0.004237812	-0.0009766645	0	0	0	
4.94	24	19	49	34	1	-1491.88	-0.006753313	10.04019	-0.002933377	-0.005716779	-0.0009647961	0	0	0	
4.952	24	19	49	34	1	-1491.88	-0.006735453	10.05866	-0.00242188	-0.005548704	-0.0009616973	0	0	0	
4.972	24	19	49	34	1	-1491.88	-0.006699671	10.0894	-0.001517823	-0.003778083	-0.0009586863	0	0	0	
4.992	24	19	49	34	1	-1491.879	-0.006662521	10.12009	-0.0004445032	-0.0006851927	-0.0009574423	0	0	0	
5.02	24	19	49	34	1	-1491.878	-0.006603332	10.16295	0.0009073086	0.002823533	-0.0009573216	0	0	0	
5.044	24	19	49	34	1	-1491.878	-0.006550984	10.1935	0.001468834	0.002894806	-0.0009606395	0	0	0	
5.068	24	19	49	34	1	-1491.877	-0.006465405	10.23617	0.001426877	0.0007279666	-0.0009761255	0	0	0	
5.088	24	19	49	35	1	-1491.877	-0.006394673	10.26657	0.0007428638	-0.001554997	-0.0009910716	0	0	0	
5.112	24	19	49	35	1	-1491.876	-0.006304102	10.30298	-8.783532e-05	-0.001993179	-0.001001359	0	0	0	
5.136	24	19	49	35	1	-1491.875	-0.006202785	10.3393	-0.001395217	-0.001046776	-0.001006897	0	0	0	
5.164	24	19	49	35	1	-1491.875	-0.00609499	10.37553	-0.002813071	-0.0002943473	-0.0009977572	0	0	0	
5.184	24	19	49	35	1	-1491.874	-0.005985145	10.41167	-0.003427822	-0.0009268238	-0.0009866069	0	0	0	
5.216	24	19	49	35	1	-1491.873	-0.00583737	10.45972	-0.003471793	-0.001936561	-0.0009661961	0	0	0	
5.24	24	19	49	35	1	-1491.873	-0.005728671	10.49565	-0.002634121	-0.002182189	-0.0009542622	0	0	0	
5.276	24	19	49	35	1	-1491.872	-0.00558098	10.54938	2.541448e-05	-0.0009059654	-0.0009510311	0	0	0	
5.312	24	19	49	35	1	-1491.871	-0.005429062	10.60289	0.002580164	-0.0005835993	-0.0009638883	0	0	0	
5.344	24	19	49	35	1	-1491.87	-0.005262066	10.65028	0.002930451	-0.002978655	-0.0009757954	0	0	0	
5.376	24	19	49	35	1	-1491.869	-0.00508325	10.6975	0.001929132	-0.004327461	-0.0009928339	0	0	0	
5.404	24	19	49	35	1	-1491.869	-0.004940984	10.73868	0.001010353	-0.003677331	-0.001009335	0	0	0	
5.428	24	19	49	35	1	-1491.868	-0.004831709	10.77386	0.0004571204	-0.002296476	-0.001022579	0	0	0	
5.452	24	19	49	35	1	-1491.867	-0.004741597	10.80894	0.0004874494	-0.0001407341	-0.001037997	0	0	0	
5.476	24	19	49	35	1	-1491.867	-0.004677376	10.8381	0.0008905153	0.0016789	-0.001060043	0	0	0	
5.496	24	19	49	35	1	-1491.866	-0.004597897	10.873	0.00103184	0.002035644	-0.001086338	0	0	0	
5.52	24	19	49	35	1	-1491.866	-0.004525684	10.90779	0.001305151	0.0006454588	-0.001121131	0	0	0	
5.544	24	19	49	35	1	-1491.865	-0.004465198	10.94248	0.001753081	-0.002389626	-0.001162613	0	0	0	
5.564	24	19	49	35	1	-1491.865	-0.004421207	10.97131	0.002110946	-0.00470928	-0.001193982	0	0	0	
5.592	24	19	49	35	1	-1491.864	-0.004354725	11.01155	0.001996575	-0.005105027	-0.001224861	0	0	0	
5.616	24	19	49	36	1	-1491.863	-0.004298691	11.04593	0.001536697	-0.003048913	-0.001234339	0	0	0	
5.636	24	19	49	36	1	-1491.863	-0.004258613	11.06879	0.0008158025	-0.0002986126	-0.00123406	0	0	0	
5.66	24	19	49	36	1	-1491.862	-0.004186818	11.10869	-0.000203589	0.001540403	-0.001225388	0	0	0	
5.688	24	19	49	36	1	-1491.862	-0.004116974	11.14844	-0.001233925	0.0003404587	-0.001216623	0	0	0	
5.72	24	19	49	36	1	-1491.861	-0.004062783	11.18804	-0.001347972	-0.002262609	-0.001207784	0	0	0	
5.748	24	19	49	36	1	-1491.86	-0.004010847	11.23313	-0.0007581811	-0.003823835	-0.001200652	0	0	0	
5.764	24	19	49	36	1	-1491.86	-0.003991987	11.25559	-6.888859e-05	-0.003989011	-0.001198922	0	0	0	
5.788	24	19	49	36	1	-1491.859	-0.003966663	11.28361	0.0009039718	-0.003324595	-0.001196239	0	0	0	
5.812	24	19	49	36	1	-1491.859	-0.003929406	11.32271	0.001664534	-0.001888708	-0.001183112	0	0	0	
5.848	24	19	49	36	1	-1491.858	-0.003872052	11.37276	0.001916879	0.001148724	-0.001151641	0	0	0	
5.88	24	19	49	36	1	-1491.857	-0.003819475	11.41151	0.001201335	0.0003221851	-0.001135793	0	0	0	
5.9	24	19	49	36	1	-1491.857	-0.003774201	11.44461	0.0005327951	-0.00219555	-0.00112251	0	0	0	
5.912	24	19	49	36	1	-1491.856	-0.003747105	11.46112	-5.225209e-05	-0.003603644	-0.001114251	0	0	0	
5.94	24	19	49	36	1	-1491.856	-0.003680011	11.49952	-0.001469051	-0.005290957	-0.001104576	0	0	0	
5.96	24	19	49	36	1	-1491.855	-0.003636787	11.52687	-0.002091792	-0.005116802	-0.001104138	0	0	0	
5.996	24	19	49	36	1	-1491.854	-0.003530653	11.57588	-0.003384023	-0.001968322	-0.001120309	0	0	0	
6.016	24	19	49	36	1	-1491.854	-0.003461306	11.60299	-0.003846059	-0.0002552313	-0.001134512	0	0	0	
6.044	24	19	49	36	1	-1491.853	-0.003356718	11.64082	-0.003867444	-0.0001438204	-0.001149306	0	0	0	
6.064	24	19	49	36	1	-1491.853	-0.003273203	11.66774	-0.003550418	-0.001812408	-0.001149961	0	0	0	
6.1	24	19	49	36	1	-1491.852	-0.003109228	11.716	-0.00226899	-0.005085634	-0.001147397	0	0	0	
6.132	24	19	49	37	1	-1491.852	-0.002990082	11.75335	6.52517e-05	-0.005650808	-0.001152245	0	0	0	
6.152	24	19	49	37	1	-1491.851	-0.002887028	11.78525	0.001534041	-0.004509663	-0.001151568	0	0	0	
6.18	24	19	49	37	1	-1491.851	-0.002761466	11.82231	0.003076429	-0.002158162	-0.001141379	0	0	0	
6.208	24	19	49	37	1	-1491.85	-0.002622907	11.8592	0.003372228	0.0002469927	-0.001134753	0	0	0	
6.232	24	19	49	37	1	-1491.85	-0.002498723	11.8907	0.002843997	-0.0003092405	-0.001134875	0	0	0	
6.256	24	19	49	37	1	-1491.849	-0.002366932	11.92208	0.00149167	-0.001951004	-0.001137741	0	0	0	
6.284	24	19	49	37	1	-1491.849	-0.002216817	11.95853	-0.0002813751	-0.003431922	-0.001146148	0	0	0	
6.308	24	19	49	37	1	-1491.848	-0.002086599	11.98964	-0.002050805	-0.003791963	-0.001164253	0	0	0	
6.336	24	19	49	37	1	-1491.848	-0.001939145	12.02579	-0.002946042	-0.002818761	-0.001197741	0	0	0	
6.36	24	19	49	37	1	-1491.847	-0.001841073	12.05664	-0.002169239	-0.001282232	-0.001248169	0	0	0	
6.384	24	19	49	37	1	-1491.847	-0.001752669	12.08738	-0.0009612682	-0.001176	-0.001281555	0	0	0	
6.408	24	19	49	37	1	-1491.847	-0.001676155	12.11289	0.0004829387	-0.001894128	-0.001321875	0	0	0	
6.424	24	19	49	37	1	-1491.846	-0.001608736	12.13324	0.00119874	-0.002721732	-0.00134898	0	0	0	
6.44	24	19	49	37	1	-1491.846	-0.001521602	12.15861	0.001769172	-0.003792892	-0.001372975	0	0	0	
6.468	24	19	49	37	1	-1491.846	-0.001387176	12.19397	0.001996129	-0.005517922	-0.001417716	0	0	0	
6.492	24	19	49	37	1	-1491.845	-0.001289332	12.21913	0.00172906	-0.004992681	-0.001450114	0	0	0	
6.52	24	19	49	37	1	-1491.845	-0.001132386	12.2592	0.000843274	-0.001720564	-0.001484669	0	0	0	
6.548	24	19	49	37	1	-1491.844	-0.0009863315	12.29408	-0.0002463156	-0.0004192909	-0.001513354	0	0	0	
6.568	24	19	49	37	1	-1491.844	-0.0008780366	12.31889	-0.001238277	-0.0008655173	-0.001541692	0	0	0	
6.58	24	19	49	37	1	-1491.844	-0.0008129637	12.33374	-0.001760604	-0.001611106	-0.001560685	0	0	0	
6.604	24	19	49	38	1	-1491.844	-0.0006842226	12.36333	-0.002471946	-0.003330035	-0.001594751	0	0	0	
6.624	24	19	49	38	1	-1491.844	-0.0005696467	12.3879	-0.002946438	-0.005093208	-0.001618321	0	0	0	
6.644	24	19	49	38	1	-1491.843	-0.0004734024	12.40749	-0.003263613	-0.005583848	-0.00164536	0	0	0	
6.664	24	19	49	38	1	-1491.843	-0.0003174142	12.43678	-0.003450889	-0.004135475	-0.00167434	0	0	0	
6.692	24	19	49	38	1	-1491.843	-0.0001330442	12.47079	-0.002982984	-0.001024378	-0.00170747	0	0	0	
6.716	24	19	49	38	1	-1491.842	2.471449e-05	12.49981	-0.001935279	0.001219022	-0.001726186	0	0	0	
6.736	24	19	49	38	1	-1491.842	0.0001619301	12.5239	-0.0009573345	0.002215789	-0.001737038	0	0	0	
6.764	24	19	49	38	1	-1491.842	0.0003411859	12.55268	-3.125e-05	0.001670236	-0.001746732	0	0	0	
6.784	24	19	49	38	1	-1491.841	0.0005397728	12.58134	0.0001147018	-0.0004022161	-0.001751073	0	0	0	
6.804	24	19	49	38	1	-1491.841	0.0007147904	12.60513	-2.968367e-05	-0.002338525	-0.001756956	0	0	0	
6.828	24	19	49	38	1	-1491.841	0.00092414	12.63356	-0.0001625185	-0.003803368	-0.001768864	0	0	0	
6.86	24	19	49	38	1	-1491.84	0.001194399	12.67127	2.487232e-05	-0.003743633	-0.001778647	0	0	0	
6.892	24	19	49	38	1	-1491.84	0.001451503	12.70875	0.0006683835	-0.002564758	-0.001773413	0	0	0	
6.912	24	19	49	38	1	-1491.84	0.001607968	12.73206	0.001129696	-0.002126368	-0.001761605	0	0	0	
6.94	24	19	49	38	1	-1491.839	0.001833948	12.76455	0.001301388	-0.002861467	-0.001748879	0	0	0	
6.976	24	19	49	38	1	-1491.839	0.002130144	12.80607	0.0008657248	-0.004364099	-0.001733688	0	0	0	
7.004	24	19	49	38	1	-1491.839	0.002338343	12.8336	-0.0001535634	-0.002713659	-0.001721548	0	0	0	
7.02	24	19	49	38	1	-1491.839	0.002506431	12.85644	-0.0005442872	-0.001112482	-0.001710837	0	0	0	
7.044	24	19	49	38	1	-1491.838	0.002683494	12.88374	-0.0002380778	0.0001315532	-0.001694357	0	0	0	
7.072	24	19	49	38	1	-1491.838	0.002833033	12.91092	0.001341449	-0.0004604896	-0.001677079	0	0	0	
7.092	24	19	49	39	1	-1491.838	0.002964575	12.93796	0.00280276	-0.001618381	-0.001663081	0	0	0	
7.116	24	19	49	39	1	-1491.838	0.003067229	12.96041	0.004317583	-0.002580498	-0.001648261	0	0	0	
7.148	24	19	49	39	1	-1491.837	0.003224869	12.99614	0.005338555	-0.001633288	-0.001612347	0	0	0	
7.172	24	19	49	39	1	-1491.837	0.003345626	13.02722	0.005451462	-0.0003568257	-0.001583787	0	0	0	
7.196	24	19	49	39	1	-1491.837	0.003434233	13.05372	0.005017983	-0.0002174941	-0.00155678	0	0	0	
7.216	24	19	49	39	1	-1491.837	0.003498919	13.0757	0.00425016	-0.001152552	-0.001531848	0	0	0	
7.236	24	19	49	39	1	-1491.836	0.003557177	13.0976	0.003154193	-0.002949819	-0.001508502	0	0	0	
7.26	24	19	49	39	1	-1491.836	0.003617534	13.12375	0.001644102	-0.004068483	-0.00147528	0	0	0	
7.292	24	19	49	39	1	-1491.836	0.003679241	13.15844	-0.0001473874	-0.002286364	-0.001418046	0	0	0	
7.32	24	19	49	39	1	-1491.836	0.003713806	13.18861	-0.001011003	-0.00116021	-0.001362058	0	0	0	
7.344	24	19	49	39	1	-1491.835	0.003723875	13.21433	-0.0008642379	-0.00162918	-0.001309968	0	0	0	
7.364	24	19	49	39	1	-1491.835	0.003725791	13.23567	-0.0003781801	-0.002330528	-0.001260193	0	0	0	
7.384	24	19	49	39	1	-1491.835	0.003724824	13.25268	0.0002687252	-0.002698501	-0.001213569	0	0	0	
7.408	24	19	49	39	1	-1491.835	0.003733547	13.2823	0.0006728303	-0.003241806	-0.001164394	0	0	0	
7.44	24	19	49	39	1	-1491.835	0.003762831	13.31595	0.0004398353	-0.002780232	-0.001100335	0	0	0	
7.476	24	19	49	39	1	-1491.834	0.003793994	13.35353	9.853134e-05	-0.0004782645	-0.001037305	0	0	0	
7.512	24	19	49	39	1	-1491.834	0.003828129	13.39082	-0.0003427939	0.0006813289	-0.0009874464	0	0	0	
7.536	24	19	49	39	1	-1491.834	0.003847066	13.41552	-0.0004185599	0.0002197903	-0.0009601935	0	0	0	
7.556	24	19	49	39	1	-1491.834	0.003852777	13.436	-6.303312e-05	-0.0004478398	-0.0009403088	0	0	0	
7.584	24	19	49	39	1	-1491.833	0.003849798	13.46452	0.0008267703	-0.001593496	-0.0009047683	0	0	0	
7.612	24	19	49	40	1	-1491.833	0.003853485	13.48883	0.001254187	-0.001758073	-0.0008616453	0	0	0	
7.64	24	19	49	40	1	-1491.833	0.003864849	13.52105	0.001220963	-0.0009895619	-0.0008185587	0	0	0	
7.672	24	19	49	40	1	-1491.832	0.003892576	13.55304	0.0002869062	-8.650627e-05	-0.0007769669	0	0	0	
7.692	24	19	49	40	1	-1491.832	0.0039139	13.57292	-0.0004921519	-5.751288e-05	-0.0007552525	0	0	0	
7.716	24	19	49	40	1	-1491.832	0.003949183	13.59666	-0.001648102	-0.0007526532	-0.0007366051	0	0	0	
7.736	24	19	49	40	1	-1491.832	0.003973274	13.61634	-0.002188922	-0.00115148	-0.0007269385	0	0	0	
7.76	24	19	49	40	1	-1491.832	0.003989228	13.63594	-0.002068814	-0.001356527	-0.0007185037	0	0	0	
7.784	24	19	49	40	1	-1491.831	0.003995596	13.66324	-0.001075224	-0.001129979	-0.0007065516	0	0	0	
7.808	24	19	49	40	1	-1491.831	0.003995065	13.68652	0.000306533	-0.002315461	-0.0007022807	0	0	0	
7.84	24	19	49	40	1	-1491.831	0.003993576	13.71736	0.002065664	-0.003551977	-0.0007107283	0	0	0	
7.868	24	19	49	40	1	-1491.831	0.003987812	13.74417	0.003229167	-0.003472671	-0.0007141636	0	0	0	
7.888	24	19	49	40	1	-1491.83	0.003987757	13.76321	0.003439216	-0.003153921	-0.0007150935	0	0	0	
7.912	24	19	49	40	1	-1491.83	0.003998277	13.78594	0.00274801	-0.002249547	-0.0007143578	0	0	0	
7.928	24	19	49	40	1	-1491.83	0.004011888	13.80103	0.001766063	-0.001646826	-0.000717834	0	0	0	
7.96	24	19	49	40	1	-1491.83	0.00404065	13.83103	-0.0005815016	-0.001203058	-0.0007312349	0	0	0	
7.996	24	19	49	40	1	-1491.83	0.004052096	13.86452	-0.002240623	0.001364312	-0.0007613575	0	0	0	
8.028	24	19	49	40	1	-1491.829	0.00404329	13.89406	-0.002276894	0.002434165	-0.0007751395	0	0	0	
8.064	24	19	49	40	1	-1491.829	0.004005441	13.92703	-0.0004630608	0.001671998	-0.0007834568	0	0	0	
8.092	24	19	49	40	1	-1491.829	0.003969176	13.95248	0.001383474	-0.0001486674	-0.0007847202	0	0	0	
8.124	24	19	49	40	1	-1491.828	0.00394024	13.98137	0.002645784	-0.001785282	-0.0007763238	0	0	0	
8.148	24	19	49	41	1	-1491.828	0.003917438	14.00289	0.003084134	-0.00195478	-0.0007620229	0	0	0	
8.172	24	19	49	41	1	-1491.828	0.003888753	14.02429	0.003155971	-0.001254209	-0.0007389547	0	0	0	
8.2	24	19	49	41	1	-1491.827	0.003844911	14.0491	0.002859496	-0.001196907	-0.00072218	0	0	0	
8.232	24	19	49	41	1	-1491.827	0.003793083	14.07724	0.001725038	-0.002287911	-0.0007120141	0	0	0	
8.268	24	19	49	41	1	-1491.827	0.003722843	14.10517	0.0005287306	-0.002444839	-0.0006966541	0	0	0	
8.296	24	19	49	41	1	-1491.826	0.003639001	14.13288	-0.0001418386	-0.002665897	-0.0006805418	0	0	0	
8.308	24	19	49	41	1	-1491.826	0.003601438	14.14321	-0.0002216289	-0.002860014	-0.0006735392	0	0	0	
8.332	24	19	49	41	1	-1491.826	0.003528694	14.16379	-0.0004145031	-0.002945905	-0.0006669487	0	0	0	
8.356	24	19	49	41	1	-1491.826	0.003447677	14.18425	-0.0002346645	-0.001475692	-0.0006699234	0	0	0	
8.396	24	19	49	41	1	-1491.825	0.003318512	14.21808	-1.784841e-05	0.0007729907	-0.0006841931	0	0	0	
8.432	24	19	49	41	1	-1491.825	0.003205809	14.24824	9.899012e-05	-0.0002533748	-0.0006961916	0	0	0	
8.468	24	19	49	41	1	-1491.825	0.003091791	14.27813	0.0002438048	-0.001335107	-0.0006988107	0	0	0	
8.496	24	19	49	41	1	-1491.824	0.003011025	14.3012	4.344259e-05	-0.0009024725	-0.0006937656	0	0	0	
8.52	24	19	49	41	1	-1491.824	0.002944191	14.32084	-0.0002055028	-0.0002900899	-0.0006917858	0	0	0	
8.532	24	19	49	41	1	-1491.824	0.002910202	14.33061	-0.0002929917	-0.0004599408	-0.0006895416	0	0	0	
8.556	24	19	49	41	1	-1491.824	0.002852358	14.34684	-0.0003577108	-0.002137396	-0.000684574	0	0	0	
8.576	24	19	49	41	1	-1491.824	0.002776877	14.3662	-0.0001501352	-0.003806449	-0.000684131	0	0	0	
8.596	24	19	49	41	1	-1491.823	0.002702933	14.38224	0.0004346994	-0.004238514	-0.0006834987	0	0	0	
8.62	24	19	49	41	1	-1491.823	0.002613863	14.40139	0.00107961	-0.003207206	-0.0006846203	0	0	0	
8.636	24	19	49	41	1	-1491.823	0.002558025	14.41409	0.001288558	-0.001830314	-0.0006878591	0	0	0	
8.656	24	19	49	42	1	-1491.823	0.002491584	14.42989	0.001289075	0.0001222147	-0.0006959143	0	0	0	
8.684	24	19	49	42	1	-1491.822	0.002405813	14.45188	0.0007799599	0.0009723439	-0.0007093248	0	0	0	
8.704	24	19	49	42	1	-1491.822	0.002346879	14.46748	0.0002135084	3.368045e-05	-0.0007110792	0	0	0	
8.732	24	19	49	42	1	-1491.822	0.002270899	14.4892	-0.000814652	-0.000704033	-0.0007137287	0	0	0	
8.756	24	19	49	42	1	-1491.822	0.002216201	14.50461	-0.001510924	0.0005441511	-0.0007263811	0	0	0	
8.776	24	19	49	42	1	-1491.821	0.002154491	14.52301	-0.002003068	0.001979257	-0.0007404872	0	0	0	
8.804	24	19	49	42	1	-1491.821	0.002086297	14.54432	-0.00231993	0.00246075	-0.0007501912	0	0	0	
8.832	24	19	49	42	1	-1491.821	0.002017211	14.56548	-0.001995379	0.0007324828	-0.0007442612	0	0	0	
8.86	24	19	49	42	1	-1491.82	0.001956684	14.58647	-0.001329377	-0.002082346	-0.0007188584	0	0	0	
8.884	24	19	49	42	1	-1491.82	0.001901907	14.60434	-0.0005439187	-0.003543969	-0.0006991216	0	0	0	
8.912	24	19	49	42	1	-1491.82	0.001832525	14.62504	0.0008092069	-0.004347235	-0.0006782312	0	0	0	
8.936	24	19	49	42	1	-1491.819	0.001782064	14.64266	0.001520399	-0.003726128	-0.0006725898	0	0	0	
8.956	24	19	49	42	1	-1491.819	0.001749145	14.65725	0.001569137	-0.002303635	-0.0006718953	0	0	0	
8.976	24	19	49	42	1	-1491.819	0.001716069	14.67176	0.001467624	-0.001187866	-0.0006724489	0	0	0	
8.996	24	19	49	42	1	-1491.819	0.00167727	14.6862	0.001352415	-0.0004635602	-0.0006751229	0	0	0	
9.02	24	19	49	42	1	-1491.818	0.001631613	14.70341	0.000960235	-0.0004830649	-0.0006808236	0	0	0	
9.048	24	19	49	42	1	-1491.818	0.001572328	14.72335	0.0004947663	-0.0005215602	-0.0006794783	0	0	0	
9.076	24	19	49	42	1	-1491.818	0.00151465	14.74032	0.0002065939	-0.0005393154	-0.0006699397	0	0	0	
9.104	24	19	49	42	1	-1491.817	0.00144194	14.75998	5.697679e-05	-0.001122058	-0.0006572481	0	0	0	
9.136	24	19	49	42	1	-1491.817	0.00135597	14.78226	-9.614393e-06	-0.002170963	-0.0006415848	0	0	0	
9.16	24	19	49	43	1	-1491.817	0.001287678	14.79884	0.000104657	-0.002561378	-0.0006314891	0	0	0	
9.176	24	19	49	43	1	-1491.817	0.001224202	14.81257	0.0003509881	-0.003345771	-0.0006257738	0	0	0	
9.208	24	19	49	43	1	-1491.816	0.00111606	14.83438	0.000935113	-0.004754763	-0.0006201009	0	0	0	
9.232	24	19	49	43	1	-1491.816	0.001042094	14.84792	0.001442794	-0.003094426	-0.0006176922	0	0	0	
9.248	24	19	49	43	1	-1491.816	0.0009701995	14.86139	0.001575006	-0.0009136677	-0.0006152391	0	0	0	
9.272	24	19	49	43	1	-1491.815	0.0008852152	14.87745	0.001500135	0.001796251	-0.0006127952	0	0	0	
9.304	24	19	49	43	1	-1491.815	0.0007984861	14.89606	0.000511258	0.00153628	-0.0006303255	0	0	0	
9.328	24	19	49	43	1	-1491.815	0.0007098767	14.91452	-0.0002882827	-0.0009821077	-0.0006505192	0	0	0	
9.356	24	19	49	43	1	-1491.815	0.0006264407	14.93284	-0.001317832	-0.003726164	-0.0006765779	0	0	0	
9.38	24	19	49	43	1	-1491.814	0.0005561167	14.94843	-0.001972243	-0.00409217	-0.0006944736	0	0	0	
9.416	24	19	49	43	1	-1491.814	0.0004490215	14.97161	-0.002170686	-0.002390104	-0.0007111509	0	0	0	
9.456	24	19	49	43	1	-1491.813	0.0003405732	14.99709	-0.001659689	-9.748415e-06	-0.0007224299	0	0	0	
9.492	24	19	49	43	1	-1491.813	0.0002378404	15.01977	-0.0002744521	-0.0005660386	-0.000720091	0	0	0	
9.516	24	19	49	43	1	-1491.813	0.0001701438	15.03475	0.0008892585	-0.001168253	-0.0007187654	0	0	0	
9.54	24	19	49	43	1	-1491.813	0.000102108	15.04963	0.001624956	-0.001579296	-0.0007196186	0	0	0	
9.552	24	19	49	43	1	-1491.812	6.919865e-05	15.05704	0.001928281	-0.001764163	-0.0007168125	0	0	0	
9.568	24	19	49	43	1	-1491.812	2.982632e-05	15.06687	0.002035113	-0.001805164	-0.0007113862	0	0	0	
9.592	24	19	49	43	1	-1491.812	-2.49941e-05	15.08152	0.001735488	-0.002021554	-0.0006977953	0	0	0	
9.616	24	19	49	43	1	-1491.812	-8.040537e-05	15.09607	0.001133533	-0.00217927	-0.0006781319	0	0	0	
9.644	24	19	49	43	1	-1491.812	-0.0001325784	15.11291	-0.0002437515	-0.002596601	-0.000657461	0	0	0	
9.66	24	19	49	44	1	-1491.811	-0.0001584362	15.12248	-0.001162213	-0.003053039	-0.0006458257	0	0	0	
9.692	24	19	49	44	1	-1491.811	-0.0001968878	15.14146	-0.003070558	-0.003132453	-0.000610442	0	0	0	
9.708	24	19	49	44	1	-1491.811	-0.0002125945	15.15089	-0.00394848	-0.002333975	-0.0005936299	0	0	0	
9.732	24	19	49	44	1	-1491.811	-0.0002281937	15.16494	-0.004543955	-0.001656806	-0.000578424	0	0	0	
9.76	24	19	49	44	1	-1491.81	-0.0002560481	15.17889	-0.003737638	-0.001750106	-0.0005626736	0	0	0	
9.796	24	19	49	44	1	-1491.81	-0.0003159087	15.20192	-0.00108269	-0.002129848	-0.000534546	0	0	0	
9.832	24	19	49	44	1	-1491.81	-0.0003420669	15.22241	0.0011354	-0.0005304727	-0.0004928522	0	0	0	
9.868	24	19	49	44	1	-1491.809	-0.0003485489	15.24268	0.00223381	0.0001042171	-0.0004491871	0	0	0	
9.904	24	19	49	44	1	-1491.809	-0.000321062	15.26273	0.001274379	-0.0004489704	-0.0004089694	0	0	0	
9.928	24	19	49	44	1	-1491.809	-0.0002863757	15.27597	-0.0002689619	-0.001417409	-0.0003841613	0	0	0	
9.944	24	19	49	44	1	-1491.809	-0.0002519165	15.28475	-0.001680333	-0.002214784	-0.0003716398	0	0	0	
9.972	24	19	49	44	2	-1491.809	-0.0001809553	15.30001	-0.004100841	-0.003312329	-0.0003465438	0	0	0	
9.984	24	19	49	44	2	-1491.808	-0.0001502512	15.30651	-0.005049428	-0.003629053	-0.0003330359	0	0	0	
10.02	24	19	49	44	2	-1491.808	-0.0001973657	15.32625	-0.000834008	0.006442461	-0.002271586	0	0	0	
10.044	24	19	49	44	2	-1491.807	-0.0006432175	15.34049	0.01615944	0.04115925	-0.007160128	0	0	0	
10.084	24	19	49	44	2	-1491.803	-0.002353727	15.36668	0.06451289	0.1081758	-0.01990381	0	0	0	
10.112	24	19	49	44	2	-1491.801	-0.00433915	15.38679	0.1014604	0.1236757	-0.03382758	0	0	0	
10.14	24	19	49	44	2	-1491.798	-0.006975925	15.40839	0.1281234	0.1092971	-0.05416246	0	0	0	
10.164	24	19	49	44	2	-1491.796	-0.009273629	15.42478	0.1367723	0.08873953	-0.0753503	0	0	0	
10.176	24	19	49	44	2	-1491.794	-0.01138312	15.43848	0.1356188	0.08062407	-0.08638766	0	0	0	
10.208	24	19	49	45	2	-1491.789	-0.01571845	15.46371	0.1167926	0.07526451	-0.1154156	0	0	0	
10.244	24	19	49	45	2	-1491.782	-0.02261133	15.49847	0.07944259	0.09145083	-0.148326	0	0	0	
10.272	24	19	49	45	2	-1491.775	-0.02901882	15.52732	0.05040194	0.1046044	-0.1758709	0	0	0	
10.296	24	19	49	45	2	-1491.769	-0.03519141	15.55333	0.03176807	0.1084145	-0.2008986	0	0	0	
10.316	24	19	49	45	2	-1491.762	-0.04194052	15.58054	0.02269303	0.1063495	-0.2223763	0	0	0	
10.336	24	19	49	45	2	-1491.756	-0.0479829	15.60411	0.0199255	0.1024151	-0.2441697	0	0	0	
10.356	24	19	49	45	2	-1491.749	-0.05439912	15.62849	0.022942	0.09969201	-0.2661532	0	0	0	
10.368	24	19	49	45	2	-1491.745	-0.05842865	15.64351	0.02706318	0.09948763	-0.2793932	0	0	0	
10.392	24	19	49	45	2	-1491.736	-0.06689654	15.67439	0.03895247	0.1028001	-0.3058712	0	0	0	
10.42	24	19	49	45	2	-1491.725	-0.07745253	15.71184	0.05501477	0.1102095	-0.3366709	0	0	0	
10.444	24	19	49	45	2	-1491.715	-0.08706668	15.74514	0.06665275	0.1156003	-0.3630794	0	0	0	
10.464	24	19	49	45	2	-1491.706	-0.09547476	15.77373	0.07260137	0.1175606	-0.3851929	0	0	0	
10.488	24	19	49	45	2	-1491.695	-0.1060526	15.80905	0.07371008	0.1168117	-0.4118333	0	0	0	
10.508	24	19	49	45	2	-1491.688	-0.1134134	15.83322	0.06935185	0.1147193	-0.4339901	0	0	0	
10.52	24	19	49	45	2	-1491.682	-0.1191037	15.85167	0.06468598	0.1134236	-0.4471994	0	0	0	
10.548	24	19	49	45	2	-1491.665	-0.1350221	15.90222	0.04949547	0.1117608	-0.4776227	0	0	0	
10.576	24	19	49	45	2	-1491.65	-0.1498604	15.94807	0.03178653	0.1128859	-0.5074478	0	0	0	
10.612	24	19	49	45	2	-1491.631	-0.1678365	16.00231	0.01205385	0.1166697	-0.5450356	0	0	0	
10.636	24	19	49	45	2	-1491.614	-0.1844116	16.05136	0.003819433	0.118812	-0.5696467	0	0	0	
10.664	24	19	49	45	2	-1491.596	-0.2017394	16.10189	0.00053585	0.1199091	-0.5978421	0	0	0	
10.696	24	19	49	46	2	-1491.578	-0.2198016	16.15388	0.004160774	0.1198256	-0.6293319	0	0	0	
10.716	24	19	49	46	2	-1491.564	-0.2331513	16.19189	0.0089503	0.1197025	-0.6486072	0	0	0	
10.74	24	19	49	46	2	-1491.547	-0.2496656	16.23846	0.01532914	0.1199911	-0.6713096	0	0	0	
10.76	24	19	49	46	2	-1491.529	-0.2667247	16.28608	0.01983057	0.1206603	-0.6898642	0	0	0	
10.788	24	19	49	46	2	-1491.508	-0.2873185	16.34293	0.0230988	0.1217857	-0.715288	0	0	0	
10.808	24	19	49	46	2	-1491.492	-0.3024864	16.38439	0.02254021	0.1223355	-0.733068	0	0	0	
10.832	24	19	49	46	2	-1491.473	-0.3211964	16.43505	0.01855898	0.1224665	-0.7539834	0	0	0	
10.852	24	19	49	46	2	-1491.456	-0.3372171	16.47804	0.01289087	0.1221793	-0.7710536	0	0	0	
10.888	24	19	49	46	2	-1491.426	-0.367056	16.55714	-0.0003418408	0.1215259	-0.8009404	0	0	0	
10.912	24	19	49	46	2	-1491.404	-0.3876714	16.6111	-0.009245551	0.1214941	-0.8202797	0	0	0	
10.94	24	19	49	46	2	-1491.379	-0.4124466	16.67527	-0.01765462	0.1219217	-0.8422597	0	0	0	
10.964	24	19	49	46	2	-1491.356	-0.4342896	16.7313	-0.02216908	0.1223761	-0.860597	0	0	0	
10.992	24	19	49	46	2	-1491.33	-0.4604673	16.79784	-0.02388899	0.1226929	-0.8813994	0	0	0	
11.012	24	19	49	46	2	-1491.314	-0.4757575	16.83643	-0.02302873	0.1226798	-0.8958718	0	0	0	
11.036	24	19	49	46	2	-1491.286	-0.5030911	16.90494	-0.02046876	0.1224287	-0.9128184	0	0	0	
11.064	24	19	49	46	2	-1491.257	-0.5311575	16.97468	-0.01678845	0.1219694	-0.9320283	0	0	0	
11.088	24	19	49	46	2	-1491.231	-0.5558008	17.03543	-0.01431623	0.1216131	-0.9480349	0	0	0	
11.104	24	19	49	46	2	-1491.214	-0.572533	17.07641	-0.01349047	0.1214707	-0.9584767	0	0	0	
11.128	24	19	49	46	2	-1491.188	-0.598089	17.13861	-0.0138878	0.1214227	-0.9737971	0	0	0	
11.152	24	19	49	46	2	-1491.161	-0.624196	17.20166	-0.01636452	0.1214971	-0.9887148	0	0	0	
11.176	24	19	49	47	2	-1491.138	-0.6463731	17.25485	-0.02066739	0.1215618	-1.003234	0	0	0	
11.192	24	19	49	47	2	-1491.115	-0.6689325	17.30861	-0.02424361	0.1215163	-1.012697	0	0	0	
11.22	24	19	49	47	2	-1491.082	-0.7011568	17.38483	-0.03100793	0.1211941	-1.028844	0	0	0	
11.244	24	19	49	47	2	-1491.053	-0.7293735	17.45104	-0.03638171	0.120756	-1.042272	0	0	0	
11.272	24	19	49	47	2	-1491.018	-0.7629882	17.52929	-0.04112545	0.1202637	-1.057469	0	0	0	
11.288	24	19	49	47	2	-1490.998	-0.7825317	17.57448	-0.04283375	0.1200471	-1.065932	0	0	0	
11.312	24	19	49	47	2	-1490.973	-0.8073027	17.63145	-0.04394287	0.1198753	-1.078336	0	0	0	
11.34	24	19	49	47	2	-1490.931	-0.8477192	17.72371	-0.04332517	0.1197688	-1.092373	0	0	0	
11.364	24	19	49	47	2	-1490.9	-0.8786572	17.79377	-0.04176416	0.1195756	-1.10404	0	0	0	
11.384	24	19	49	47	2	-1490.873	-0.9048472	17.85273	-0.04026134	0.1193213	-1.11351	0	0	0	
11.404	24	19	49	47	2	-1490.845	-0.9314087	17.91219	-0.03900708	0.1190008	-1.122757	0	0	0	
11.424	24	19	49	47	2	-1490.818	-0.9583433	17.97215	-0.0383128	0.1186627	-1.131789	0	0	0	
11.444	24	19	49	47	2	-1490.79	-0.9856525	18.03261	-0.03840104	0.1183586	-1.140612	0	0	0	
11.484	24	19	49	47	2	-1490.738	-1.035756	18.14265	-0.04120637	0.1179264	-1.157652	0	0	0	
11.508	24	19	49	47	2	-1490.697	-1.075567	18.22931	-0.04433387	0.1177306	-1.167509	0	0	0	
11.532	24	19	49	47	2	-1490.661	-1.110275	18.30431	-0.04803835	0.1174981	-1.17709	0	0	0	
11.552	24	19	49	47	2	-1490.631	-1.139609	18.36731	-0.05116742	0.1172449	-1.184861	0	0	0	
11.564	24	19	49	47	2	-1490.613	-1.157388	18.40533	-0.05291206	0.1170783	-1.189432	0	0	0	
11.588	24	19	49	47	2	-1490.582	-1.187321	18.46905	-0.05581938	0.1167584	-1.198373	0	0	0	
11.624	24	19	49	47	2	-1490.526	-1.24214	18.58486	-0.05822223	0.1163541	-1.211303	0	0	0	
11.644	24	19	49	48	2	-1490.494	-1.273115	18.6498	-0.05849483	0.1161386	-1.218251	0	0	0	
11.664	24	19	49	48	2	-1490.456	-1.310773	18.72829	-0.05813046	0.1159028	-1.225035	0	0	0	
11.684	24	19	49	48	2	-1490.423	-1.342561	18.79415	-0.05733675	0.1156481	-1.231654	0	0	0	
11.704	24	19	49	48	2	-1490.39	-1.374716	18.86043	-0.05638155	0.1153557	-1.238109	0	0	0	
11.732	24	19	49	48	2	-1490.343	-1.420351	18.95391	-0.05528222	0.1149201	-1.246884	0	0	0	
11.756	24	19	49	48	2	-1490.302	-1.460041	19.03467	-0.0549488	0.1145185	-1.255364	0	0	0	
11.78	24	19	49	48	2	-1490.261	-1.500263	19.11599	-0.05535826	0.1142812	-1.261253	0	0	0	
11.812	24	19	49	48	2	-1490.205	-1.554719	19.22528	-0.05718815	0.1140231	-1.270398	0	0	0	
11.836	24	19	49	48	2	-1490.163	-1.59618	19.30789	-0.05932307	0.1138722	-1.277038	0	0	0	
11.86	24	19	49	48	2	-1490.12	-1.638171	19.39104	-0.06179307	0.1136772	-1.283491	0	0	0	
11.884	24	19	49	48	2	-1490.076	-1.680689	19.47471	-0.06423365	0.1133973	-1.289759	0	0	0	
11.92	24	19	49	48	2	-1490.009	-1.745455	19.60119	-0.06711855	0.1129082	-1.298819	0	0	0	
11.944	24	19	49	48	2	-1489.964	-1.789294	19.68614	-0.06820159	0.112639	-1.304646	0	0	0	
11.968	24	19	49	48	2	-1489.919	-1.833659	19.77159	-0.06855366	0.1124306	-1.310308	0	0	0	
11.992	24	19	49	48	2	-1489.873	-1.878549	19.85753	-0.06828437	0.1122228	-1.315803	0	0	0	
12.02	24	19	49	48	2	-1489.819	-1.931582	19.9584	-0.06750259	0.1119002	-1.322007	0	0	0	
12.048	24	19	49	48	2	-1489.763	-1.985322	20.05992	-0.06666733	0.1114412	-1.327999	0	0	0	
12.084	24	19	49	48	2	-1489.691	-2.055461	20.19139	-0.06620568	0.1108958	-1.335413	0	0	0	
12.12	24	19	49	48	2	-1489.618	-2.126777	20.32389	-0.06692461	0.1105951	-1.342536	0	0	0	
12.152	24	19	49	48	2	-1489.552	-2.191155	20.44251	-0.06855429	0.1104674	-1.348629	0	0	0	
12.192	24	19	49	49	2	-1489.468	-2.272928	20.59187	-0.07131092	0.1103199	-1.355925	0	0	0	
12.232	24	19	49	49	2	-1489.383	-2.35614	20.7424	-0.073862	0.1100186	-1.362868	0	0	0	
12.252	24	19	49	49	2	-1489.34	-2.398286	20.8181	-0.07474863	0.109834	-1.36621	0	0	0	
12.272	24	19	49	49	2	-1489.296	-2.440792	20.89408	-0.07528273	0.1096198	-1.369464	0	0	0	
12.296	24	19	49	49	2	-1489.252	-2.483656	20.97033	-0.07545526	0.1093703	-1.373261	0	0	0	
12.316	24	19	49	49	2	-1489.199	-2.535568	21.06221	-0.07527279	0.1091877	-1.376342	0	0	0	
12.336	24	19	49	49	2	-1489.154	-2.579222	21.13907	-0.07490133	0.109026	-1.379352	0	0	0	
12.356	24	19	49	49	2	-1489.109	-2.623234	21.21619	-0.07446577	0.1088779	-1.382291	0	0	0	
12.38	24	19	49	49	2	-1489.054	-2.676521	21.3091	-0.07402233	0.1087385	-1.385726	0	0	0	
12.404	24	19	49	49	2	-1488.999	-2.730322	21.40238	-0.07381052	0.108595	-1.389056	0	0	0	
12.424	24	19	49	49	2	-1488.953	-2.775548	21.48041	-0.07389871	0.1084497	-1.391757	0	0	0	
12.448	24	19	49	49	2	-1488.897	-2.830289	21.57437	-0.07436306	0.1082381	-1.394916	0	0	0	
12.48	24	19	49	49	2	-1488.821	-2.904074	21.70021	-0.07551741	0.107959	-1.398988	0	0	0	
12.516	24	19	49	49	2	-1488.744	-2.97877	21.82668	-0.07717891	0.1077423	-1.40339	0	0	0	
12.544	24	19	49	49	2	-1488.667	-3.054377	21.95376	-0.07841279	0.1076477	-1.406686	0	0	0	
12.572	24	19	49	49	2	-1488.598	-3.121277	22.06545	-0.07935623	0.107526	-1.409864	0	0	0	
12.604	24	19	49	49	2	-1488.529	-3.188868	22.17759	-0.07991629	0.1072721	-1.413354	0	0	0	
12.64	24	19	49	49	2	-1488.429	-3.286627	22.33856	-0.07989323	0.1069772	-1.417109	0	0	0	
12.68	24	19	49	49	2	-1488.327	-3.385798	22.50042	-0.07943399	0.1067977	-1.421101	0	0	0	
12.708	24	19	49	49	2	-1488.265	-3.445976	22.59795	-0.07914909	0.1066676	-1.423788	0	0	0	
12.732	24	19	49	50	2	-1488.193	-3.516822	22.71213	-0.07907353	0.1065338	-1.426023	0	0	0	
12.764	24	19	49	50	2	-1488.109	-3.598631	22.84313	-0.07933636	0.1063813	-1.428908	0	0	0	
12.784	24	19	49	50	2	-1488.056	-3.650217	22.92527	-0.07971822	0.1062938	-1.430656	0	0	0	
12.8	24	19	49	50	2	-1488.013	-3.691738	22.99113	-0.08011634	0.1062144	-1.432024	0	0	0	
12.82	24	19	49	50	2	-1487.96	-3.743954	23.07364	-0.08068561	0.1061223	-1.433698	0	0	0	
12.836	24	19	49	50	2	-1487.916	-3.785978	23.1398	-0.08115489	0.1060561	-1.435009	0	0	0	
12.86	24	19	49	50	2	-1487.862	-3.838823	23.22266	-0.08183252	0.1059559	-1.436924	0	0	0	
12.88	24	19	49	50	2	-1487.797	-3.902697	23.32236	-0.0823176	0.1058731	-1.438476	0	0	0	
12.916	24	19	49	50	2	-1487.698	-3.999448	23.47242	-0.082892	0.1057159	-1.441169	0	0	0	
12.956	24	19	49	50	2	-1487.586	-4.10827	23.63987	-0.08300711	0.105551	-1.444027	0	0	0	
12.992	24	19	49	50	2	-1487.484	-4.207396	23.79121	-0.08282025	0.1054131	-1.446494	0	0	0	
13.032	24	19	49	50	2	-1487.37	-4.318852	23.96005	-0.08260192	0.1052314	-1.449117	0	0	0	
13.056	24	19	49	50	2	-1487.301	-4.386389	24.06169	-0.08259018	0.1051312	-1.450635	0	0	0	
13.08	24	19	49	50	2	-1487.231	-4.454424	24.16358	-0.08272368	0.105062	-1.452113	0	0	0	
13.096	24	19	49	50	2	-1487.184	-4.500056	24.23165	-0.08289173	0.105017	-1.453074	0	0	0	
13.132	24	19	49	50	2	-1487.078	-4.603534	24.38519	-0.08344399	0.1048994	-1.455171	0	0	0	
13.152	24	19	49	50	2	-1487.019	-4.661502	24.47073	-0.08388964	0.1047764	-1.456514	0	0	0	
13.18	24	19	49	50	2	-1486.935	-4.743234	24.59075	-0.0843275	0.1046492	-1.45782	0	0	0	
13.208	24	19	49	50	2	-1486.862	-4.813825	24.69388	-0.08474549	0.1045374	-1.459301	0	0	0	
13.232	24	19	49	50	2	-1486.777	-4.896805	24.81449	-0.08499394	0.1044773	-1.46053	0	0	0	
13.256	24	19	49	51	2	-1486.704	-4.968464	24.91811	-0.0851374	0.1044347	-1.461719	0	0	0	
13.276	24	19	49	51	2	-1486.642	-5.028554	25.00463	-0.08518471	0.1043866	-1.462683	0	0	0	
13.304	24	19	49	51	2	-1486.568	-5.101112	25.10865	-0.08515968	0.1042951	-1.463991	0	0	0	
13.324	24	19	49	51	2	-1486.505	-5.161952	25.19551	-0.0851121	0.104234	-1.4649	0	0	0	
13.348	24	19	49	51	2	-1486.43	-5.235408	25.29992	-0.08507635	0.1041871	-1.465967	0	0	0	
13.376	24	19	49	51	2	-1486.329	-5.334112	25.43946	-0.08511533	0.1041975	-1.467178	0	0	0	
13.396	24	19	49	51	2	-1486.265	-5.396244	25.52685	-0.08525363	0.1042861	-1.468193	0	0	0	
13.424	24	19	49	51	2	-1486.188	-5.47125	25.63189	-0.08549884	0.1043947	-1.469183	0	0	0	
13.456	24	19	49	51	2	-1486.085	-5.572013	25.77222	-0.08597266	0.104456	-1.470459	0	0	0	
13.476	24	19	49	51	2	-1486.02	-5.635428	25.86008	-0.08631988	0.1044557	-1.471228	0	0	0	
13.492	24	19	49	51	2	-1485.954	-5.699181	25.94806	-0.08666874	0.1044585	-1.47198	0	0	0	
13.516	24	19	49	51	2	-1485.875	-5.776129	26.05376	-0.08699606	0.1044876	-1.472716	0	0	0	
13.54	24	19	49	51	2	-1485.796	-5.853563	26.15961	-0.08733645	0.1045368	-1.473578	0	0	0	
13.564	24	19	49	51	2	-1485.716	-5.93148	26.2656	-0.08758899	0.1045916	-1.474414	0	0	0	
13.584	24	19	49	51	2	-1485.649	-5.996781	26.35403	-0.08773169	0.1046459	-1.475096	0	0	0	
13.608	24	19	49	51	2	-1485.568	-6.075585	26.46025	-0.08782758	0.1047261	-1.475901	0	0	0	
13.628	24	19	49	51	2	-1485.5	-6.141625	26.54886	-0.08785651	0.1048061	-1.476555	0	0	0	
13.656	24	19	49	51	2	-1485.419	-6.221314	26.65528	-0.08785541	0.1049007	-1.477437	0	0	0	
13.676	24	19	49	51	2	-1485.336	-6.301483	26.76182	-0.087854	0.1049283	-1.478043	0	0	0	
13.692	24	19	49	51	2	-1485.281	-6.355197	26.83289	-0.08786548	0.1049268	-1.478515	0	0	0	
13.712	24	19	49	52	2	-1485.226	-6.409123	26.904	-0.08791361	0.1049102	-1.479092	0	0	0	
13.74	24	19	49	52	2	-1485.115	-6.517618	27.04635	-0.08807458	0.1049186	-1.479886	0	0	0	
13.78	24	19	49	52	2	-1484.974	-6.654437	27.22446	-0.08848658	0.1050256	-1.480992	0	0	0	
13.82	24	19	49	52	2	-1484.833	-6.792586	27.40275	-0.08900709	0.1051388	-1.482052	0	0	0	
13.86	24	19	49	52	2	-1484.69	-6.932061	27.5812	-0.0894853	0.1052035	-1.483069	0	0	0	
13.884	24	19	49	52	2	-1484.603	-7.016382	27.68832	-0.08969307	0.1052527	-1.483658	0	0	0	
13.916	24	19	49	52	2	-1484.487	-7.129552	27.83121	-0.08984319	0.1053341	-1.484413	0	0	0	
13.948	24	19	49	52	2	-1484.37	-7.243567	27.97414	-0.08991177	0.1054144	-1.485222	0	0	0	
13.976	24	19	49	52	2	-1484.282	-7.329631	28.08137	-0.08994447	0.1054284	-1.485739	0	0	0	
13.996	24	19	49	52	2	-1484.193	-7.41617	28.1886	-0.08998218	0.1054568	-1.486159	0	0	0	
14.024	24	19	49	52	2	-1484.089	-7.517732	28.31372	-0.09007977	0.1055279	-1.486741	0	0	0	
14.056	24	19	49	52	2	-1483.969	-7.634592	28.4567	-0.09028107	0.1056631	-1.487387	0	0	0	
14.08	24	19	49	52	2	-1483.878	-7.722789	28.56393	-0.09048282	0.1057756	-1.487853	0	0	0	
14.1	24	19	49	52	2	-1483.802	-7.796646	28.65328	-0.09070231	0.1058519	-1.488301	0	0	0	
14.12	24	19	49	52	2	-1483.726	-7.87083	28.74261	-0.09088309	0.1058715	-1.488659	0	0	0	
14.144	24	19	49	52	2	-1483.634	-7.960282	28.84978	-0.09104939	0.1058453	-1.489001	0	0	0	
14.18	24	19	49	52	2	-1483.511	-8.080281	28.99263	-0.09128708	0.1057492	-1.48959	0	0	0	
14.208	24	19	49	52	2	-1483.403	-8.185966	29.11756	-0.09140034	0.1057624	-1.490046	0	0	0	
14.232	24	19	49	52	2	-1483.294	-8.292292	29.24243	-0.09144363	0.1058753	-1.49044	0	0	0	
14.26	24	19	49	52	2	-1483.184	-8.399257	29.36724	-0.09147797	0.1060648	-1.490891	0	0	0	
14.28	24	19	49	53	2	-1483.105	-8.47605	29.45633	-0.09151875	0.1061968	-1.491205	0	0	0	
14.308	24	19	49	53	2	-1482.994	-8.584104	29.58099	-0.09160225	0.1062854	-1.49163	0	0	0	
14.332	24	19	49	53	2	-1482.899	-8.677225	29.68777	-0.09169771	0.1062572	-1.491978	0	0	0	
14.36	24	19	49	53	2	-1482.802	-8.770812	29.79448	-0.09182849	0.1061881	-1.492369	0	0	0	
14.384	24	19	49	53	2	-1482.706	-8.864865	29.9011	-0.09195878	0.1061846	-1.492697	0	0	0	
14.404	24	19	49	53	2	-1482.609	-8.959385	30.00764	-0.09208293	0.1062339	-1.492967	0	0	0	
14.428	24	19	49	53	2	-1482.528	-9.038507	30.09636	-0.0922458	0.1063408	-1.493287	0	0	0	
14.444	24	19	49	53	2	-1482.446	-9.117951	30.18501	-0.09235143	0.1064227	-1.493496	0	0	0	
14.464	24	19	49	53	2	-1482.381	-9.181738	30.25588	-0.09248426	0.1064966	-1.493752	0	0	0	
14.48	24	19	49	53	2	-1482.298	-9.26176	30.3444	-0.09259076	0.1065227	-1.493952	0	0	0	
14.512	24	19	49	53	2	-1482.166	-9.390462	30.48588	-0.09278009	0.1065189	-1.494338	0	0	0	
14.54	24	19	49	53	2	-1482.05	-9.50375	30.60952	-0.09289398	0.1065373	-1.49467	0	0	0	
14.576	24	19	49	53	2	-1481.9	-9.650332	30.76825	-0.09298109	0.1066667	-1.495087	0	0	0	
14.608	24	19	49	53	2	-1481.765	-9.781499	30.90911	-0.09302174	0.106816	-1.495445	0	0	0	
14.632	24	19	49	53	2	-1481.663	-9.880409	31.0146	-0.09305117	0.1068831	-1.495707	0	0	0	
14.66	24	19	49	53	2	-1481.544	-9.996385	31.1375	-0.09310392	0.1068865	-1.495999	0	0	0	
14.7	24	19	49	53	2	-1481.373	-10.16314	31.31275	-0.09324965	0.1068146	-1.496394	0	0	0	
14.74	24	19	49	53	2	-1481.218	-10.31432	31.47013	-0.09346693	0.1068139	-1.496783	0	0	0	
14.76	24	19	49	53	2	-1481.114	-10.41567	31.57486	-0.09358198	0.1068735	-1.496978	0	0	0	
14.784	24	19	49	53	2	-1481.009	-10.51748	31.67944	-0.09370708	0.1069705	-1.49721	0	0	0	
14.808	24	19	49	54	2	-1480.904	-10.61975	31.78385	-0.0938109	0.1070673	-1.497436	0	0	0	
14.836	24	19	49	54	2	-1480.799	-10.72247	31.8881	-0.09390892	0.1071469	-1.497687	0	0	0	
14.868	24	19	49	54	2	-1480.639	-10.87741	32.04415	-0.09398901	0.1072079	-1.497963	0	0	0	
14.9	24	19	49	54	2	-1480.515	-10.99862	32.16526	-0.09404253	0.1072117	-1.49823	0	0	0	
14.932	24	19	49	54	2	-1480.354	-11.15536	32.32061	-0.0940608	0.1071179	-1.498488	0	0	0	
14.956	24	19	49	54	2	-1480.264	-11.24288	32.40674	-0.09405994	0.1070598	-1.498674	0	0	0	
14.972	24	19	49	54	2	-1480.174	-11.33072	32.49275	-0.09406575	0.1070799	-1.498799	0	0	0	
14.996	24	19	49	54	2	-1480.065	-11.43654	32.59578	-0.09411579	0.1071812	-1.49899	0	0	0	
15.016	24	19	49	54	2	-1479.992	-11.50734	32.66436	-0.09419884	0.107296	-1.499149	0	0	0	
15.04	24	19	49	54	2	-1479.865	-11.63171	32.78416	-0.09432913	0.1073948	-1.499332	0	0	0	
15.068	24	19	49	54	2	-1479.736	-11.7567	32.90369	-0.09449786	0.1074178	-1.499537	0	0	0	
15.088	24	19	49	54	2	-1479.644	-11.84634	32.9889	-0.09461747	0.1074177	-1.499679	0	0	0	
15.116	24	19	49	54	2	-1479.515	-11.97238	33.10796	-0.09476326	0.1074168	-1.499875	0	0	0	
15.14	24	19	49	54	2	-1479.403	-12.08089	33.20978	-0.09484356	0.1074269	-1.50004	0	0	0	
15.172	24	19	49	54	2	-1479.254	-12.22627	33.34521	-0.09487912	0.1074906	-1.500251	0	0	0	
15.188	24	19	49	54	2	-1479.198	-12.281	33.39589	-0.09487481	0.1075321	-1.500356	0	0	0	
15.208	24	19	49	54	2	-1479.085	-12.39078	33.4971	-0.09485901	0.1075725	-1.500486	0	0	0	
15.228	24	19	49	54	2	-1478.99	-12.48261	33.58127	-0.09484715	0.1076118	-1.500617	0	0	0	
15.252	24	19	49	54	2	-1478.877	-12.5932	33.68207	-0.09485687	0.1076239	-1.500771	0	0	0	
15.28	24	19	49	54	2	-1478.744	-12.7228	33.79938	-0.09490991	0.1075747	-1.500946	0	0	0	
15.3	24	19	49	55	2	-1478.648	-12.81573	33.88298	-0.09498107	0.1075095	-1.501094	0	0	0	
15.328	24	19	49	55	2	-1478.514	-12.94636	33.99974	-0.09506468	0.1074854	-1.501245	0	0	0	
15.368	24	19	49	55	2	-1478.321	-13.13402	34.16599	-0.09522094	0.1075768	-1.501498	0	0	0	
15.408	24	19	49	55	2	-1478.127	-13.32291	34.33157	-0.09531438	0.1075941	-1.501731	0	0	0	
15.448	24	19	49	55	2	-1477.932	-13.51302	34.49647	-0.095359	0.1075828	-1.501956	0	0	0	
15.472	24	19	49	55	2	-1477.833	-13.60853	34.57866	-0.09540125	0.1076379	-1.502096	0	0	0	
15.496	24	19	49	55	2	-1477.695	-13.74277	34.69344	-0.0954656	0.1077245	-1.502236	0	0	0	
15.54	24	19	49	55	2	-1477.477	-13.95491	34.8731	-0.09561022	0.1077529	-1.502471	0	0	0	
15.58	24	19	49	55	2	-1477.278	-14.14904	35.03567	-0.09570168	0.1076862	-1.502668	0	0	0	
15.604	24	19	49	55	2	-1477.158	-14.26611	35.13287	-0.09572692	0.1077109	-1.502795	0	0	0	
15.64	24	19	49	55	2	-1476.996	-14.42287	35.26206	-0.09572559	0.1077843	-1.503001	0	0	0	
15.676	24	19	49	55	2	-1476.814	-14.60016	35.40683	-0.09569799	0.1077605	-1.503199	0	0	0	
15.696	24	19	49	55	2	-1476.692	-14.71889	35.503	-0.0956889	0.1077253	-1.503306	0	0	0	
15.716	24	19	49	55	2	-1476.59	-14.81817	35.58294	-0.09569656	0.1077219	-1.503439	0	0	0	
15.748	24	19	49	55	2	-1476.426	-14.97764	35.71044	-0.09575344	0.1077866	-1.5036	0	0	0	
15.788	24	19	49	55	2	-1476.241	-15.15797	35.85329	-0.09590478	0.1079276	-1.50384	0	0	0	
15.808	24	19	49	55	2	-1476.116	-15.27873	35.94817	-0.09598301	0.1079251	-1.503954	0	0	0	
15.84	24	19	49	55	2	-1475.95	-15.44041	36.07424	-0.09610236	0.1078563	-1.504133	0	0	0	
15.868	24	19	49	55	2	-1475.804	-15.58251	36.18413	-0.09619838	0.107835	-1.504312	0	0	0	
15.888	24	19	49	55	2	-1475.72	-15.66397	36.24676	-0.09623246	0.1078337	-1.5044	0	0	0	
15.908	24	19	49	56	2	-1475.594	-15.78652	36.34044	-0.09626681	0.1078144	-1.50451	0	0	0	
15.924	24	19	49	56	2	-1475.51	-15.86846	36.40274	-0.09629064	0.1077859	-1.504599	0	0	0	
15.936	24	19	49	56	2	-1475.468	-15.9095	36.43384	-0.09630209	0.1077628	-1.504666	0	0	0	
15.96	24	19	49	56	2	-1475.32	-16.05353	36.54244	-0.09631369	0.107735	-1.504802	0	0	0	
15.984	24	19	49	56	2	-1475.192	-16.17744	36.6352	-0.09630921	0.1077543	-1.504939	0	0	0	
16.008	24	19	49	56	2	-1475.064	-16.30178	36.72766	-0.09629817	0.1078137	-1.505079	0	0	0	
16.04	24	19	49	56	2	-1474.893	-16.46822	36.85048	-0.09628812	0.1078674	-1.505258	0	0	0	
16.06	24	19	49	56	2	-1474.786	-16.57264	36.92698	-0.09628955	0.1078502	-1.505359	0	0	0	
16.08	24	19	49	56	2	-1474.678	-16.67735	37.00326	-0.09630464	0.1078173	-1.505454	0	0	0	
16.104	24	19	49	56	2	-1474.57	-16.78235	37.07934	-0.09634207	0.107766	-1.505565	0	0	0	
16.124	24	19	49	56	2	-1474.44	-16.90875	37.17034	-0.09639121	0.1077285	-1.505654	0	0	0	
16.148	24	19	49	56	2	-1474.309	-17.03557	37.26105	-0.09646273	0.1077388	-1.505763	0	0	0	
16.172	24	19	49	56	2	-1474.179	-17.16281	37.35144	-0.096533	0.1077784	-1.505871	0	0	0	
16.2	24	19	49	56	2	-1474.025	-17.3118	37.45651	-0.09659596	0.1078009	-1.505989	0	0	0	
16.224	24	19	49	56	2	-1473.893	-17.43996	37.54623	-0.09661986	0.1077965	-1.506101	0	0	0	
16.248	24	19	49	56	2	-1473.761	-17.56854	37.63565	-0.09661634	0.1077671	-1.506174	0	0	0	
16.272	24	19	49	56	2	-1473.628	-17.69754	37.72474	-0.0965975	0.1077441	-1.506257	0	0	0	
16.3	24	19	49	56	2	-1473.495	-17.82697	37.81353	-0.0965668	0.1077667	-1.506354	0	0	0	
16.328	24	19	49	56	2	-1473.317	-18.00019	37.93141	-0.09656336	0.1077919	-1.506456	0	0	0	
16.352	24	19	49	56	2	-1473.183	-18.13059	38.01946	-0.09658211	0.107798	-1.506549	0	0	0	
16.372	24	19	49	57	2	-1473.071	-18.23958	38.09259	-0.09660308	0.1077802	-1.506626	0	0	0	
16.396	24	19	49	57	2	-1472.958	-18.34886	38.1655	-0.09663065	0.1077482	-1.506719	0	0	0	
16.416	24	19	49	57	2	-1472.823	-18.48038	38.25269	-0.09665336	0.1077335	-1.5068	0	0	0	
16.432	24	19	49	57	2	-1472.755	-18.5463	38.29617	-0.09667123	0.107728	-1.506865	0	0	0	
16.452	24	19	49	57	2	-1472.619	-18.67845	38.38289	-0.09670158	0.1077354	-1.506949	0	0	0	
16.48	24	19	49	57	2	-1472.46	-18.83314	38.48365	-0.09676473	0.1077507	-1.507071	0	0	0	
16.492	24	19	49	57	2	-1472.391	-18.89962	38.52669	-0.09679578	0.1077431	-1.50712	0	0	0	
16.52	24	19	49	57	2	-1472.254	-19.03287	38.61254	-0.09685826	0.107668	-1.507224	0	0	0	
16.544	24	19	49	57	2	-1472.093	-19.18886	38.71229	-0.09689405	0.1076111	-1.50731	0	0	0	
16.584	24	19	49	57	2	-1471.863	-19.41268	38.85401	-0.09691839	0.1076437	-1.507458	0	0	0	
16.604	24	19	49	57	2	-1471.747	-19.52502	38.92453	-0.09691451	0.1076471	-1.507529	0	0	0	
16.636	24	19	49	57	2	-1471.562	-19.70536	39.03688	-0.09688157	0.1075945	-1.507634	0	0	0	
16.66	24	19	49	57	2	-1471.422	-19.8411	39.12076	-0.09682115	0.1075199	-1.507707	0	0	0	
16.688	24	19	49	57	2	-1471.258	-19.99998	39.21821	-0.09676369	0.1074988	-1.507799	0	0	0	
16.704	24	19	49	57	2	-1471.165	-20.09102	39.27369	-0.09674565	0.1075366	-1.507858	0	0	0	
16.736	24	19	49	57	2	-1470.977	-20.27365	39.38421	-0.09674078	0.107579	-1.50797	0	0	0	
16.776	24	19	49	57	2	-1470.74	-20.50296	39.52153	-0.09677933	0.1075054	-1.5081	0	0	0	
16.808	24	19	49	57	2	-1470.551	-20.68722	39.63071	-0.09684118	0.1075071	-1.508212	0	0	0	
16.84	24	19	49	57	2	-1470.36	-20.87222	39.7393	-0.09691226	0.1075614	-1.508335	0	0	0	
16.876	24	19	49	57	2	-1470.169	-21.05793	39.84729	-0.09696786	0.1075224	-1.508477	0	0	0	
16.9	24	19	49	58	2	-1470.025	-21.1977	39.92789	-0.09699683	0.1074342	-1.508567	0	0	0	
16.928	24	19	49	58	2	-1469.832	-21.38468	40.03484	-0.09700847	0.1073402	-1.508678	0	0	0	
16.968	24	19	49	58	2	-1469.591	-21.61942	40.16768	-0.0969891	0.1073133	-1.508845	0	0	0	
17.008	24	19	49	58	2	-1469.348	-21.85528	40.29958	-0.09695986	0.1072667	-1.508995	0	0	0	
17.04	24	19	49	58	2	-1469.152	-22.04478	40.40442	-0.09691634	0.1071923	-1.509117	0	0	0	
17.072	24	19	49	58	2	-1468.981	-22.21118	40.49566	-0.0968741	0.1071558	-1.50925	0	0	0	
17.092	24	19	49	58	2	-1468.834	-22.35424	40.57349	-0.09686861	0.1071722	-1.509356	0	0	0	
17.128	24	19	49	58	2	-1468.636	-22.54561	40.67675	-0.09689591	0.1071852	-1.509499	0	0	0	
17.168	24	19	49	58	2	-1468.364	-22.80991	40.81773	-0.09696358	0.1070801	-1.509664	0	0	0	
17.196	24	19	49	58	2	-1468.215	-22.95464	40.89415	-0.09701287	0.1070023	-1.50978	0	0	0	
17.212	24	19	49	58	2	-1468.09	-23.07556	40.95756	-0.09703581	0.1069825	-1.509869	0	0	0	
17.236	24	19	49	58	2	-1467.94	-23.22102	41.03335	-0.09705318	0.10699	-1.509963	0	0	0	
17.256	24	19	49	58	2	-1467.84	-23.31822	41.08368	-0.09706688	0.1070448	-1.510062	0	0	0	
17.276	24	19	49	58	2	-1467.69	-23.46434	41.1589	-0.09707038	0.1070954	-1.51016	0	0	0	
17.3	24	19	49	58	2	-1467.539	-23.61087	41.23377	-0.09706461	0.1070806	-1.510287	0	0	0	
17.332	24	19	49	58	2	-1467.337	-23.80685	41.33306	-0.09705608	0.1069468	-1.510395	0	0	0	
17.352	24	19	49	58	2	-1467.21	-23.92969	41.39481	-0.0970456	0.1068148	-1.51047	0	0	0	
17.376	24	19	49	58	2	-1467.058	-24.07746	41.46859	-0.09702925	0.1066933	-1.510564	0	0	0	
17.396	24	19	49	58	2	-1466.93	-24.20091	41.52981	-0.09702131	0.1066376	-1.510662	0	0	0	
17.416	24	19	49	58	2	-1466.803	-24.32463	41.5908	-0.09702012	0.106652	-1.510731	0	0	0	
17.432	24	19	49	59	2	-1466.701	-24.42381	41.63941	-0.09702475	0.1067028	-1.510802	0	0	0	
17.46	24	19	49	59	2	-1466.521	-24.59779	41.72412	-0.09703022	0.1068152	-1.510927	0	0	0	
17.492	24	19	49	59	2	-1466.341	-24.7723	41.80836	-0.09702669	0.1068681	-1.511063	0	0	0	
17.516	24	19	49	59	2	-1466.161	-24.94734	41.89212	-0.09702741	0.1068104	-1.511175	0	0	0	
17.544	24	19	49	59	2	-1465.98	-25.12292	41.97542	-0.09702196	0.1066867	-1.511263	0	0	0	
17.572	24	19	49	59	2	-1465.798	-25.29903	42.05826	-0.09701785	0.1065252	-1.511359	0	0	0	
17.596	24	19	49	59	2	-1465.642	-25.4504	42.12888	-0.0970193	0.1064502	-1.511446	0	0	0	
17.636	24	19	49	59	2	-1465.381	-25.70356	42.24582	-0.097018	0.1064201	-1.511599	0	0	0	
17.676	24	19	49	59	2	-1465.119	-25.95779	42.36181	-0.09696719	0.1063833	-1.511751	0	0	0	
17.72	24	19	49	59	2	-1464.856	-26.2131	42.47685	-0.09684931	0.1063068	-1.511919	0	0	0	
17.748	24	19	49	59	2	-1464.671	-26.39246	42.55682	-0.09679827	0.106267	-1.51203	0	0	0	
17.772	24	19	49	59	2	-1464.512	-26.54661	42.62499	-0.09676786	0.1061726	-1.512119	0	0	0	
17.804	24	19	49	59	2	-1464.272	-26.77856	42.72661	-0.09674058	0.1060531	-1.512239	0	0	0	
17.836	24	19	49	59	2	-1464.059	-26.98547	42.81629	-0.09677658	0.1060691	-1.51237	0	0	0	
17.872	24	19	49	59	2	-1463.818	-27.21906	42.91646	-0.09687859	0.1061364	-1.512526	0	0	0	
17.896	24	19	49	59	2	-1463.657	-27.37526	42.98282	-0.09695188	0.1061441	-1.512626	0	0	0	
17.916	24	19	49	59	2	-1463.522	-27.50572	43.03785	-0.09699796	0.1060991	-1.512701	0	0	0	
17.944	24	19	49	59	2	-1463.333	-27.68881	43.1145	-0.09703042	0.1059734	-1.512799	0	0	0	
17.98	24	19	49	59	2	-1463.089	-27.92497	43.21238	-0.09699113	0.1058741	-1.512933	0	0	0	
18.004	24	19	49	59	2	-1462.926	-28.08289	43.2772	-0.09690129	0.1058724	-1.513029	0	0	0	
18.028	24	19	50	0	2	-1462.763	-28.24119	43.34168	-0.09678383	0.1058544	-1.513122	0	0	0	
18.052	24	19	50	0	2	-1462.599	-28.39987	43.40583	-0.09667732	0.1057957	-1.51321	0	0	0	
18.072	24	19	50	0	2	-1462.463	-28.5324	43.45903	-0.09661576	0.1057488	-1.513286	0	0	0	
18.096	24	19	50	0	2	-1462.298	-28.69177	43.52255	-0.09658355	0.1057194	-1.513384	0	0	0	
18.112	24	19	50	0	2	-1462.188	-28.79823	43.56471	-0.09658855	0.1057015	-1.513449	0	0	0	
18.136	24	19	50	0	2	-1462.023	-28.95823	43.62767	-0.09663162	0.1056676	-1.513542	0	0	0	
18.16	24	19	50	0	2	-1461.858	-29.11861	43.6903	-0.09672102	0.1056282	-1.513647	0	0	0	
18.184	24	19	50	0	2	-1461.692	-29.27937	43.75258	-0.09678667	0.1055636	-1.513718	0	0	0	
18.204	24	19	50	0	2	-1461.553	-29.41362	43.80423	-0.09682986	0.1054756	-1.51379	0	0	0	
18.224	24	19	50	0	2	-1461.414	-29.54813	43.85564	-0.09685299	0.105397	-1.513863	0	0	0	
18.248	24	19	50	0	2	-1461.247	-29.70989	43.91703	-0.09687775	0.1053479	-1.513957	0	0	0	
18.276	24	19	50	0	2	-1461.052	-29.89908	43.98822	-0.09689283	0.1053502	-1.514071	0	0	0	
18.312	24	19	50	0	2	-1460.8	-30.14307	44.07909	-0.09685248	0.1053162	-1.514206	0	0	0	
18.34	24	19	50	0	2	-1460.603	-30.33342	44.14924	-0.09677363	0.1052533	-1.514307	0	0	0	
18.368	24	19	50	0	2	-1460.406	-30.52428	44.21895	-0.09668177	0.1051835	-1.514409	0	0	0	
18.392	24	19	50	0	2	-1460.237	-30.68827	44.27833	-0.09660449	0.1051012	-1.514499	0	0	0	
18.416	24	19	50	0	2	-1460.095	-30.82522	44.32756	-0.09653582	0.1050258	-1.514593	0	0	0	
18.436	24	19	50	0	2	-1459.925	-30.98989	44.38634	-0.09649811	0.1049878	-1.514674	0	0	0	
18.464	24	19	50	0	2	-1459.726	-31.18248	44.45449	-0.09646446	0.1049452	-1.514788	0	0	0	
18.5	24	19	50	0	2	-1459.47	-31.43083	44.54146	-0.09644657	0.1049429	-1.514957	0	0	0	
18.524	24	19	50	1	2	-1459.298	-31.59686	44.59903	-0.09644604	0.1049388	-1.515047	0	0	0	
18.552	24	19	50	1	2	-1459.098	-31.79102	44.66578	-0.09645724	0.1049283	-1.515176	0	0	0	
18.588	24	19	50	1	2	-1458.839	-32.04139	44.75094	-0.09649103	0.1048255	-1.515338	0	0	0	
18.62	24	19	50	1	2	-1458.609	-32.26464	44.82603	-0.09648267	0.1046836	-1.515472	0	0	0	
18.64	24	19	50	1	2	-1458.464	-32.4045	44.87266	-0.09646768	0.1046041	-1.515554	0	0	0	
18.656	24	19	50	1	2	-1458.348	-32.51657	44.90981	-0.09645792	0.1045493	-1.515621	0	0	0	
18.676	24	19	50	1	2	-1458.203	-32.65688	44.95604	-0.0964477	0.1045022	-1.515726	0	0	0	
18.696	24	19	50	1	2	-1458.058	-32.79745	45.00204	-0.09644145	0.1045055	-1.515798	0	0	0	
18.72	24	19	50	1	2	-1457.883	-32.96647	45.05695	-0.0964282	0.1045335	-1.515906	0	0	0	
18.74	24	19	50	1	2	-1457.737	-33.1076	45.10245	-0.09640862	0.1045339	-1.515994	0	0	0	
18.764	24	19	50	1	2	-1457.591	-33.24898	45.14774	-0.0963813	0.1044849	-1.516097	0	0	0	
18.784	24	19	50	1	2	-1457.416	-33.41896	45.20178	-0.09635393	0.1044087	-1.516181	0	0	0	
18.808	24	19	50	1	2	-1457.269	-33.56089	45.24657	-0.09632027	0.1043077	-1.516279	0	0	0	
18.824	24	19	50	1	2	-1457.122	-33.70307	45.29114	-0.09630001	0.1042584	-1.516345	0	0	0	
18.844	24	19	50	1	2	-1456.975	-33.8455	45.33548	-0.09627278	0.1042144	-1.516426	0	0	0	
18.864	24	19	50	1	2	-1456.827	-33.98819	45.3796	-0.0962457	0.1041875	-1.51651	0	0	0	
18.888	24	19	50	1	2	-1456.65	-34.15974	45.43226	-0.09621252	0.1041797	-1.516612	0	0	0	
18.908	24	19	50	1	2	-1456.502	-34.30297	45.47589	-0.09619545	0.1041702	-1.516698	0	0	0	
18.932	24	19	50	1	2	-1456.324	-34.47518	45.52797	-0.09618561	0.1041486	-1.516798	0	0	0	
18.952	24	19	50	1	2	-1456.175	-34.61896	45.57112	-0.09618873	0.1041055	-1.516874	0	0	0	
18.972	24	19	50	2	2	-1456.026	-34.76299	45.61405	-0.09619458	0.1040335	-1.516949	0	0	0	
19.004	24	19	50	2	2	-1455.788	-34.99395	45.68229	-0.09621116	0.1038711	-1.517069	0	0	0	
19.036	24	19	50	2	2	-1455.548	-35.22555	45.74997	-0.09621507	0.1037348	-1.517197	0	0	0	
19.06	24	19	50	2	2	-1455.368	-35.39967	45.80037	-0.0962095	0.1037136	-1.517306	0	0	0	
19.092	24	19	50	2	2	-1455.127	-35.63238	45.86708	-0.09619406	0.1037979	-1.517462	0	0	0	
19.108	24	19	50	2	2	-1455.007	-35.74897	45.90023	-0.0961815	0.1038106	-1.517549	0	0	0	
19.144	24	19	50	2	2	-1454.735	-36.01188	45.97432	-0.09615438	0.1036829	-1.517665	0	0	0	
19.164	24	19	50	2	2	-1454.584	-36.15828	46.01517	-0.09612714	0.103584	-1.517738	0	0	0	
19.184	24	19	50	2	2	-1454.341	-36.39303	46.0801	-0.09608457	0.1034717	-1.517886	0	0	0	
19.184	24	19	50	2	2	-1454.097	-36.62842	46.14448	-0.0960711	0.1034368	-1.518013	0	0	0	
19.184	24	19	50	2	2	-1453.884	-36.83489	46.20037	-0.09606569	0.1034578	-1.518149	0	0	0	
19.184	24	19	50	2	2	-1453.639	-37.07145	46.26373	-0.09605104	0.103475	-1.518303	0	0	0	
19.184	24	19	50	2	2	-1453.363	-37.33832	46.33437	-0.09601052	0.1032672	-1.518457	0	0	0	
19.184	24	19	50	2	2	-1453.117	-37.5762	46.39659	-0.09597689	0.1030185	-1.518594	0	0	0	
19.184	24	19	50	2	2	-1452.87	-37.8147	46.45828	-0.09594628	0.1029306	-1.518753	0	0	0	
19.184	24	19	50	2	2	-1452.623	-38.05382	46.51944	-0.09590159	0.1029642	-1.518924	0	0	0	
19.184	24	19	50	2	2	-1452.406	-38.26356	46.57251	-0.09588918	0.1029486	-1.519099	0	0	0	
19.184	24	19	50	2	2	-1452.157	-38.50384	46.63267	-0.0958915	0.1028542	-1.519246	0	0	0	
19.184	24	19	50	2	2	-1451.97	-38.68445	46.67744	-0.09587955	0.1027299	-1.519368	0	0	0	
19.184	24	19	50	2	2	-1451.783	-38.8654	46.72192	-0.09584774	0.1026435	-1.519496	0	0	0	
19.184	24	19	50	3	2	-1451.532	-39.10721	46.78077	-0.09578443	0.1025768	-1.519691	0	0	0	
19.184	24	19	50	3	2	-1451.344	-39.28898	46.82456	-0.09574315	0.1025875	-1.519802	0	0	0	
19.184	24	19	50	3	2	-1451.124	-39.50147	46.87529	-0.09569623	0.1026279	-1.519962	0	0	0	
19.184	24	19	50	3	2	-1450.904	-39.71443	46.92562	-0.09566833	0.1026111	-1.520114	0	0	0	
19.184	24	19	50	3	2	-1450.62	-39.98891	46.98975	-0.09565572	0.1023618	-1.520296	0	0	0	
19.184	24	19	50	3	2	-1450.366	-40.23354	47.04622	-0.09566878	0.1021557	-1.520416	0	0	0	
19.184	24	19	50	3	2	-1450.112	-40.47878	47.10218	-0.09563684	0.1020479	-1.520567	0	0	0	
19.184	24	19	50	3	2	-1449.922	-40.66311	47.14382	-0.09539009	0.1020783	-1.520707	0	0	0	
19.184	24	19	50	3	2	-1449.698	-40.87859	47.19204	-0.09486507	0.1020801	-1.520819	0	0	0	
19.184	24	19	50	3	2	-1449.411	-41.15631	47.25347	-0.093559	0.101945	-1.52096	0	0	0	
19.184	24	19	50	3	2	-1449.155	-41.40382	47.30756	-0.09166252	0.101709	-1.521059	0	0	0	
19.184	24	19	50	3	2	-1448.898	-41.65192	47.36117	-0.08873783	0.1013524	-1.521138	0	0	0	
19.184	24	19	50	3	2	-1448.673	-41.8695	47.40767	-0.08484982	0.1010532	-1.521198	0	0	0	
19.184	24	19	50	3	2	-1448.479	-42.05636	47.44724	-0.08085025	0.1008558	-1.521258	0	0	0	
19.184	24	19	50	3	2	-1448.286	-42.24356	47.48654	-0.07655163	0.1007057	-1.521323	0	0	0	
19.184	24	19	50	3	2	-1448.092	-42.4311	47.52556	-0.07122469	0.1005107	-1.521405	0	0	0	
19.184	24	19	50	3	2	-1447.898	-42.61897	47.56432	-0.06784035	0.1003528	-1.521473	0	0	0	
19.184	24	19	50	3	2	-1447.639	-42.86999	47.61557	-0.06377125	0.100184	-1.52162	0	0	0	
19.184	24	19	50	3	2	-1447.379	-43.1216	47.66633	-0.06129373	0.1000131	-1.521833	0	0	0	
19.184	24	19	50	3	2	-1447.054	-43.43694	47.72911	-0.05972801	0.09968654	-1.522051	0	0	0	
19.184	24	19	50	4	2	-1446.859	-43.62659	47.76642	-0.05827937	0.09939938	-1.52218	0	0	0	
19.184	24	19	50	4	2	-1446.599	-43.87997	47.81574	-0.05519124	0.09909275	-1.522333	0	0	0	
19.184	24	19	50	4	2	-1446.403	-44.0704	47.85243	-0.05251087	0.09898396	-1.522452	0	0	0	
19.184	24	19	50	4	2	-1446.175	-44.29298	47.89489	-0.05001394	0.09900925	-1.522604	0	0	0	
19.184	24	19	50	4	2	-1445.914	-44.54791	47.94297	-0.04729937	0.09903226	-1.522777	0	0	0	
19.184	24	19	50	4	2	-1445.621	-44.8354	47.99652	-0.0434307	0.09872125	-1.52294	0	0	0	
19.184	24	19	50	4	2	-1445.36	-45.09157	48.04361	-0.03929031	0.09819874	-1.523092	0	0	0	
19.184	24	19	50	4	2	-1445.066	-45.38046	48.09604	-0.03647718	0.09792235	-1.52325	0	0	0	
19.184	24	19	50	4	2	-1444.772	-45.67008	48.14788	-0.03415351	0.09787227	-1.523441	0	0	0	
19.184	24	19	50	4	2	-1444.445	-45.99275	48.20478	-0.03161898	0.09775177	-1.523643	0	0	0	
19.184	24	19	50	4	2	-1444.151	-46.28392	48.25538	-0.02832721	0.09742354	-1.523806	0	0	0	
19.184	24	19	50	4	2	-1443.922	-46.51089	48.29432	-0.0248923	0.09712059	-1.523926	0	0	0	
19.184	24	19	50	4	2	-1443.693	-46.7383	48.33292	-0.02159426	0.09698403	-1.524057	0	0	0	
19.184	24	19	50	4	2	-1443.432	-46.99874	48.3766	-0.01861524	0.09696196	-1.524227	0	0	0	
19.184	24	19	50	4	2	-1443.073	-47.35779	48.43591	-0.01604518	0.0969055	-1.524481	0	0	0	
19.184	24	19	50	4	2	-1442.779	-47.65235	48.4838	-0.01372568	0.09654956	-1.524682	0	0	0	
19.184	24	19	50	4	2	-1442.551	-47.88195	48.52064	-0.01188546	0.0962054	-1.524835	0	0	0	
19.184	24	19	50	4	2	-1442.356	-48.0791	48.55195	-0.01019093	0.09601187	-1.524966	0	0	0	
19.184	24	19	50	4	2	-1442.095	-48.34246	48.5933	-0.006755525	0.09592038	-1.525148	0	0	0	
19.184	24	19	50	4	2	-1441.835	-48.6064	48.6342	-0.003350251	0.09585456	-1.525286	0	0	0	
19.184	24	19	50	5	2	-1441.607	-48.8378	48.66963	-3.462545e-05	0.09574249	-1.52546	0	0	0	
19.184	24	19	50	5	2	-1441.38	-49.06964	48.70471	0.001722705	0.09561366	-1.525604	0	0	0	
19.184	24	19	50	5	2	-1441.185	-49.2687	48.73451	0.003102852	0.0954512	-1.525751	0	0	0	
19.184	24	19	50	5	2	-1440.991	-49.46808	48.76405	0.004099226	0.09533138	-1.525903	0	0	0	
19.184	24	19	50	5	2	-1440.764	-49.70109	48.7982	0.005015639	0.0953003	-1.526081	0	0	0	
19.184	24	19	50	5	2	-1440.57	-49.90115	48.82721	0.005834922	0.09522822	-1.526231	0	0	0	
19.184	24	19	50	5	2	-1440.344	-50.13495	48.86073	0.007199771	0.09505784	-1.526396	0	0	0	
19.184	24	19	50	5	2	-1440.118	-50.36918	48.89392	0.009076614	0.0948813	-1.526555	0	0	0	
19.184	24	19	50	5	2	-1439.957	-50.53675	48.91742	0.01061271	0.09476687	-1.526696	0	0	0	
19.184	24	19	50	5	2	-1439.957	-50.53675	48.91742	0.01061271	0.09476687	-1.526696	0	0	0	
19.184	24	19	50	5	2	-1439.957	-50.53675	48.91742	0.01061271	0.09476687	-1.526696	0	0	0	
19.184	24	19	50	5	2	-1439.957	-50.53675	48.91742	0.01061271	0.09476687	-1.526696	0	0	0	
19.184	24	19	50	5	2	-1439.957	-50.53675	48.91742	0.01061271	0.09476687	-1.526696	0	0	0	
19.184	24	19	50	5	2	-1439.957	-50.53675	48.91742	0.01061271	0.09476687	-1.526696	0	0	0	
19.184	24	19	50	5	2	-1439.957	-50.53675	48.91742	0.01061271	0.09476687	-1.526696	0	0	0	
19.184	24	19	50	5	2	-1439.957	-50.53675	48.91742	0.01061271	0.09476687	-1.526696	0	0	0	
19.184	24	19	50	5	2	-1439.957	-50.53675	48.91742	0.01061271	0.09476687	-1.526696	0	0	0	
19.184	24	19	50	5	2	-1439.957	-50.53675	48.91742	0.01061271	0.09476687	-1.526696	0	0	0	
19.184	24	19	50	5	2	-1439.957	-50.53675	48.91742	0.01061271	0.09476687	-1.526696	0	0	0	
19.184	24	19	50	5	2	-1439.957	-50.53675	48.91742	0.01061271	0.09476687	-1.526696	0	0	0	
19.184	24	19	50	6	2	-1439.957	-50.53675	48.91742	0.01061271	0.09476687	-1.526696	0	0	0	
19.184	24	19	50	6	2	-1439.957	-50.53675	48.91742	0.01061271	0.09476687	-1.526696	0	0	0	
19.184	24	19	50	6	2	-1439.957	-50.53675	48.91742	0.01061271	0.09476687	-1.526696	0	0	0	
19.184	24	19	50	6	2	-1439.957	-50.53675	48.91742	0.01061271	0.09476687	-1.526696	0	0	0	
19.184	24	19	50	6	2	-1439.957	-50.53675	48.91742	0.01061271	0.09476687	-1.526696	0	0	0	
19.184	24	19	50	6	2	-1439.957	-50.53675	48.91742	0.01061271	0.09476687	-1.526696	0	0	0	
19.184	24	19	50	6	2	-1439.957	-50.53675	48.91742	0.01061271	0.09476687	-1.526696	0	0	0	
19.184	24	19	50	6	2	-1439.957	-50.53675	48.91742	0.01061271	0.09476687	-1.526696	0	0	0	
19.184	24	19	50	6	2	-1439.957	-50.53675	48.91742	0.01061271	0.09476687	-1.526696	0	0	0	
19.184	24	19	50	6	2	-1439.957	-50.53675	48.91742	0.01061271	0.09476687	-1.526696	0	0	0	
19.184	24	19	50	6	2	-1439.957	-50.53675	48.91742	0.01061271	0.09476687	-1.526696	0	0	0	
19.184	24	19	50	6	2	-1439.957	-50.53675	48.91742	0.01061271	0.09476687	-1.526696	0	0	0	
19.184	24	19	50	6	2	-1439.957	-50.53675	48.91742	0.01061271	0.09476687	-1.526696	0	0	0	
19.184	24	19	50	6	2	-1439.957	-50.53675	48.91742	0.01061271	0.09476687	-1.526696	0	0	0	
19.184	24	19	50	6	2	-1439.957	-50.53675	48.91742	0.01061271	0.09476687	-1.526696	0	0	0	
19.184	24	19	50	6	2	-1439.957	-50.53675	48.91742	0.01061271	0.09476687	-1.526696	0	0	0	
19.184	24	19	50	6	2	-1439.957	-50.53675	48.91742	0.01061271	0.09476687	-1.526696	0	0	0	
19.184	24	19	50	6	2	-1439.957	-50.53675	48.91742	0.01061271	0.09476687	-1.526696	0	0	0	
19.184	24	19	50	6	2	-1439.957	-50.53675	48.91742	0.01061271	0.09476687	-1.526696	0	0	0	
19.184	24	19	50	6	2	-1439.957	-50.53675	48.91742	0.01061271	0.09476687	-1.526696	0	0	0	
19.184	24	19	50	7	2	-1439.957	-50.53675	48.91742	0.01061271	0.09476687	-1.526696	0	0	0	
19.184	24	19	50	7	2	-1439.957	-50.53675	48.91742	0.01061271	0.09476687	-1.526696	0	0	0	
19.184	24	19	50	7	2	-1439.957	-50.53675	48.91742	0.01061271	0.09476687	-1.526696	0	0	0	
19.184	24	19	50	7	2	-1439.957	-50.53675	48.91742	0.01061271	0.09476687	-1.526696	0	0	0	
19.184	24	19	50	7	2	-1439.957	-50.53675	48.91742	0.01061271	0.09476687	-1.526696	0	0	0	
19.184	24	19	50	7	2	-1439.957	-50.53675	48.91742	0.01061271	0.09476687	-1.526696	0	0	0	
19.184	24	19	50	7	2	-1439.957	-50.53675	48.91742	0.01061271	0.09476687	-1.526696	0	0	0	
19.184	24	19	50	7	2	-1439.957	-50.53675	48.91742	0.01061271	0.09476687	-1.526696	0	0	0	
19.184	24	19	50	7	2	-1439.957	-50.53675	48.91742	0.01061271	0.09476687	-1.526696	0	0	0	
19.184	24	19	50	7	2	-1439.957	-50.53675	48.91742	0.01061271	0.09476687	-1.526696	0	0	0	
19.184	24	19	50	7	2	-1439.957	-50.53675	48.91742	0.01061271	0.09476687	-1.526696	0	0	0	
19.184	24	19	50	7	2	-1439.957	-50.53675	48.91742	0.01061271	0.09476687	-1.526696	0	0	0	
19.184	24	19	50	7	2	-1439.957	-50.53675	48.91742	0.01061271	0.09476687	-1.526696	0	0	0	
19.184	24	19	50	7	2	-1439.957	-50.53675	48.91742	0.01061271	0.09476687	-1.526696	0	0	0	
19.184	24	19	50	7	2	-1439.957	-50.53675	48.91742	0.01061271	0.09476687	-1.526696	0	0	0	
19.184	24	19	50	7	2	-1439.957	-50.53675	48.91742	0.01061271	0.09476687	-1.526696	0	0	0	
19.184	24	19	50	7	2	-1439.957	-50.53675	48.91742	0.01061271	0.09476687	-1.526696	0	0	0	
19.184	24	19	50	7	2	-1439.957	-50.53675	48.91742	0.01061271	0.09476687	-1.526696	0	0	0	
19.184	24	19	50	7	2	-1439.957	-50.53675	48.91742	0.01061271	0.09476687	-1.526696	0	0	0	
19.184	24	19	50	7	2	-1439.957	-50.53675	48.91742	0.01061271	0.09476687	-1.526696	0	0	0	
19.184	24	19	50	8	2	-1439.957	-50.53675	48.91742	0.01061271	0.09476687	-1.526696	0	0	0	
19.184	24	19	50	8	2	-1439.957	-50.53675	48.91742	0.01061271	0.09476687	-1.526696	0	0	0	
19.184	24	19	50	8	2	-1439.957	-50.53675	48.91742	0.01061271	0.09476687	-1.526696	0	0	0	
19.184	24	19	50	8	2	-1439.957	-50.53675	48.91742	0.01061271	0.09476687	-1.526696	0	0	0	
19.184	24	19	50	8	2	-1439.957	-50.53675	48.91742	0.01061271	0.09476687	-1.526696	0	0	0	
19.184	24	19	50	8	2	-1439.957	-50.53675	48.91742	0.01061271	0.09476687	-1.526696	0	0	0	
19.184	24	19	50	8	2	-1439.957	-50.53675	48.91742	0.01061271	0.09476687	-1.526696	0	0	0	
19.184	24	19	50	8	2	-1439.957	-50.53675	48.91742	0.01061271	0.09476687	-1.526696	0	0	0	
19.184	24	19	50	8	2	-1439.957	-50.53675	48.91742	0.01061271	0.09476687	-1.526696	0	0	0	
19.184	24	19	50	8	2	-1439.957	-50.53675	48.91742	0.01061271	0.09476687	-1.526696	0	0	0	
19.184	24	19	50	8	2	-1439.957	-50.53675	48.91742	0.01061271	0.09476687	-1.526696	0	0	0	
19.184	24	19	50	8	2	-1439.957	-50.53675	48.91742	0.01061271	0.09476687	-1.526696	0	0	0	
19.184	24	19	50	8	2	-1439.957	-50.53675	48.91742	0.01061271	0.09476687	-1.526696	0	0	0	
19.184	24	19	50	8	2	-1439.957	-50.53675	48.91742	0.01061271	0.09476687	-1.526696	0	0	0	
19.184	24	19	50	8	2	-1439.957	-50.53675	48.91742	0.01061271	0.09476687	-1.526696	0	0	0	
19.184	24	19	50	8	2	-1439.957	-50.53675	48.91742	0.01061271	0.09476687	-1.526696	0	0	0	
19.184	24	19	50	8	2	-1439.957	-50.53675	48.91742	0.01061271	0.09476687	-1.526696	0	0	0	
19.184	24	19	50	8	2	-1439.957	-50.53675	48.91742	0.01061271	0.09476687	-1.526696	0	0	0	
19.184	24	19	50	8	2	-1439.957	-50.53675	48.91742	0.01061271	0.09476687	-1.526696	0	0	0	
19.184	24	19	50	8	2	-1439.957	-50.53675	48.91742	0.01061271	0.09476687	-1.526696	0	0	0	
19.184	24	19	50	9	2	-1439.957	-50.53675	48.91742	0.01061271	0.09476687	-1.526696	0	0	0	
19.184	24	19	50	9	2	-1439.957	-50.53675	48.91742	0.01061271	0.09476687	-1.526696	0	0	0	
19.184	24	19	50	9	2	-1439.957	-50.53675	48.91742	0.01061271	0.09476687	-1.526696	0	0	0	
19.184	24	19	50	9	2	-1439.957	-50.53675	48.91742	0.01061271	0.09476687	-1.526696	0	0	0	
19.184	24	19	50	9	2	-1439.957	-50.53675	48.91742	0.01061271	0.09476687	-1.526696	0	0	0	
19.184	24	19	50	9	2	-1439.957	-50.53675	48.91742	0.01061271	0.09476687	-1.526696	0	0	0	
19.184	24	19	50	9	2	-1439.957	-50.53675	48.91742	0.01061271	0.09476687	-1.526696	0	0	0	
19.184	24	19	50	9	2	-1439.957	-50.53675	48.91742	0.01061271	0.09476687	-1.526696	0	0	0	
19.184	24	19	50	9	2	-1439.957	-50.53675	48.91742	0.01061271	0.09476687	-1.526696	0	0	0	
19.184	24	19	50	9	2	-1439.957	-50.53675	48.91742	0.01061271	0.09476687	-1.526696	0	0	0	
19.184	24	19	50	9	2	-1439.957	-50.53675	48.91742	0.01061271	0.09476687	-1.526696	0	0	0	
19.184	24	19	50	9	2	-1439.957	-50.53675	48.91742	0.01061271	0.09476687	-1.526696	0	0	0	
19.184	24	19	50	9	2	-1439.957	-50.53675	48.91742	0.01061271	0.09476687	-1.526696	0	0	0	
19.184	24	19	50	9	2	-1439.957	-50.53675	48.91742	0.01061271	0.09476687	-1.526696	0	0	0	
19.184	24	19	50	9	2	-1439.957	-50.53675	48.91742	0.01061271	0.09476687	-1.526696	0	0	0	
19.184	24	19	50	9	2	-1439.957	-50.53675	48.91742	0.01061271	0.09476687	-1.526696	0	0	0	
19.184	24	19	50	9	2	-1439.957	-50.53675	48.91742	0.01061271	0.09476687	-1.526696	0	0	0	
19.184	24	19	50	9	2	-1439.957	-50.53675	48.91742	0.01061271	0.09476687	-1.526696	0	0	0	
19.184	24	19	50	9	2	-1439.957	-50.53675	48.91742	0.01061271	0.09476687	-1.526696	0	0	0	
19.184	24	19	50	9	2	-1439.957	-50.53675	48.91742	0.01061271	0.09476687	-1.526696	0	0	0	
19.184	24	19	50	10	2	-1439.957	-50.53675	48.91742	0.01061271	0.09476687	-1.526696	0	0	0	
19.184	24	19	50	10	2	-1439.957	-50.53675	48.91742	0.01061271	0.09476687	-1.526696	0	0	0	
19.184	24	19	50	10	2	-1439.957	-50.53675	48.91742	0.01061271	0.09476687	-1.526696	0	0	0	
19.184	24	19	50	10	2	-1439.957	-50.53675	48.91742	0.01061271	0.09476687	-1.526696	0	0	0	
19.184	24	19	50	10	2	-1439.957	-50.53675	48.91742	0.01061271	0.09476687	-1.526696	0	0	0	
19.184	24	19	50	10	2	-1439.957	-50.53675	48.91742	0.01061271	0.09476687	-1.526696	0	0	0	
19.184	24	19	50	10	2	-1439.957	-50.53675	48.91742	0.01061271	0.09476687	-1.526696	0	0	0	
19.184	24	19	50	10	2	-1439.957	-50.53675	48.91742	0.01061271	0.09476687	-1.526696	0	0	0	
19.184	24	19	50	10	2	-1439.957	-50.53675	48.91742	0.01061271	0.09476687	-1.526696	0	0	0	
19.184	24	19	50	10	2	-1439.957	-50.53675	48.91742	0.01061271	0.09476687	-1.526696	0	0	0	
19.184	24	19	50	10	2	-1439.957	-50.53675	48.91742	0.01061271	0.09476687	-1.526696	0	0	0	
19.184	24	19	50	10	2	-1439.957	-50.53675	48.91742	0.01061271	0.09476687	-1.526696	0	0	0	
19.184	24	19	50	10	2	-1439.957	-50.53675	48.91742	0.01061271	0.09476687	-1.526696	0	0	0	
19.184	24	19	50	10	2	-1439.957	-50.53675	48.91742	0.01061271	0.09476687	-1.526696	0	0	0	
19.184	24	19	50	10	2	-1439.957	-50.53675	48.91742	0.01061271	0.09476687	-1.526696	0	0	0	
19.184	24	19	50	10	2	-1439.957	-50.53675	48.91742	0.01061271	0.09476687	-1.526696	0	0	0	
19.184	24	19	50	10	2	-1439.957	-50.53675	48.91742	0.01061271	0.09476687	-1.526696	0	0	0	
19.184	24	19	50	10	2	-1439.957	-50.53675	48.91742	0.01061271	0.09476687	-1.526696	0	0	0	
19.184	24	19	50	10	2	-1439.957	-50.53675	48.91742	0.01061271	0.09476687	-1.526696	0	0	0	
19.184	24	19	50	10	2	-1439.957	-50.53675	48.91742	0.01061271	0.09476687	-1.526696	0	0	0	
19.184	24	19	50	11	2	-1439.957	-50.53675	48.91742	0.01061271	0.09476687	-1.526696	0	0	0	
19.184	24	19	50	11	2	-1439.957	-50.53675	48.91742	0.01061271	0.09476687	-1.526696	0	0	0	
19.184	24	19	50	11	2	-1439.957	-50.53675	48.91742	0.01061271	0.09476687	-1.526696	0	0	0	
19.184	24	19	50	11	2	-1439.957	-50.53675	48.91742	0.01061271	0.09476687	-1.526696	0	0	0	
19.184	24	19	50	11	2	-1439.957	-50.53675	48.91742	0.01061271	0.09476687	-1.526696	0	0	0	
19.184	24	19	50	11	2	-1439.957	-50.53675	48.91742	0.01061271	0.09476687	-1.526696	0	0	0	
19.184	24	19	50	11	2	-1439.957	-50.53675	48.91742	0.01061271	0.09476687	-1.526696	0	0	0	
19.184	24	19	50	11	2	-1439.957	-50.53675	48.91742	0.01061271	0.09476687	-1.526696	0	0	0	
19.184	24	19	50	11	2	-1439.957	-50.53675	48.91742	0.01061271	0.09476687	-1.526696	0	0	0	
19.184	24	19	50	11	2	-1439.957	-50.53675	48.91742	0.01061271	0.09476687	-1.526696	0	0	0	
19.184	24	19	50	11	2	-1439.957	-50.53675	48.91742	0.01061271	0.09476687	-1.526696	0	0	0	
19.184	24	19	50	11	2	-1439.957	-50.53675	48.91742	0.01061271	0.09476687	-1.526696	0	0	0	
19.184	24	19	50	11	2	-1439.957	-50.53675	48.91742	0.01061271	0.09476687	-1.526696	0	0	0	
19.184	24	19	50	11	2	-1439.957	-50.53675	48.91742	0.01061271	0.09476687	-1.526696	0	0	0	
19.184	24	19	50	11	2	-1439.957	-50.53675	48.91742	0.01061271	0.09476687	-1.526696	0	0	0	
19.184	24	19	50	11	2	-1439.957	-50.53675	48.91742	0.01061271	0.09476687	-1.526696	0	0	0	
19.184	24	19	50	11	2	-1439.957	-50.53675	48.91742	0.01061271	0.09476687	-1.526696	0	0	0	
19.184	24	19	50	11	2	-1439.957	-50.53675	48.91742	0.01061271	0.09476687	-1.526696	0	0	0	
19.184	24	19	50	11	2	-1439.957	-50.53675	48.91742	0.01061271	0.09476687	-1.526696	0	0	0	
19.184	24	19	50	11	2	-1439.957	-50.53675	48.91742	0.01061271	0.09476687	-1.526696	0	0	0	
19.184	24	19	50	12	2	-1439.957	-50.53675	48.91742	0.01061271	0.09476687	-1.526696	0	0	0	
19.184	24	19	50	12	2	-1439.957	-50.53675	48.91742	0.01061271	0.09476687	-1.526696	0	0	0	
19.184	24	19	50	12	2	-1439.957	-50.53675	48.91742	0.01061271	0.09476687	-1.526696	0	0	0	
19.184	24	19	50	12	2	-1439.957	-50.53675	48.91742	0.01061271	0.09476687	-1.526696	0	0	0	
19.184	24	19	50	12	2	-1439.957	-50.53675	48.91742	0.01061271	0.09476687	-1.526696	0	0	0	
19.184	24	19	50	12	2	-1439.957	-50.53675	48.91742	0.01061271	0.09476687	-1.526696	0	0	0	
19.184	24	19	50	12	2	-1439.957	-50.53675	48.91742	0.01061271	0.09476687	-1.526696	0	0	0	
19.184	24	19	50	12	2	-1439.957	-50.53675	48.91742	0.01061271	0.09476687	-1.526696	0	0	0	
19.184	24	19	50	12	2	-1439.957	-50.53675	48.91742	0.01061271	0.09476687	-1.526696	0	0	0	
19.184	24	19	50	12	2	-1439.957	-50.53675	48.91742	0.01061271	0.09476687	-1.526696	0	0	0	
19.184	24	19	50	12	2	-1439.957	-50.53675	48.91742	0.01061271	0.09476687	-1.526696	0	0	0	
19.184	24	19	50	12	2	-1439.957	-50.53675	48.91742	0.01061271	0.09476687	-1.526696	0	0	0	
19.184	24	19	50	12	2	-1439.957	-50.53675	48.91742	0.01061271	0.09476687	-1.526696	0	0	0	
19.184	24	19	50	12	2	-1439.957	-50.53675	48.91742	0.01061271	0.09476687	-1.526696	0	0	0	
19.184	24	19	50	12	2	-1439.957	-50.53675	48.91742	0.01061271	0.09476687	-1.526696	0	0	0	
19.184	24	19	50	12	2	-1439.957	-50.53675	48.91742	0.01061271	0.09476687	-1.526696	0	0	0	
19.184	24	19	50	12	2	-1439.957	-50.53675	48.91742	0.01061271	0.09476687	-1.526696	0	0	0	
19.184	24	19	50	12	2	-1439.957	-50.53675	48.91742	0.01061271	0.09476687	-1.526696	0	0	0	
19.184	24	19	50	12	2	-1439.957	-50.53675	48.91742	0.01061271	0.09476687	-1.526696	0	0	0	
19.184	24	19	50	12	2	-1439.957	-50.53675	48.91742	0.01061271	0.09476687	-1.526696	0	0	0	
19.184	24	19	50	13	2	-1439.957	-50.53675	48.91742	0.01061271	0.09476687	-1.526696	0	0	0	
19.184	24	19	50	13	2	-1439.957	-50.53675	48.91742	0.01061271	0.09476687	-1.526696	0	0	0	
19.184	24	19	50	13	2	-1439.957	-50.53675	48.91742	0.01061271	0.09476687	-1.526696	0	0	0	
19.184	24	19	50	13	2	-1439.957	-50.53675	48.91742	0.01061271	0.09476687	-1.526696	0	0	0	
19.184	24	19	50	13	2	-1439.957	-50.53675	48.91742	0.01061271	0.09476687	-1.526696	0	0	0	
19.184	24	19	50	13	2	-1439.957	-50.53675	48.91742	0.01061271	0.09476687	-1.526696	0	0	0	
19.184	24	19	50	13	2	-1439.957	-50.53675	48.91742	0.01061271	0.09476687	-1.526696	0	0	0	
19.184	24	19	50	13	2	-1439.957	-50.53675	48.91742	0.01061271	0.09476687	-1.526696	0	0	0	
19.184	24	19	50	13	2	-1439.957	-50.53675	48.91742	0.01061271	0.09476687	-1.526696	0	0	0	
19.184	24	19	50	13	2	-1439.957	-50.53675	48.91742	0.01061271	0.09476687	-1.526696	0	0	0	
19.184	24	19	50	13	2	-1439.957	-50.53675	48.91742	0.01061271	0.09476687	-1.526696	0	0	0	
19.184	24	19	50	13	2	-1439.957	-50.53675	48.91742	0.01061271	0.09476687	-1.526696	0	0	0	
19.184	24	19	50	13	2	-1439.957	-50.53675	48.91742	0.01061271	0.09476687	-1.526696	0	0	0	
19.184	24	19	50	13	2	-1439.957	-50.53675	48.91742	0.01061271	0.09476687	-1.526696	0	0	0	
19.184	24	19	50	13	2	-1439.957	-50.53675	48.91742	0.01061271	0.09476687	-1.526696	0	0	0	
19.184	24	19	50	13	2	-1439.957	-50.53675	48.91742	0.01061271	0.09476687	-1.526696	0	0	0	
19.184	24	19	50	13	2	-1439.957	-50.53675	48.91742	0.01061271	0.09476687	-1.526696	0	0	0	
19.184	24	19	50	13	2	-1439.957	-50.53675	48.91742	0.01061271	0.09476687	-1.526696	0	0	0	
19.184	24	19	50	13	2	-1439.957	-50.53675	48.91742	0.01061271	0.09476687	-1.526696	0	0	0	
19.184	24	19	50	13	2	-1439.957	-50.53675	48.91742	0.01061271	0.09476687	-1.526696	0	0	0	
19.184	24	19	50	14	2	-1439.957	-50.53675	48.91742	0.01061271	0.09476687	-1.526696	0	0	0	
19.184	24	19	50	14	2	-1439.957	-50.53675	48.91742	0.01061271	0.09476687	-1.526696	0	0	0	
19.184	24	19	50	14	2	-1439.957	-50.53675	48.91742	0.01061271	0.09476687	-1.526696	0	0	0	
19.184	24	19	50	14	2	-1439.957	-50.53675	48.91742	0.01061271	0.09476687	-1.526696	0	0	0	
