time	day	hour	min	sec	control_state	uav_pos_x	uav_pos_y	uav_pos_z	uav_roll	uav_pitch	uav_yaw	uav_vel_x	uav_vel_y	uav_vel_z	
0	24	19	49	25	0	0	0	0	0	0	0	0	0	0	
0	24	19	49	25	1	-1508	1.551952e-06	4.2755	0	0	0	0	0	0	
0.02	24	19	49	25	1	-1508	1.551952e-06	4.2755	0	0	0	0	0	0	
0.04	24	19	49	25	1	-1508	1.551952e-06	4.2755	0	0	0	0	0	0	
0.06	24	19	49	25	1	-1508	2.160126e-06	4.275498	0	0	0	0	0	0	
0.076	24	19	49	25	1	-1508	1.755136e-06	4.2755	0	0	0	0	0	0	
0.104	24	19	49	25	1	-1508	-1.40889e-05	4.275516	0	0	0	0	0	0	
0.128	24	19	49	25	1	-1508	-3.095022e-05	4.275529	0	0	0	0	0	0	
0.152	24	19	49	26	1	-1508	-5.756897e-05	4.275553	0	0	0	0	0	0	
0.184	24	19	49	26	1	-1508	-9.603539e-05	4.275588	0	0	0	0	0	0	
0.208	24	19	49	26	1	-1508	-0.0001363714	4.275613	0	0	0	0	0	0	
0.24	24	19	49	26	1	-1508	-0.0002047724	4.275649	0	0	0	0	0	0	
0.268	24	19	49	26	1	-1508	-0.0002729695	4.275685	0	0	0	0	0	0	
0.292	24	19	49	26	1	-1508	-0.000321475	4.275707	0	0	0	0	0	0	
0.304	24	19	49	26	1	-1508	-0.0003580073	4.275725	0	0	0	0	0	0	
0.332	24	19	49	26	1	-1508	-0.0004154205	4.275758	0	0	0	0	0	0	
0.356	24	19	49	26	1	-1508	-0.0004515048	4.275782	0	0	0	0	0	0	
0.372	24	19	49	26	1	-1508	-0.0004868383	4.275805	-0.001738226	-0.0003584873	0.0001442283	0	0	0	
0.396	24	19	49	26	1	-1507.999	-0.0005280361	4.275909	-0.002880329	-0.001879541	0.0001146335	0	0	0	
0.416	24	19	49	26	1	-1507.999	-0.0005492086	4.276532	-0.003806465	-0.001870069	8.84634e-05	0	0	0	
0.444	24	19	49	26	1	-1507.999	-0.0005676874	4.278665	-0.004429857	-0.0004270981	4.489406e-05	0	0	0	
0.472	24	19	49	26	1	-1507.999	-0.0005846888	4.28236	-0.003715117	0.00148673	4.947049e-06	0	0	0	
0.492	24	19	49	26	1	-1507.999	-0.000590622	4.285966	-0.002673402	0.002139616	-1.566357e-05	0	0	0	
0.516	24	19	49	26	1	-1507.999	-0.0005878028	4.291359	-0.001202611	0.002411127	-3.522295e-05	0	0	0	
0.544	24	19	49	26	1	-1507.999	-0.0005750611	4.297913	0.0004585208	0.002300686	-5.628296e-05	0	0	0	
0.564	24	19	49	26	1	-1507.998	-0.0005610016	4.305627	0.001552346	0.00169845	-6.949396e-05	0	0	0	
0.592	24	19	49	26	1	-1507.998	-0.0005448911	4.316094	0.002657611	0.0009876966	-9.035233e-05	0	0	0	
0.612	24	19	49	26	1	-1507.998	-0.000542865	4.322788	0.003260176	0.0008345283	-0.000108188	0	0	0	
0.636	24	19	49	27	1	-1507.998	-0.0005392656	4.3338	0.00327768	0.0008322225	-0.0001294738	0	0	0	
0.668	24	19	49	27	1	-1507.997	-0.0005455676	4.352503	0.00253131	0.0008843475	-0.0001589451	0	0	0	
0.708	24	19	49	27	1	-1507.997	-0.0005604663	4.373824	0.0004902457	0.0003686627	-0.0001906483	0	0	0	
0.732	24	19	49	27	1	-1507.997	-0.0005722967	4.389491	-0.0008632273	0.0006526536	-0.0002090742	0	0	0	
0.764	24	19	49	27	1	-1507.996	-0.0005889252	4.412193	-0.002314582	0.001592655	-0.0002315597	0	0	0	
0.784	24	19	49	27	1	-1507.996	-0.0006031822	4.43058	-0.002715334	0.001009568	-0.0002436696	0	0	0	
0.804	24	19	49	27	1	-1507.996	-0.0006144266	4.446794	-0.002686663	-0.0001300395	-0.0002506679	0	0	0	
0.824	24	19	49	27	1	-1507.996	-0.0006198497	4.463819	-0.002414719	-0.0007565948	-0.0002600041	0	0	0	
0.844	24	19	49	27	1	-1507.995	-0.0006194202	4.481651	-0.001825163	-0.000307838	-0.000276442	0	0	0	
0.876	24	19	49	27	1	-1507.995	-0.0006124894	4.511853	-0.0007824343	0.0004985403	-0.0002987897	0	0	0	
0.912	24	19	49	27	1	-1507.994	-0.0005772287	4.548265	-1.511365e-05	0.0005748672	-0.0003232837	0	0	0	
0.936	24	19	49	27	1	-1507.994	-0.0005411876	4.573949	9.673774e-05	0.000812745	-0.0003392154	0	0	0	
0.96	24	19	49	27	1	-1507.993	-0.0004982039	4.600743	-4.131111e-05	0.0007668045	-0.0003601131	0	0	0	
0.988	24	19	49	27	1	-1507.993	-0.0004510982	4.628634	-0.0003471036	0.0006626638	-0.0003930278	0	0	0	
1.012	24	19	49	27	1	-1507.993	-0.0003883321	4.662542	-0.0007655274	0.0004974305	-0.0004231525	0	0	0	
1.036	24	19	49	27	1	-1507.992	-0.000332656	4.692767	-0.001035104	0.0002864761	-0.000451027	0	0	0	
1.06	24	19	49	27	1	-1507.992	-0.00028732	4.724048	-0.0007091756	0.0001774885	-0.0004790876	0	0	0	
1.084	24	19	49	27	1	-1507.991	-0.000243251	4.756373	-0.0001697199	0.0001866843	-0.0005041342	0	0	0	
1.112	24	19	49	27	1	-1507.991	-0.0001704015	4.795395	-0.0002079229	0.0003448254	-0.0005377	0	0	0	
1.148	24	19	49	27	1	-1507.99	-5.380679e-05	4.847606	-0.0009010466	-0.0006832441	-0.0005859402	0	0	0	
1.184	24	19	49	28	1	-1507.989	5.307853e-05	4.895907	-0.001257894	-0.0009723625	-0.0006419555	0	0	0	
1.216	24	19	49	28	1	-1507.989	0.0001862185	4.952334	-0.001449835	-0.0004542904	-0.0006969432	0	0	0	
1.24	24	19	49	28	1	-1507.988	0.0002700615	4.991164	-0.001006919	-9.155908e-05	-0.00073634	0	0	0	
1.264	24	19	49	28	1	-1507.988	0.0003270448	5.02425	0.0002265813	0.0003483792	-0.0007732895	0	0	0	
1.292	24	19	49	28	1	-1507.987	0.0004118773	5.078552	0.001746499	0.0001342357	-0.0008278666	0	0	0	
1.316	24	19	49	28	1	-1507.987	0.0004716081	5.113334	0.002337815	-0.0009226776	-0.0008838054	0	0	0	
1.336	24	19	49	28	1	-1507.986	0.0005572284	5.155919	0.002037269	-0.001282229	-0.0009312035	0	0	0	
1.36	24	19	49	28	1	-1507.986	0.0006410028	5.192106	0.0007950431	-0.0002420546	-0.0009778462	0	0	0	
1.384	24	19	49	28	1	-1507.985	0.0007439031	5.236357	-0.0006799909	0.0008364792	-0.001013701	0	0	0	
1.404	24	19	49	28	1	-1507.985	0.0008455283	5.281499	-0.001767196	0.0008476474	-0.001037314	0	0	0	
1.424	24	19	49	28	1	-1507.984	0.0009311452	5.31979	-0.002739061	-9.391532e-05	-0.001059557	0	0	0	
1.448	24	19	49	28	1	-1507.984	0.001038181	5.366536	-0.003235994	-0.001424809	-0.001080566	0	0	0	
1.472	24	19	49	28	1	-1507.983	0.001143939	5.414144	-0.003040236	-0.002403935	-0.001096703	0	0	0	
1.496	24	19	49	28	1	-1507.983	0.001250885	5.462604	-0.002226443	-0.002756588	-0.001114862	0	0	0	
1.524	24	19	49	28	1	-1507.982	0.001367019	5.520206	-4.948054e-05	-0.001131143	-0.001137404	0	0	0	
1.536	24	19	49	28	1	-1507.982	0.001413457	5.54524	0.0009405265	-0.000295447	-0.00114422	0	0	0	
1.56	24	19	49	28	1	-1507.981	0.001506802	5.595927	0.002428597	0.0006437504	-0.001156425	0	0	0	
1.588	24	19	49	28	1	-1507.981	0.001597365	5.647433	0.003942544	0.0002667229	-0.001180914	0	0	0	
1.616	24	19	49	28	1	-1507.98	0.001710104	5.708545	0.004054709	-0.00129832	-0.00120632	0	0	0	
1.636	24	19	49	28	1	-1507.98	0.001791647	5.752859	0.003343464	-0.001898439	-0.001217753	0	0	0	
1.66	24	19	49	29	1	-1507.979	0.001919818	5.815819	0.001403057	-0.001545096	-0.001223495	0	0	0	
1.684	24	19	49	29	1	-1507.978	0.002031046	5.870629	-0.0008388375	-0.0002148592	-0.001234165	0	0	0	
1.712	24	19	49	29	1	-1507.978	0.002140351	5.935546	-0.002488004	0.001366055	-0.00123733	0	0	0	
1.728	24	19	49	29	1	-1507.977	0.002192891	5.973107	-0.002769609	0.001827971	-0.001235051	0	0	0	
1.748	24	19	49	29	1	-1507.977	0.002254163	6.020525	-0.002578929	0.001780186	-0.001227487	0	0	0	
1.772	24	19	49	29	1	-1507.976	0.002326632	6.078106	-0.001786788	0.0007348059	-0.00121625	0	0	0	
1.792	24	19	49	29	1	-1507.976	0.002372943	6.116901	-0.0007016563	-0.001058059	-0.001210893	0	0	0	
1.808	24	19	49	29	1	-1507.975	0.002424598	6.165852	0.0004405256	-0.002555171	-0.001212438	0	0	0	
1.832	24	19	49	29	1	-1507.975	0.002468398	6.215304	0.002341835	-0.003992365	-0.001225323	0	0	0	
1.856	24	19	49	29	1	-1507.974	0.002525688	6.285372	0.003867039	-0.003922377	-0.001240656	0	0	0	
1.872	24	19	49	29	1	-1507.974	0.002556632	6.325844	0.004490866	-0.003055971	-0.001244906	0	0	0	
1.904	24	19	49	29	1	-1507.973	0.002613914	6.397418	0.004305095	-0.0006127248	-0.001243197	0	0	0	
1.94	24	19	49	29	1	-1507.972	0.002686762	6.50129	0.002479849	0.0004040306	-0.001242718	0	0	0	
1.976	24	19	49	29	1	-1507.971	0.002734307	6.596385	6.698793e-05	-0.0002040989	-0.001244786	0	0	0	
2.012	24	19	49	29	1	-1507.971	0.002768548	6.682173	-0.002064048	-0.001795349	-0.001253234	0	0	0	
2.036	24	19	49	29	1	-1507.97	0.002802259	6.758202	-0.003068218	-0.002421644	-0.001252707	0	0	0	
2.064	24	19	49	29	1	-1507.969	0.002833855	6.824075	-0.003512444	-0.002362782	-0.001253754	0	0	0	
2.092	24	19	49	29	1	-1507.969	0.002878768	6.901733	-0.003174852	-0.001936955	-0.001258285	0	0	0	
2.116	24	19	49	29	1	-1507.968	0.002937679	6.980246	-0.002558101	-0.001976788	-0.001255148	0	0	0	
2.144	24	19	49	29	1	-1507.967	0.003011178	7.048214	-0.002024322	-0.001117298	-0.001247102	0	0	0	
2.164	24	19	49	30	1	-1507.967	0.003095012	7.116795	-0.001537512	5.233969e-05	-0.00123931	0	0	0	
2.196	24	19	49	30	1	-1507.966	0.003210268	7.209174	-0.0003841726	0.001498199	-0.001222119	0	0	0	
2.224	24	19	49	30	1	-1507.965	0.003297457	7.290875	0.001246691	0.000891405	-0.001201668	0	0	0	
2.256	24	19	49	30	1	-1507.965	0.003400494	7.385231	0.002559972	-0.001929776	-0.001177619	0	0	0	
2.292	24	19	49	30	1	-1507.964	0.003519803	7.480617	0.002284084	-0.002146544	-0.001129674	0	0	0	
2.308	24	19	49	30	1	-1507.963	0.003596097	7.540743	0.001761282	-0.0008098876	-0.001101368	0	0	0	
2.332	24	19	49	30	1	-1507.963	0.003672499	7.601253	0.0006733579	0.002133452	-0.001059461	0	0	0	
2.348	24	19	49	30	1	-1507.962	0.003748101	7.662142	-0.0001105083	0.003254439	-0.001033386	0	0	0	
2.376	24	19	49	30	1	-1507.962	0.003852146	7.748015	-0.001347749	0.001653503	-0.0009839353	0	0	0	
2.396	24	19	49	30	1	-1507.961	0.003932282	7.809795	-0.002197903	-0.0007994138	-0.000945081	0	0	0	
2.416	24	19	49	30	1	-1507.961	0.004012649	7.871937	-0.00272087	-0.002758102	-0.0009096444	0	0	0	
2.448	24	19	49	30	1	-1507.96	0.004139588	7.972097	-0.002641297	-0.003518242	-0.0008734468	0	0	0	
2.484	24	19	49	30	1	-1507.959	0.004293714	8.085832	-0.001737116	-0.001663465	-0.0008600494	0	0	0	
2.504	24	19	49	30	1	-1507.958	0.00438224	8.149487	-0.0009249053	0.000329348	-0.0008601733	0	0	0	
2.536	24	19	49	30	1	-1507.957	0.004542393	8.252014	3.312278e-06	0.001804997	-0.0008716705	0	0	0	
2.568	24	19	49	30	1	-1507.957	0.004727207	8.355352	0.0001311028	-0.0006345727	-0.0008876554	0	0	0	
2.596	24	19	49	30	1	-1507.956	0.004887514	8.44642	0.0002683008	-0.00395338	-0.0009005064	0	0	0	
2.62	24	19	49	30	1	-1507.955	0.004997806	8.511836	0.0005093787	-0.004862561	-0.0009092112	0	0	0	
2.636	24	19	49	30	1	-1507.955	0.005107225	8.577548	0.0006568682	-0.004313381	-0.0009127445	0	0	0	
2.656	24	19	49	30	1	-1507.954	0.005217365	8.64355	0.0007256264	-0.002715779	-0.0009142229	0	0	0	
2.676	24	19	49	31	1	-1507.954	0.005326723	8.709837	0.0007250649	-0.0008900469	-0.0009135893	0	0	0	
2.696	24	19	49	31	1	-1507.953	0.005432445	8.776402	0.0007541233	0.000495189	-0.0009157957	0	0	0	
2.716	24	19	49	31	1	-1507.953	0.005533387	8.843239	0.0008485609	0.0007553101	-0.0009236569	0	0	0	
2.736	24	19	49	31	1	-1507.952	0.005634136	8.910341	0.0008381621	-0.0002104731	-0.0009311013	0	0	0	
2.756	24	19	49	31	1	-1507.952	0.005712876	8.964212	0.0008096689	-0.001804005	-0.0009383181	0	0	0	
2.776	24	19	49	31	1	-1507.951	0.005809067	9.031782	0.000722311	-0.003226227	-0.0009461464	0	0	0	
2.8	24	19	49	31	1	-1507.951	0.005958106	9.126807	4.12063e-05	-0.003778329	-0.0009526735	0	0	0	
2.828	24	19	49	31	1	-1507.95	0.006118571	9.222313	-0.001061842	-0.00236639	-0.0009648813	0	0	0	
2.848	24	19	49	31	1	-1507.95	0.006203959	9.277102	-0.001357506	-0.001018286	-0.0009673167	0	0	0	
2.868	24	19	49	31	1	-1507.949	0.006305457	9.3458	-0.001333049	-0.0004731846	-0.0009661184	0	0	0	
2.892	24	19	49	31	1	-1507.948	0.006451878	9.442362	-0.001143623	-0.0006015752	-0.0009617993	0	0	0	
2.916	24	19	49	31	1	-1507.948	0.006578233	9.525483	-0.0007259883	-0.001107826	-0.0009498554	0	0	0	
2.94	24	19	49	31	1	-1507.947	0.006708723	9.608919	-0.0002839794	-0.001179988	-0.0009367042	0	0	0	
2.964	24	19	49	31	1	-1507.947	0.006837748	9.692665	0.0002805614	-0.0008367482	-0.0009191825	0	0	0	
2.984	24	19	49	31	1	-1507.946	0.006944208	9.762682	0.0007597494	-0.0005463423	-0.0009069059	0	0	0	
3.004	24	19	49	31	1	-1507.946	0.007030317	9.818841	0.001099733	-0.0003387862	-0.0008987953	0	0	0	
3.02	24	19	49	31	1	-1507.945	0.007137795	9.889215	0.001276493	-0.0001486132	-0.0008973077	0	0	0	
3.04	24	19	49	31	1	-1507.945	0.007247008	9.959782	0.001279312	-0.000305858	-0.000901756	0	0	0	
3.064	24	19	49	31	1	-1507.944	0.007381156	10.04471	0.000954585	-0.001227876	-0.0009072785	0	0	0	
3.084	24	19	49	31	1	-1507.944	0.00746975	10.10147	0.0005915836	-0.00217922	-0.0009077956	0	0	0	
3.108	24	19	49	32	1	-1507.943	0.00761272	10.20109	0.0004454124	-0.002070116	-0.0009046201	0	0	0	
3.136	24	19	49	32	1	-1507.942	0.007740335	10.30104	0.0006463987	-9.987886e-05	-0.0008985325	0	0	0	
3.156	24	19	49	32	1	-1507.942	0.00782658	10.37263	0.000866278	0.001557337	-0.0008936547	0	0	0	
3.184	24	19	49	32	1	-1507.941	0.007946091	10.47314	0.001025437	0.00191344	-0.0008869715	0	0	0	
3.208	24	19	49	32	1	-1507.94	0.008045442	10.55953	0.001061286	0.001550345	-0.0008744433	0	0	0	
3.24	24	19	49	32	1	-1507.94	0.008167062	10.67505	0.001167676	0.0008117511	-0.000840868	0	0	0	
3.276	24	19	49	32	1	-1507.939	0.008284768	10.79094	0.0009238627	0.0001843348	-0.0007914223	0	0	0	
3.292	24	19	49	32	1	-1507.938	0.008367971	10.86356	0.0004143695	-0.0001559658	-0.0007683518	0	0	0	
3.316	24	19	49	32	1	-1507.938	0.008458972	10.93631	-0.0007043131	-0.000902443	-0.0007338395	0	0	0	
3.332	24	19	49	32	1	-1507.937	0.008556324	11.00918	-0.001554793	-0.001335454	-0.0007121802	0	0	0	
3.364	24	19	49	32	1	-1507.936	0.008717378	11.12603	-0.002884716	-0.001603045	-0.0006610874	0	0	0	
3.392	24	19	49	32	1	-1507.935	0.008859218	11.22853	-0.003229999	-0.0007595153	-0.0006134309	0	0	0	
3.408	24	19	49	32	1	-1507.935	0.008946966	11.2872	-0.003222525	-0.0004597912	-0.00057561	0	0	0	
3.44	24	19	49	32	1	-1507.934	0.00912955	11.40476	-0.00264955	-0.0007858945	-0.0005199303	0	0	0	
3.464	24	19	49	32	1	-1507.933	0.009246176	11.47836	-0.001634875	-0.001235451	-0.0004790098	0	0	0	
3.488	24	19	49	32	1	-1507.933	0.00938438	11.56682	-0.0002435357	-0.001332583	-0.0004390774	0	0	0	
3.512	24	19	49	32	1	-1507.932	0.009552562	11.6702	0.001011202	-0.001035003	-0.0004017939	0	0	0	
3.536	24	19	49	32	1	-1507.931	0.009676653	11.74415	0.001909502	-0.001074427	-0.0003671395	0	0	0	
3.552	24	19	49	32	1	-1507.931	0.00980839	11.81819	0.002094857	-0.001690839	-0.0003461198	0	0	0	
3.576	24	19	49	32	1	-1507.93	0.009973021	11.90714	0.001850622	-0.00232071	-0.0003148368	0	0	0	
3.596	24	19	49	33	1	-1507.93	0.01011665	11.98135	0.001152331	-0.002129615	-0.000286829	0	0	0	
3.628	24	19	49	33	1	-1507.929	0.01032544	12.08537	-0.0005324822	-0.001206208	-0.0002498545	0	0	0	
3.652	24	19	49	33	1	-1507.928	0.01050883	12.17464	-0.001854843	-0.0008916572	-0.0002267327	0	0	0	
3.68	24	19	49	33	1	-1507.927	0.01073844	12.2938	-0.002363248	-0.0005651114	-0.0002022238	0	0	0	
3.696	24	19	49	33	1	-1507.927	0.01084067	12.35344	-0.001963336	-0.0003334871	-0.000189533	0	0	0	
3.716	24	19	49	33	1	-1507.926	0.01096615	12.42805	-0.001134023	0.0003869288	-0.0001792441	0	0	0	
3.736	24	19	49	33	1	-1507.925	0.01108925	12.5027	-5.376906e-05	0.001105386	-0.00016924	0	0	0	
3.76	24	19	49	33	1	-1507.925	0.01121164	12.57741	0.001264771	0.001335701	-0.0001499761	0	0	0	
3.776	24	19	49	33	1	-1507.924	0.01133752	12.65216	0.001940869	0.0007867969	-0.0001350574	0	0	0	
3.796	24	19	49	33	1	-1507.924	0.01146702	12.72695	0.002432345	-0.001007749	-0.0001198375	0	0	0	
3.816	24	19	49	33	1	-1507.923	0.01159026	12.80179	0.002813754	-0.003400671	-0.0001106774	0	0	0	
3.844	24	19	49	33	1	-1507.922	0.01175892	12.90662	0.002843143	-0.005213355	-0.0001001752	0	0	0	
3.88	24	19	49	33	1	-1507.921	0.01196148	13.02651	0.001450767	-0.004453022	-6.704105e-05	0	0	0	
3.896	24	19	49	33	1	-1507.921	0.01208879	13.10147	0.0005772112	-0.002890483	-4.401279e-05	0	0	0	
3.92	24	19	49	33	1	-1507.92	0.01225176	13.19145	-0.001142049	-0.000167446	-1.505212e-05	0	0	0	
3.944	24	19	49	33	1	-1507.92	0.01239583	13.26646	-0.002992874	0.001119009	6.839486e-06	0	0	0	
3.96	24	19	49	33	1	-1507.919	0.01254606	13.34148	-0.00407213	0.0004788137	2.007377e-05	0	0	0	
3.988	24	19	49	33	1	-1507.918	0.01274976	13.44652	-0.00480105	-0.003510885	5.494137e-05	0	0	0	
4.012	24	19	49	33	1	-1507.918	0.0129134	13.53658	-0.004018557	-0.006341361	8.028442e-05	0	0	0	
4.036	24	19	49	33	1	-1507.917	0.01307609	13.62664	-0.002397696	-0.006346413	8.615589e-05	0	0	0	
4.068	24	19	49	34	1	-1507.916	0.01331131	13.74674	0.0001266578	-0.002786718	8.700647e-05	0	0	0	
4.1	24	19	49	34	1	-1507.915	0.01352112	13.85183	0.002005086	-0.0003646707	0.0001004012	0	0	0	
4.128	24	19	49	34	1	-1507.915	0.0137333	13.9569	0.003333124	0.0003381687	0.0001153197	0	0	0	
4.164	24	19	49	34	1	-1507.914	0.01402454	14.10695	0.004091449	-0.0007462721	0.0001440718	0	0	0	
4.2	24	19	49	34	1	-1507.913	0.01426322	14.22694	0.002897389	-0.002936945	0.0001726939	0	0	0	
4.236	24	19	49	34	1	-1507.912	0.01453013	14.36186	0.0006213647	-0.003842151	0.0001916263	0	0	0	
4.272	24	19	49	34	1	-1507.911	0.01480041	14.51168	-0.001128124	-0.00273863	0.0002081615	0	0	0	
4.296	24	19	49	34	1	-1507.911	0.01493253	14.58654	-0.001964843	-0.001291919	0.000212251	0	0	0	
4.316	24	19	49	34	1	-1507.91	0.0150689	14.66137	-0.0025721	0.0003202532	0.0002134751	0	0	0	
4.328	24	19	49	34	1	-1507.91	0.01518563	14.72121	-0.002939762	0.001224559	0.0002109912	0	0	0	
4.348	24	19	49	34	1	-1507.909	0.01530573	14.78102	-0.003340571	0.002244486	0.0002055197	0	0	0	
4.368	24	19	49	34	1	-1507.909	0.01548223	14.87068	-0.003145162	0.001855786	0.0002112965	0	0	0	
4.396	24	19	49	34	1	-1507.908	0.01567565	14.9752	-0.001769618	-0.0006067384	0.0002335529	0	0	0	
4.416	24	19	49	34	1	-1507.908	0.01580681	15.04981	-0.0002198128	-0.002368023	0.000256667	0	0	0	
4.432	24	19	49	34	1	-1507.907	0.01591208	15.10946	0.001050274	-0.003179669	0.0002772997	0	0	0	
4.456	24	19	49	34	1	-1507.907	0.01606728	15.19888	0.002859696	-0.003150905	0.0003142082	0	0	0	
4.48	24	19	49	34	1	-1507.906	0.01619263	15.27333	0.004297207	-0.00124061	0.0003553739	0	0	0	
4.504	24	19	49	34	1	-1507.905	0.01637023	15.37747	0.004857331	0.001186821	0.0003879446	0	0	0	
4.524	24	19	49	34	1	-1507.905	0.01650151	15.45178	0.004478469	0.002390685	0.0004121221	0	0	0	
4.552	24	19	49	34	1	-1507.904	0.01665715	15.54087	0.003060136	0.00186159	0.000444638	0	0	0	
4.572	24	19	49	35	1	-1507.904	0.01678516	15.61504	0.00160939	0.000487974	0.0004671018	0	0	0	
4.592	24	19	49	35	1	-1507.903	0.01693394	15.70394	-0.0001982972	-0.001295584	0.0004869154	0	0	0	
4.62	24	19	49	35	1	-1507.902	0.01709707	15.80754	-0.001649806	-0.001738999	0.0005024999	0	0	0	
4.648	24	19	49	35	1	-1507.902	0.0172494	15.91099	-0.00257872	-0.000850211	0.0005141469	0	0	0	
4.668	24	19	49	35	1	-1507.901	0.01735022	15.98479	-0.00255152	-0.0002727523	0.0005220131	0	0	0	
4.704	24	19	49	35	1	-1507.9	0.01750654	16.1027	-0.00142681	-0.0005583037	0.0005332906	0	0	0	
4.728	24	19	49	35	1	-1507.899	0.0176363	16.2057	-7.997034e-05	-0.0005974405	0.0005339724	0	0	0	
4.76	24	19	49	35	1	-1507.899	0.01776628	16.3232	0.002334203	-0.000980008	0.0005399973	0	0	0	
4.8	24	19	49	35	1	-1507.898	0.01789599	16.45512	0.004772692	-0.00193435	0.0005427979	0	0	0	
4.836	24	19	49	35	1	-1507.897	0.01803296	16.58675	0.00477836	-0.002796298	0.0005418715	0	0	0	
4.86	24	19	49	35	1	-1507.896	0.01812729	16.6889	0.003996926	-0.001670149	0.0005505612	0	0	0	
4.888	24	19	49	35	1	-1507.895	0.01819691	16.77631	0.002610923	-0.0007179574	0.0005625492	0	0	0	
4.908	24	19	49	35	1	-1507.895	0.01825978	16.86358	0.001375436	-0.001122203	0.0005764184	0	0	0	
4.936	24	19	49	35	1	-1507.894	0.01832509	16.9507	-0.0007161713	-0.001731297	0.0005918954	0	0	0	
4.956	24	19	49	35	1	-1507.893	0.01839008	17.03768	-0.002084368	-0.001083181	0.0005994237	0	0	0	
4.984	24	19	49	35	1	-1507.893	0.01845761	17.13895	-0.003213271	-0.0007624059	0.0006070464	0	0	0	
5	24	19	49	35	1	-1507.892	0.01848401	17.19673	-0.00306313	-0.001606329	0.0006160414	0	0	0	
5.024	24	19	49	35	1	-1507.892	0.01851428	17.28326	-0.002023328	-0.002371259	0.0006271455	0	0	0	
5.048	24	19	49	35	1	-1507.891	0.01853121	17.35524	-0.0002260777	-0.001980178	0.0006290077	0	0	0	
5.08	24	19	49	35	1	-1507.89	0.01856995	17.48453	0.001906913	0.0004248877	0.0006327308	0	0	0	
5.096	24	19	49	36	1	-1507.89	0.0185903	17.52754	0.002438719	0.001764951	0.0006372524	0	0	0	
5.12	24	19	49	36	1	-1507.889	0.0186577	17.62773	0.002242726	0.002325893	0.0006426397	0	0	0	
5.14	24	19	49	36	1	-1507.888	0.01872493	17.69914	0.001168153	0.0007899676	0.0006451084	0	0	0	
5.172	24	19	49	36	1	-1507.888	0.01883676	17.81315	-0.0009221018	-0.00337341	0.0006561467	0	0	0	
5.208	24	19	49	36	1	-1507.887	0.01893203	17.92683	-0.002124203	-0.004882179	0.0006717995	0	0	0	
5.228	24	19	49	36	1	-1507.886	0.01897701	17.99771	-0.001934161	-0.004363646	0.0006795913	0	0	0	
5.248	24	19	49	36	1	-1507.885	0.01903459	18.0826	-0.001614688	-0.003188017	0.0006855015	0	0	0	
5.272	24	19	49	36	1	-1507.885	0.0190888	18.1673	-0.0007930912	-0.001927942	0.0006961519	0	0	0	
5.3	24	19	49	36	1	-1507.884	0.01913812	18.2518	0.0005282264	-0.002294502	0.0007107868	0	0	0	
5.336	24	19	49	36	1	-1507.883	0.01925567	18.39221	0.0009098766	-0.003888152	0.0007310782	0	0	0	
5.36	24	19	49	36	1	-1507.883	0.01934127	18.47619	0.0005143263	-0.004354389	0.000752872	0	0	0	
5.376	24	19	49	36	1	-1507.882	0.01939411	18.53207	0.0003480295	-0.003650555	0.0007622783	0	0	0	
5.4	24	19	49	36	1	-1507.882	0.01945865	18.60179	0.0001207397	-0.001661499	0.000769761	0	0	0	
5.42	24	19	49	36	1	-1507.881	0.01954314	18.68526	-0.0003055715	-8.609692e-05	0.0007687763	0	0	0	
5.448	24	19	49	36	1	-1507.88	0.01963959	18.78239	-0.0006775291	0.001009395	0.0007697663	0	0	0	
5.48	24	19	49	36	1	-1507.88	0.01970145	18.87923	0.0005572432	0.0002962041	0.0007803611	0	0	0	
5.5	24	19	49	36	1	-1507.879	0.01973486	18.96201	0.001815654	-0.0006153136	0.0007946181	0	0	0	
5.52	24	19	49	36	1	-1507.879	0.01976308	19.03082	0.002815356	-0.001972634	0.0008116894	0	0	0	
5.552	24	19	49	36	1	-1507.878	0.01981656	19.14062	0.003363382	-0.002853731	0.000848844	0	0	0	
5.588	24	19	49	36	1	-1507.877	0.01988077	19.26367	0.002570504	-0.001050356	0.0009170748	0	0	0	
5.612	24	19	49	37	1	-1507.876	0.01991996	19.34542	0.001557862	0.000258159	0.0009659631	0	0	0	
5.632	24	19	49	37	1	-1507.876	0.01994448	19.41338	0.0006048303	-0.0005732001	0.001007274	0	0	0	
5.668	24	19	49	37	1	-1507.875	0.01997916	19.53532	-0.0004688435	-0.003456354	0.001058347	0	0	0	
5.692	24	19	49	37	1	-1507.875	0.01999908	19.61632	-0.001079993	-0.004482532	0.001092395	0	0	0	
5.716	24	19	49	37	1	-1507.874	0.02001021	19.68366	-0.001188575	-0.003635503	0.001115558	0	0	0	
5.74	24	19	49	37	1	-1507.873	0.02001128	19.77765	-0.0006685923	-0.00197782	0.001127862	0	0	0	
5.768	24	19	49	37	1	-1507.873	0.02002373	19.85797	-0.000363172	-0.001254218	0.001137723	0	0	0	
5.8	24	19	49	37	1	-1507.872	0.02003606	19.96468	0.0003279288	-0.001659272	0.001140255	0	0	0	
5.824	24	19	49	37	1	-1507.872	0.02003874	20.04445	0.001023988	-0.002305154	0.001140131	0	0	0	
5.844	24	19	49	37	1	-1507.871	0.02004235	20.11073	0.001341416	-0.002695243	0.001139799	0	0	0	
5.872	24	19	49	37	1	-1507.871	0.02006536	20.20324	0.0009276104	-0.002213658	0.001148139	0	0	0	
5.884	24	19	49	37	1	-1507.87	0.02007813	20.25596	0.0007126074	-0.001076193	0.00115676	0	0	0	
5.9	24	19	49	37	1	-1507.87	0.02008586	20.30857	0.0005972078	-2.377606e-05	0.001161338	0	0	0	
5.928	24	19	49	37	1	-1507.869	0.02008858	20.38727	0.0005858361	0.001676179	0.001165474	0	0	0	
5.948	24	19	49	37	1	-1507.869	0.02009902	20.46573	0.0001669853	0.001292501	0.00115865	0	0	0	
5.98	24	19	49	37	1	-1507.868	0.02010805	20.55695	-5.973413e-05	-0.0003416055	0.001142649	0	0	0	
6	24	19	49	37	1	-1507.868	0.02009532	20.63487	0.0003675727	-0.0005926465	0.001123846	0	0	0	
6.028	24	19	49	37	1	-1507.867	0.0200621	20.72545	0.001452396	0.0007514449	0.00109453	0	0	0	
6.048	24	19	49	37	1	-1507.866	0.02004145	20.77706	0.002085569	0.001478861	0.001076273	0	0	0	
6.064	24	19	49	37	1	-1507.866	0.02001853	20.84141	0.002414162	0.0008389225	0.001056033	0	0	0	
6.08	24	19	49	38	1	-1507.866	0.01999368	20.89277	0.002645507	3.832238e-05	0.001041952	0	0	0	
6.1	24	19	49	38	1	-1507.865	0.019955	20.9568	0.002979735	-0.001688188	0.00102051	0	0	0	
6.124	24	19	49	38	1	-1507.865	0.01990087	21.03339	0.003154561	-0.002601088	0.001001024	0	0	0	
6.144	24	19	49	38	1	-1507.864	0.01984555	21.09703	0.003178578	-0.001806862	0.0009849794	0	0	0	
6.176	24	19	49	38	1	-1507.863	0.01976964	21.18581	0.002429954	-0.0009269635	0.0009559456	0	0	0	
6.196	24	19	49	38	1	-1507.863	0.01972074	21.24901	0.001267905	-0.0004047973	0.0009310992	0	0	0	
6.22	24	19	49	38	1	-1507.862	0.01966755	21.33718	-0.0006806737	-0.0004076143	0.0008958314	0	0	0	
6.244	24	19	49	38	1	-1507.862	0.0196189	21.41247	-0.002360268	-0.001296908	0.0008662945	0	0	0	
6.264	24	19	49	38	1	-1507.861	0.01956391	21.47501	-0.002926912	-0.002595038	0.0008515622	0	0	0	
6.288	24	19	49	38	1	-1507.86	0.01948257	21.54981	-0.002560324	-0.003334451	0.0008394106	0	0	0	
6.32	24	19	49	38	1	-1507.86	0.01937706	21.63674	-0.0008855864	-0.001896705	0.0008130572	0	0	0	
6.344	24	19	49	38	1	-1507.859	0.01926653	21.72331	0.0007507056	-0.0004500114	0.000794954	0	0	0	
6.372	24	19	49	38	1	-1507.858	0.01916309	21.8095	0.002259183	0.0007983058	0.0007847622	0	0	0	
6.392	24	19	49	38	1	-1507.858	0.0191089	21.85859	0.002802608	0.001964167	0.0007840466	0	0	0	
6.428	24	19	49	38	1	-1507.857	0.01898278	21.98077	0.002610132	0.002782741	0.0007930975	0	0	0	
6.464	24	19	49	38	1	-1507.856	0.0188881	22.07798	0.001195307	0.0008591831	0.0008108618	0	0	0	
6.48	24	19	49	38	1	-1507.855	0.01882075	22.13848	0.0006310603	-0.0007159396	0.0008186299	0	0	0	
6.504	24	19	49	38	1	-1507.855	0.0187373	22.19879	0.0003877277	-0.003290911	0.0008199595	0	0	0	
6.528	24	19	49	38	1	-1507.854	0.0186007	22.28292	0.0006370377	-0.004166225	0.0008124724	0	0	0	
6.552	24	19	49	38	1	-1507.854	0.01847856	22.35473	0.0009362021	-0.003488836	0.0007970906	0	0	0	
6.576	24	19	49	39	1	-1507.853	0.01837765	22.41435	0.0009837005	-0.001687793	0.0007774784	0	0	0	
6.6	24	19	49	39	1	-1507.852	0.01825888	22.4975	0.0002345046	-0.0001412271	0.0007595115	0	0	0	
6.628	24	19	49	39	1	-1507.852	0.01814882	22.58026	-0.0009034781	-0.0002019967	0.000738142	0	0	0	
6.656	24	19	49	39	1	-1507.851	0.0180444	22.66265	-0.001979479	-0.001684063	0.0007150545	0	0	0	
6.676	24	19	49	39	1	-1507.85	0.01798568	22.70955	-0.002441585	-0.002233405	0.0006944737	0	0	0	
6.7	24	19	49	39	1	-1507.85	0.01788377	22.77967	-0.002059351	-0.001040084	0.000655696	0	0	0	
6.72	24	19	49	39	1	-1507.849	0.01779236	22.8379	-0.00123183	0.0002541888	0.0006199363	0	0	0	
6.744	24	19	49	39	1	-1507.848	0.01765284	22.91908	0.0006652853	0.0009668707	0.0005760727	0	0	0	
6.776	24	19	49	39	1	-1507.848	0.01746175	23.0114	0.003286135	-0.000923736	0.0005275792	0	0	0	
6.804	24	19	49	39	1	-1507.847	0.01729415	23.09176	0.005081994	-0.004595749	0.0004727404	0	0	0	
6.828	24	19	49	39	1	-1507.846	0.01717808	23.14893	0.005487897	-0.006401593	0.0004333089	0	0	0	
6.844	24	19	49	39	1	-1507.846	0.01708505	23.19452	0.005245486	-0.005960807	0.0004166642	0	0	0	
6.864	24	19	49	39	1	-1507.845	0.0169369	23.26267	0.004577138	-0.004054312	0.0004013111	0	0	0	
6.896	24	19	49	39	1	-1507.844	0.01674387	23.35308	0.002187094	-0.0003759931	0.0003735829	0	0	0	
6.928	24	19	49	39	1	-1507.844	0.01652627	23.44299	-5.932261e-05	0.002094646	0.0003391526	0	0	0	
6.964	24	19	49	39	1	-1507.843	0.01625322	23.54353	-0.001544001	0.000177456	0.0002961818	0	0	0	
6.996	24	19	49	39	1	-1507.842	0.01599772	23.63236	-0.001872742	-0.003590867	0.0002549463	0	0	0	
7.016	24	19	49	39	1	-1507.842	0.01582229	23.68761	-0.001203573	-0.00488608	0.0002299379	0	0	0	
7.04	24	19	49	39	1	-1507.841	0.01559776	23.75366	0.0002951558	-0.00443819	0.0001994913	0	0	0	
7.068	24	19	49	39	1	-1507.84	0.01536391	23.81941	0.002330101	-0.002210063	0.0001621901	0	0	0	
7.096	24	19	49	40	1	-1507.839	0.01505751	23.90662	0.003680841	-0.0002054749	0.000126883	0	0	0	
7.128	24	19	49	40	1	-1507.839	0.01473786	23.99332	0.00456742	0.0005694572	9.503908e-05	0	0	0	
7.152	24	19	49	40	1	-1507.838	0.01450486	24.058	0.004059079	-0.0002009902	6.701795e-05	0	0	0	
7.176	24	19	49	40	1	-1507.838	0.01428182	24.12239	0.002484868	-0.001715119	3.913418e-05	0	0	0	
7.2	24	19	49	40	1	-1507.837	0.01409016	24.17583	0.0007410264	-0.002567892	1.946772e-05	0	0	0	
7.216	24	19	49	40	1	-1507.837	0.01389078	24.22907	-0.0002956213	-0.003118655	8.568709e-06	0	0	0	
7.244	24	19	49	40	1	-1507.836	0.01364676	24.29268	-0.001829227	-0.002913126	-6.093708e-06	0	0	0	
7.268	24	19	49	40	1	-1507.835	0.01340224	24.35601	-0.002698739	-0.002225688	-1.964612e-05	0	0	0	
7.296	24	19	49	40	1	-1507.835	0.01306358	24.43998	-0.002712594	-0.002237984	-3.134482e-05	0	0	0	
7.32	24	19	49	40	1	-1507.834	0.01280801	24.50263	-0.002114006	-0.001943534	-4.794461e-05	0	0	0	
7.348	24	19	49	40	1	-1507.834	0.01254706	24.56499	-0.0006434055	-0.0008858446	-7.664152e-05	0	0	0	
7.368	24	19	49	40	1	-1507.833	0.01227457	24.62705	0.001165518	-4.569954e-06	-0.0001032245	0	0	0	
7.392	24	19	49	40	1	-1507.832	0.01204821	24.67855	0.002466877	-0.0002674339	-0.0001278649	0	0	0	
7.408	24	19	49	40	1	-1507.832	0.01182799	24.72984	0.003134867	-0.001350239	-0.0001514577	0	0	0	
7.444	24	19	49	40	1	-1507.831	0.0114484	24.82165	0.003163495	-0.003914892	-0.0001933718	0	0	0	
7.484	24	19	49	40	1	-1507.83	0.01104004	24.92288	0.001316276	-0.003465507	-0.0002017934	0	0	0	
7.52	24	19	49	40	1	-1507.83	0.01071183	25.00328	-0.0009030138	0.0005095589	-0.0002054646	0	0	0	
7.548	24	19	49	40	1	-1507.829	0.01043925	25.0732	-0.002869829	0.00209693	-0.0002104295	0	0	0	
7.58	24	19	49	40	1	-1507.828	0.01008334	25.16252	-0.003962566	-0.0001494148	-0.0002013553	0	0	0	
7.612	24	19	49	40	1	-1507.828	0.009779784	25.23153	-0.00270127	-0.003639043	-0.000188338	0	0	0	
7.628	24	19	49	41	1	-1507.827	0.009560143	25.28058	-0.001641324	-0.004385426	-0.0001832826	0	0	0	
7.66	24	19	49	41	1	-1507.826	0.009270052	25.34891	0.0001186208	-0.002933348	-0.0001836489	0	0	0	
7.684	24	19	49	41	1	-1507.826	0.009004153	25.41684	0.0007610254	-0.0001432039	-0.0001922368	0	0	0	
7.72	24	19	49	41	1	-1507.825	0.008681717	25.50361	0.0009044398	0.00197371	-0.0002214024	0	0	0	
7.748	24	19	49	41	1	-1507.824	0.008418923	25.57064	0.00121032	-0.0005410449	-0.0002481146	0	0	0	
7.772	24	19	49	41	1	-1507.824	0.008195285	25.62778	0.001150107	-0.002661735	-0.0002617235	0	0	0	
7.792	24	19	49	41	1	-1507.823	0.008003845	25.67518	0.00117889	-0.003231107	-0.000269269	0	0	0	
7.816	24	19	49	41	1	-1507.823	0.007799718	25.72237	0.001594075	-0.002837702	-0.0002813073	0	0	0	
7.844	24	19	49	41	1	-1507.822	0.007448817	25.79747	0.002402215	-0.00223532	-0.0003072936	0	0	0	
7.884	24	19	49	41	1	-1507.821	0.00706482	25.88132	0.00206597	-0.002943264	-0.0003551684	0	0	0	
7.92	24	19	49	41	1	-1507.82	0.006661351	25.97373	0.0002148997	-0.002519641	-0.0003903324	0	0	0	
7.96	24	19	49	41	1	-1507.82	0.006318995	26.05621	-0.00262407	-0.001518145	-0.0004261526	0	0	0	
7.976	24	19	49	41	1	-1507.819	0.006137375	26.10175	-0.003691589	-0.00187906	-0.0004334139	0	0	0	
8	24	19	49	41	1	-1507.819	0.005955605	26.14709	-0.004634384	-0.004046775	-0.0004369979	0	0	0	
8.012	24	19	49	41	1	-1507.819	0.005807993	26.18322	-0.004728694	-0.004902477	-0.0004365773	0	0	0	
8.04	24	19	49	41	1	-1507.818	0.005580378	26.23718	-0.003873966	-0.005691218	-0.0004258008	0	0	0	
8.06	24	19	49	41	1	-1507.818	0.005393391	26.28192	-0.002702338	-0.004467059	-0.0004195051	0	0	0	
8.08	24	19	49	41	1	-1507.817	0.005168169	26.33535	-0.001149695	-0.002533959	-0.0004108917	0	0	0	
8.1	24	19	49	41	1	-1507.817	0.004985813	26.37965	0.0003828269	-0.001898174	-0.0004036502	0	0	0	
8.116	24	19	49	41	1	-1507.816	0.004848928	26.41496	0.001283607	-0.002682527	-0.0004021409	0	0	0	
8.144	24	19	49	42	1	-1507.816	0.004628693	26.47643	0.001936018	-0.005196133	-0.0004159448	0	0	0	
8.164	24	19	49	42	1	-1507.816	0.004503054	26.51138	0.002099022	-0.006115918	-0.000435985	0	0	0	
8.196	24	19	49	42	1	-1507.815	0.004259883	26.58091	0.001534036	-0.003673718	-0.0004765632	0	0	0	
8.212	24	19	49	42	1	-1507.815	0.004110068	26.62411	0.001024958	-0.0008831214	-0.0004977541	0	0	0	
8.236	24	19	49	42	1	-1507.814	0.003926279	26.67569	0.0001539074	0.002542998	-0.0005343264	0	0	0	
8.26	24	19	49	42	1	-1507.814	0.003731112	26.72699	-0.0001574745	0.001940255	-0.0005568726	0	0	0	
8.292	24	19	49	42	1	-1507.814	0.00346163	26.79494	-0.0003123246	-0.001905511	-0.0005890468	0	0	0	
8.32	24	19	49	42	1	-1507.813	0.003249986	26.84558	9.478328e-05	-0.004350662	-0.0006164023	0	0	0	
8.348	24	19	49	42	1	-1507.813	0.002982578	26.9043	0.001222512	-0.004189514	-0.0006270617	0	0	0	
8.368	24	19	49	42	1	-1507.812	0.002748555	26.95433	0.001929517	-0.002133418	-0.0006332329	0	0	0	
8.396	24	19	49	42	1	-1507.812	0.002478899	27.01234	0.002416929	0.001382982	-0.0006414528	0	0	0	
8.42	24	19	49	42	1	-1507.811	0.002236322	27.06175	0.002763662	0.00272913	-0.000636997	0	0	0	
8.44	24	19	49	42	1	-1507.811	0.002031295	27.10272	0.002776745	0.001902507	-0.0006272617	0	0	0	
8.456	24	19	49	42	1	-1507.811	0.001911134	27.12721	0.002360433	0.0008117992	-0.0006160484	0	0	0	
8.476	24	19	49	42	1	-1507.811	0.001688996	27.17597	0.001059649	-0.0004207879	-0.000605729	0	0	0	
8.508	24	19	49	42	1	-1507.81	0.001438301	27.23251	-0.001395047	-0.00153889	-0.0005923886	0	0	0	
8.536	24	19	49	42	1	-1507.81	0.001172916	27.28867	-0.002618314	-0.001455237	-0.0005896607	0	0	0	
8.556	24	19	49	42	1	-1507.809	0.0009716327	27.32855	-0.002733952	-0.001094174	-0.0005935227	0	0	0	
8.592	24	19	49	42	1	-1507.809	0.0006059225	27.39986	-0.001922078	-0.001176328	-0.0005955639	0	0	0	
8.616	24	19	49	42	1	-1507.808	0.0003158758	27.45488	-0.0007539971	-0.002553273	-0.0005989009	0	0	0	
8.636	24	19	49	43	1	-1507.808	0.0001174156	27.49396	5.429764e-05	-0.003757917	-0.0006094525	0	0	0	
8.664	24	19	49	43	1	-1507.807	-0.0001344587	27.54834	0.0002944484	-0.003951154	-0.0006301197	0	0	0	
8.688	24	19	49	43	1	-1507.807	-0.0003470023	27.59465	0.000340331	-0.001875777	-0.0006523379	0	0	0	
8.708	24	19	49	43	1	-1507.806	-0.0005223065	27.63304	0.0002921146	0.0005485537	-0.0006732379	0	0	0	
8.732	24	19	49	43	1	-1507.806	-0.0007380982	27.67885	0.000358979	0.001185076	-0.0006922657	0	0	0	
8.76	24	19	49	43	1	-1507.806	-0.0009833652	27.73195	0.0001668117	0.0001824642	-0.0007179436	0	0	0	
8.784	24	19	49	43	1	-1507.805	-0.001192822	27.77717	-4.67903e-05	-0.0009157867	-0.0007355081	0	0	0	
8.816	24	19	49	43	1	-1507.805	-0.00143605	27.82958	-0.0003115272	-0.0009307525	-0.0007523083	0	0	0	
8.836	24	19	49	43	1	-1507.804	-0.001651054	27.87419	-0.0002314562	-0.0008419162	-0.0007625876	0	0	0	
8.872	24	19	49	43	1	-1507.804	-0.001970705	27.9406	-0.0001246062	-0.001646739	-0.0007772809	0	0	0	
8.908	24	19	49	43	1	-1507.803	-0.002250591	27.99911	-9.061508e-05	-0.001090164	-0.0007918984	0	0	0	
8.944	24	19	49	43	1	-1507.802	-0.00256452	28.06436	-9.305997e-05	-0.001211934	-0.0008190276	0	0	0	
8.976	24	19	49	43	1	-1507.802	-0.002853015	28.129	-0.00080719	-0.003201925	-0.0008484443	0	0	0	
9.004	24	19	49	43	1	-1507.801	-0.003019125	28.17175	-0.002292734	-0.004020363	-0.0008656341	0	0	0	
9.02	24	19	49	43	1	-1507.801	-0.003140823	28.20717	-0.003336391	-0.003649713	-0.0008694283	0	0	0	
9.028	24	19	49	43	1	-1507.801	-0.003188064	28.22129	-0.003795248	-0.003383455	-0.0008701992	0	0	0	
9.052	24	19	49	43	1	-1507.801	-0.003303872	28.25645	-0.004758507	-0.002680826	-0.0008701066	0	0	0	
9.072	24	19	49	43	1	-1507.8	-0.003439621	28.2984	-0.004987403	-0.002036021	-0.0008735898	0	0	0	
9.104	24	19	49	43	1	-1507.8	-0.003629419	28.35392	-0.0037063	-0.001449288	-0.0008875934	0	0	0	
9.124	24	19	49	43	1	-1507.799	-0.003726486	28.3815	-0.002133606	-0.001844184	-0.0008965249	0	0	0	
9.144	24	19	49	44	1	-1507.799	-0.003876721	28.42267	-0.0001416965	-0.001953258	-0.0009050977	0	0	0	
9.172	24	19	49	44	1	-1507.799	-0.00405784	28.47035	0.002807078	-0.00185839	-0.0009159809	0	0	0	
9.196	24	19	49	44	1	-1507.798	-0.004178061	28.50419	0.004348856	-0.0009766858	-0.0009146112	0	0	0	
9.216	24	19	49	44	1	-1507.798	-0.004292548	28.54456	0.004171883	0.000432234	-0.0009058756	0	0	0	
9.248	24	19	49	44	1	-1507.797	-0.004428764	28.59797	0.002397783	0.001258445	-0.0008791829	0	0	0	
9.284	24	19	49	44	1	-1507.797	-0.004574367	28.65093	-8.626645e-05	-0.00214643	-0.0008389212	0	0	0	
9.32	24	19	49	44	1	-1507.796	-0.004753919	28.70996	-0.00199806	-0.005388586	-0.0007940439	0	0	0	
9.356	24	19	49	44	1	-1507.796	-0.004956804	28.77487	-0.003017431	-0.006777548	-0.0007558389	0	0	0	
9.388	24	19	49	44	1	-1507.795	-0.005107338	28.81988	-0.002575763	-0.005079566	-0.0007276569	0	0	0	
9.408	24	19	49	44	1	-1507.795	-0.005208801	28.85182	-0.002084959	-0.003142838	-0.0007145371	0	0	0	
9.432	24	19	49	44	1	-1507.795	-0.005324982	28.88991	-0.001301533	-0.0009838303	-0.0006981863	0	0	0	
9.456	24	19	49	44	1	-1507.794	-0.005432202	28.92774	-0.0006224102	0.0001006082	-0.0006817698	0	0	0	
9.472	24	19	49	44	1	-1507.794	-0.005498574	28.95283	-0.0002764127	0.0001579028	-0.0006696867	0	0	0	
9.504	24	19	49	44	1	-1507.794	-0.005609603	29.00266	-0.0002146807	-0.0005260226	-0.0006455005	0	0	0	
9.536	24	19	49	44	1	-1507.793	-0.005751491	29.05819	0.0005609127	-0.003299655	-0.0006171865	0	0	0	
9.572	24	19	49	44	1	-1507.793	-0.00589286	29.11318	0.001109499	-0.00495996	-0.0005877318	0	0	0	
9.596	24	19	49	44	1	-1507.793	-0.005966911	29.14952	0.0005321876	-0.003590059	-0.00056819	0	0	0	
9.62	24	19	49	44	1	-1507.792	-0.006038149	29.18562	-0.0002391659	-0.001233945	-0.0005524408	0	0	0	
9.644	24	19	49	44	1	-1507.792	-0.006093619	29.21551	-0.001099648	0.0009176422	-0.0005436921	0	0	0	
9.656	24	19	49	44	1	-1507.792	-0.006142943	29.2393	-0.001325771	0.001516707	-0.0005367093	0	0	0	
9.696	24	19	49	45	1	-1507.792	-0.006275056	29.29243	-0.0008896236	0.0004808999	-0.0005154421	0	0	0	
9.728	24	19	49	45	1	-1507.791	-0.006378246	29.3392	-0.0007142524	-0.002117888	-0.0005216043	0	0	0	
9.748	24	19	49	45	1	-1507.791	-0.006455597	29.374	-0.0003924616	-0.003345943	-0.0005300196	0	0	0	
9.776	24	19	49	45	1	-1507.791	-0.006544203	29.41429	-2.913608e-05	-0.003342547	-0.0005375529	0	0	0	
9.796	24	19	49	45	1	-1507.79	-0.006608854	29.44287	0.0003253129	-0.002746871	-0.0005434416	0	0	0	
9.816	24	19	49	45	1	-1507.79	-0.00667054	29.47128	0.0005374135	-0.001833889	-0.0005511985	0	0	0	
9.836	24	19	49	45	1	-1507.79	-0.006722473	29.49953	0.0003471534	-0.001185595	-0.000562358	0	0	0	
9.848	24	19	49	45	1	-1507.79	-0.006746658	29.5164	-3.186902e-05	-0.0009665374	-0.0005695868	0	0	0	
9.88	24	19	49	45	1	-1507.789	-0.00681882	29.56109	-0.0007275932	-0.00207794	-0.0005816232	0	0	0	
9.9	24	19	49	45	1	-1507.789	-0.006875323	29.58881	-0.0005992312	-0.003251558	-0.0005958601	0	0	0	
9.924	24	19	49	45	1	-1507.789	-0.006945577	29.62186	-0.0003851159	-0.003273198	-0.0006145414	0	0	0	
9.944	24	19	49	45	1	-1507.789	-0.006998131	29.64922	-0.0003054714	-0.002574672	-0.0006352696	0	0	0	
9.964	24	19	49	45	1	-1507.788	-0.007049736	29.67642	-0.000218562	-0.001656264	-0.0006512917	0	0	0	
9.98	24	19	49	45	1	-1507.788	-0.007091487	29.69806	-0.0001115596	-0.001246674	-0.0006607253	0	0	0	
10.004	24	19	49	45	1	-1507.788	-0.007153911	29.73032	5.845349e-05	-0.001509357	-0.0006625802	0	0	0	
10.032	24	19	49	45	1	-1507.788	-0.007235851	29.76768	0.0005498941	-0.001550977	-0.0006541758	0	0	0	
10.064	24	19	49	45	1	-1507.787	-0.007317791	29.80472	0.0009417484	-0.0002110357	-0.0006537303	0	0	0	
10.092	24	19	49	45	1	-1507.787	-0.007389892	29.84145	0.000622313	-0.000497897	-0.0006649904	0	0	0	
10.124	24	19	49	45	1	-1507.787	-0.007480649	29.88823	0.0001304336	-0.002348136	-0.0006823707	0	0	0	
10.148	24	19	49	45	1	-1507.787	-0.007561887	29.91913	0.0004135323	-0.003088364	-0.0006952539	0	0	0	
10.176	24	19	49	46	1	-1507.786	-0.007654024	29.9498	0.001100786	-0.002948563	-0.0007129444	0	0	0	
10.196	24	19	49	46	1	-1507.786	-0.007737477	29.97519	0.00168705	-0.002307609	-0.000724113	0	0	0	
10.22	24	19	49	46	1	-1507.786	-0.007865628	30.01046	0.002395872	-7.485559e-06	-0.0007334966	0	0	0	
10.248	24	19	49	46	1	-1507.786	-0.007972882	30.04046	0.002484857	0.00191898	-0.0007470362	0	0	0	
10.268	24	19	49	46	1	-1507.785	-0.008071455	30.07023	0.001928	0.001176213	-0.0007641353	0	0	0	
10.292	24	19	49	46	1	-1507.785	-0.008158954	30.09977	0.0005749432	-0.00133349	-0.0007900738	0	0	0	
10.316	24	19	49	46	1	-1507.785	-0.00824257	30.1291	-0.001021094	-0.003874061	-0.0008146064	0	0	0	
10.34	24	19	49	46	1	-1507.785	-0.008343349	30.15821	-0.001847368	-0.004624552	-0.0008467757	0	0	0	
10.372	24	19	49	46	1	-1507.784	-0.008512934	30.19668	-0.001222104	-0.002879733	-0.0009044058	0	0	0	
10.396	24	19	49	46	1	-1507.784	-0.008647032	30.22528	-0.0002319422	-0.0009229598	-0.0009489053	0	0	0	
10.424	24	19	49	46	1	-1507.784	-0.008809698	30.25838	0.001174328	0.000189573	-0.0009865688	0	0	0	
10.452	24	19	49	46	1	-1507.783	-0.008975071	30.29118	0.002378805	0.0004346037	-0.00101258	0	0	0	
10.472	24	19	49	46	1	-1507.783	-0.009070538	30.3098	0.002901134	0.0001462283	-0.00102675	0	0	0	
10.496	24	19	49	46	1	-1507.783	-0.009220983	30.34215	0.002341979	-0.001122664	-0.001041708	0	0	0	
10.516	24	19	49	46	1	-1507.783	-0.009317402	30.36508	0.001497245	-0.002239417	-0.001049443	0	0	0	
10.552	24	19	49	46	1	-1507.783	-0.009482788	30.40146	-0.0002500714	-0.003311236	-0.001066341	0	0	0	
10.564	24	19	49	46	1	-1507.782	-0.009573891	30.4195	-0.0006320894	-0.002662645	-0.001072177	0	0	0	
10.588	24	19	49	46	1	-1507.782	-0.009688441	30.44193	-0.001269767	-0.0009599605	-0.001080515	0	0	0	
10.608	24	19	49	46	1	-1507.782	-0.009830071	30.46866	-0.00151788	-0.0005554008	-0.001081903	0	0	0	
10.636	24	19	49	46	1	-1507.782	-0.009961865	30.49517	-0.001946692	-0.001003975	-0.001082885	0	0	0	
10.652	24	19	49	47	1	-1507.782	-0.01006939	30.51711	-0.002021986	-0.001594897	-0.001088521	0	0	0	
10.676	24	19	49	47	1	-1507.781	-0.01020166	30.54324	-0.001720718	-0.002405844	-0.001099344	0	0	0	
10.704	24	19	49	47	1	-1507.781	-0.01034161	30.56916	-0.0006372858	-0.002560336	-0.001111954	0	0	0	
10.728	24	19	49	47	1	-1507.781	-0.01050646	30.59914	0.0004252199	-0.002153879	-0.001129803	0	0	0	
10.752	24	19	49	47	1	-1507.781	-0.01061016	30.62039	0.0008001808	-0.001945306	-0.00115139	0	0	0	
10.768	24	19	49	47	1	-1507.78	-0.01070359	30.64149	0.0006525383	-0.002087164	-0.001167867	0	0	0	
10.8	24	19	49	47	1	-1507.78	-0.01083791	30.67497	-0.0001262218	-0.001690141	-0.001178352	0	0	0	
10.824	24	19	49	47	1	-1507.78	-0.01093191	30.69984	-0.0009804205	-0.0006924796	-0.001175518	0	0	0	
10.844	24	19	49	47	1	-1507.78	-0.01100819	30.72041	-0.001633383	0.0002515006	-0.001163937	0	0	0	
10.864	24	19	49	47	1	-1507.78	-0.01108722	30.74085	-0.001981892	-4.023663e-05	-0.001149493	0	0	0	
10.884	24	19	49	47	1	-1507.779	-0.01117184	30.76116	-0.001883604	-0.001470328	-0.001133502	0	0	0	
10.904	24	19	49	47	1	-1507.779	-0.01126065	30.78132	-0.001399971	-0.003219255	-0.001114826	0	0	0	
10.936	24	19	49	47	1	-1507.779	-0.01140653	30.81331	-0.0001668354	-0.003327032	-0.001094741	0	0	0	
10.968	24	19	49	47	1	-1507.779	-0.0115278	30.841	0.0008534805	-0.0007761118	-0.001073915	0	0	0	
10.988	24	19	49	47	1	-1507.778	-0.01161106	30.86063	0.001237986	0.0004912053	-0.001059254	0	0	0	
11.012	24	19	49	47	1	-1507.778	-0.01170774	30.884	0.001395487	-0.0004177848	-0.00103603	0	0	0	
11.028	24	19	49	47	1	-1507.778	-0.0117916	30.90333	0.001456559	-0.002305329	-0.001021253	0	0	0	
11.04	24	19	49	47	1	-1507.778	-0.01184485	30.91487	0.001510838	-0.004123739	-0.00100836	0	0	0	
11.076	24	19	49	47	1	-1507.778	-0.01201322	30.9492	0.001533421	-0.005103989	-0.0009740454	0	0	0	
11.104	24	19	49	47	1	-1507.778	-0.01215951	30.97561	0.00161861	-0.003331922	-0.0009315424	0	0	0	
11.124	24	19	49	48	1	-1507.777	-0.01226419	30.99431	0.001430622	-0.001528954	-0.0009058812	0	0	0	
11.144	24	19	49	48	1	-1507.777	-0.01234398	31.00918	0.0008853122	0.0001316451	-0.0008863081	0	0	0	
11.168	24	19	49	48	1	-1507.777	-0.01246086	31.03133	-4.586546e-05	0.0006869426	-0.0008732169	0	0	0	
11.188	24	19	49	48	1	-1507.777	-0.01257913	31.0533	-0.0007449155	-0.0008943092	-0.0008637855	0	0	0	
11.212	24	19	49	48	1	-1507.777	-0.01270317	31.07507	-0.001281271	-0.003255747	-0.0008435711	0	0	0	
11.24	24	19	49	48	1	-1507.777	-0.01283147	31.10024	-0.002165282	-0.004708086	-0.0008039848	0	0	0	
11.268	24	19	49	48	1	-1507.777	-0.01291746	31.12162	-0.003534764	-0.004281269	-0.0007639077	0	0	0	
11.296	24	19	49	48	1	-1507.776	-0.0130124	31.14983	-0.004546409	-0.002253174	-0.0007360912	0	0	0	
11.316	24	19	49	48	1	-1507.776	-0.01307557	31.1673	-0.004311118	-0.0004064681	-0.0007146696	0	0	0	
11.344	24	19	49	48	1	-1507.776	-0.01317173	31.19154	-0.003077592	-0.000651249	-0.0006860319	0	0	0	
11.372	24	19	49	48	1	-1507.776	-0.01327846	31.21554	-0.0005867837	-0.002473498	-0.0006477265	0	0	0	
11.404	24	19	49	48	1	-1507.776	-0.01341304	31.24267	0.002805271	-0.003130666	-0.0006126377	0	0	0	
11.432	24	19	49	48	1	-1507.776	-0.01349637	31.26282	0.004305654	-0.001429703	-0.0005853237	0	0	0	
11.452	24	19	49	48	1	-1507.775	-0.01355723	31.27947	0.004397379	-9.085883e-05	-0.0005647682	0	0	0	
11.476	24	19	49	48	1	-1507.775	-0.01362383	31.29928	0.003546309	-0.0005140878	-0.0005479038	0	0	0	
11.504	24	19	49	48	2	-1507.775	-0.01370284	31.32543	0.001457455	-0.002448506	-0.0005342157	0	0	0	
11.536	24	19	49	48	2	-1507.775	-0.01377031	31.35126	-0.001739189	-0.002289842	-0.0005155346	0	0	0	
11.572	24	19	49	48	2	-1507.775	-0.01370891	31.38028	-0.009276697	0.01097203	0.001275609	0	0	0	
11.604	24	19	49	48	2	-1507.773	-0.01298414	31.4072	-0.03446341	0.06225334	0.007466121	0	0	0	
11.644	24	19	49	48	2	-1507.77	-0.01119115	31.43897	-0.08292872	0.1229856	0.02036258	0	0	0	
11.68	24	19	49	49	2	-1507.767	-0.007906839	31.47604	-0.126295	0.1202286	0.0443623	0	0	0	
11.712	24	19	49	49	2	-1507.763	-0.004326996	31.50708	-0.1388034	0.0961141	0.06796874	0	0	0	
11.732	24	19	49	49	2	-1507.761	-0.001619349	31.52717	-0.1362804	0.08338504	0.08585934	0	0	0	
11.756	24	19	49	49	2	-1507.757	0.001494923	31.54782	-0.1219617	0.0804756	0.106965	0	0	0	
11.776	24	19	49	49	2	-1507.753	0.00505154	31.56902	-0.1035324	0.08723251	0.124424	0	0	0	
11.8	24	19	49	49	2	-1507.748	0.009930942	31.59519	-0.07842365	0.1001407	0.1461207	0	0	0	
11.816	24	19	49	49	2	-1507.743	0.01450163	31.61761	-0.06232997	0.1077018	0.1613731	0	0	0	
11.84	24	19	49	49	2	-1507.737	0.02056459	31.64524	-0.04247235	0.1134336	0.1854043	0	0	0	
11.868	24	19	49	49	2	-1507.73	0.02721712	31.67369	-0.02895084	0.1113233	0.2146315	0	0	0	
11.884	24	19	49	49	2	-1507.724	0.03319116	31.698	-0.02645531	0.1082398	0.2316482	0	0	0	
11.908	24	19	49	49	2	-1507.718	0.03954963	31.72287	-0.02931831	0.1050435	0.2573982	0	0	0	
11.936	24	19	49	49	2	-1507.708	0.04909857	31.75858	-0.04040015	0.1068697	0.2875643	0	0	0	
11.964	24	19	49	49	2	-1507.696	0.06092668	31.80065	-0.05750452	0.1147884	0.3219596	0	0	0	
12.004	24	19	49	49	2	-1507.681	0.07535023	31.84954	-0.07287615	0.1220736	0.3607108	0	0	0	
12.028	24	19	49	49	2	-1507.668	0.08737285	31.88871	-0.07673791	0.1227831	0.3867408	0	0	0	
12.056	24	19	49	49	2	-1507.657	0.09825823	31.92308	-0.07298303	0.1205141	0.4171329	0	0	0	
12.092	24	19	49	49	2	-1507.637	0.1176832	31.98203	-0.05696839	0.1177209	0.4556831	0	0	0	
12.132	24	19	49	49	2	-1507.615	0.1388121	32.04308	-0.03288997	0.1193073	0.4974455	0	0	0	
12.168	24	19	49	49	2	-1507.594	0.1592722	32.09981	-0.01476167	0.1231084	0.5341994	0	0	0	
12.188	24	19	49	49	2	-1507.582	0.171203	32.13206	-0.008527025	0.1247323	0.5542905	0	0	0	
12.22	24	19	49	50	2	-1507.562	0.1910964	32.1847	-0.005372546	0.1257377	0.5858645	0	0	0	
12.244	24	19	49	50	2	-1507.546	0.2066537	32.22502	-0.007822285	0.1256428	0.6090437	0	0	0	
12.264	24	19	49	50	2	-1507.532	0.2200343	32.25917	-0.01190113	0.1256139	0.6280106	0	0	0	
12.28	24	19	49	50	2	-1507.521	0.231011	32.28684	-0.01572341	0.1258177	0.6429487	0	0	0	
12.3	24	19	49	50	2	-1507.509	0.2422297	32.31482	-0.0202776	0.1263874	0.6613241	0	0	0	
12.32	24	19	49	50	2	-1507.494	0.2565929	32.35024	-0.02366939	0.1271561	0.6793699	0	0	0	
12.344	24	19	49	50	2	-1507.476	0.2743282	32.39337	-0.02521869	0.1280058	0.7005931	0	0	0	
12.368	24	19	49	50	2	-1507.457	0.292611	32.43718	-0.02343133	0.1284526	0.7213577	0	0	0	
12.404	24	19	49	50	2	-1507.425	0.3243149	32.51169	-0.01488032	0.1282279	0.7516432	0	0	0	
12.444	24	19	49	50	2	-1507.391	0.3575979	32.58803	-0.0007673528	0.127771	0.7840872	0	0	0	
12.48	24	19	49	50	2	-1507.358	0.3889192	32.65828	0.01112063	0.1279905	0.8122143	0	0	0	
12.516	24	19	49	50	2	-1507.329	0.4178326	32.72191	0.01851716	0.1286185	0.8393421	0	0	0	
12.54	24	19	49	50	2	-1507.306	0.4401659	32.77035	0.02020519	0.1289072	0.8568625	0	0	0	
12.556	24	19	49	50	2	-1507.287	0.4591955	32.81118	0.02000078	0.1289761	0.8682856	0	0	0	
12.584	24	19	49	50	2	-1507.259	0.4864698	32.86904	0.01780213	0.1288386	0.8877829	0	0	0	
12.612	24	19	49	50	2	-1507.234	0.5104328	32.91926	0.01463785	0.1284694	0.9066819	0	0	0	
12.64	24	19	49	50	2	-1507.205	0.5390754	32.97859	0.0121548	0.1281692	0.9250058	0	0	0	
12.66	24	19	49	50	2	-1507.179	0.5642176	33.03006	0.01152996	0.1280913	0.9377526	0	0	0	
12.688	24	19	49	50	2	-1507.148	0.5942432	33.09079	0.0128311	0.128137	0.9551249	0	0	0	
12.716	24	19	49	50	2	-1507.121	0.6205741	33.14344	0.01668278	0.1281904	0.9719575	0	0	0	
12.74	24	19	49	51	2	-1507.094	0.6474552	33.19661	0.02151496	0.1281366	0.9859672	0	0	0	
12.76	24	19	49	51	2	-1507.071	0.670277	33.24131	0.02606005	0.1279794	0.9973492	0	0	0	
12.784	24	19	49	51	2	-1507.042	0.6981686	33.29541	0.03144288	0.127688	1.010657	0	0	0	
12.804	24	19	49	51	2	-1507.013	0.7266128	33.35	0.03533078	0.1274419	1.021466	0	0	0	
12.828	24	19	49	51	2	-1506.988	0.7507376	33.39587	0.03880286	0.1271954	1.034105	0	0	0	
12.86	24	19	49	51	2	-1506.943	0.7951214	33.47925	0.04097079	0.1269546	1.050401	0	0	0	
12.88	24	19	49	51	2	-1506.922	0.815241	33.51663	0.04097858	0.1268287	1.060277	0	0	0	
12.908	24	19	49	51	2	-1506.886	0.8510285	33.58254	0.03976777	0.1266214	1.073708	0	0	0	
12.936	24	19	49	51	2	-1506.843	0.8928245	33.6586	0.03801759	0.1262945	1.086691	0	0	0	
12.956	24	19	49	51	2	-1506.822	0.9140801	33.69691	0.0369957	0.1259894	1.095699	0	0	0	
12.976	24	19	49	51	2	-1506.788	0.946411	33.75473	0.03651022	0.1256559	1.104498	0	0	0	
13	24	19	49	51	2	-1506.755	0.979282	33.81296	0.0369073	0.1253308	1.114787	0	0	0	
13.024	24	19	49	51	2	-1506.727	1.007089	33.86178	0.03848402	0.125166	1.124795	0	0	0	
13.044	24	19	49	51	2	-1506.692	1.040956	33.92073	0.04062138	0.1251605	1.132927	0	0	0	
13.068	24	19	49	51	2	-1506.663	1.069592	33.97013	0.04388478	0.1251653	1.142431	0	0	0	
13.088	24	19	49	51	2	-1506.627	1.104449	34.02975	0.0468709	0.1250597	1.15014	0	0	0	
13.108	24	19	49	51	2	-1506.597	1.133907	34.07971	0.05033554	0.1247746	1.159139	0	0	0	
13.136	24	19	49	51	2	-1506.554	1.175778	34.15005	0.05360783	0.1243379	1.169308	0	0	0	
13.16	24	19	49	51	2	-1506.517	1.212252	34.2107	0.05517225	0.1240625	1.176367	0	0	0	
13.168	24	19	49	51	2	-1506.505	1.22453	34.23099	0.0555935	0.1239755	1.179144	0	0	0	
13.2	24	19	49	52	2	-1506.46	1.267976	34.30228	0.05615158	0.1237625	1.189991	0	0	0	
13.228	24	19	49	52	2	-1506.409	1.318521	34.38427	0.05548851	0.1235465	1.199142	0	0	0	
13.268	24	19	49	52	2	-1506.343	1.383029	34.48752	0.05393871	0.122964	1.211683	0	0	0	
13.308	24	19	49	52	2	-1506.276	1.449014	34.59156	0.05332965	0.122289	1.223645	0	0	0	
13.348	24	19	49	52	2	-1506.214	1.509668	34.68585	0.05476803	0.1219295	1.235074	0	0	0	
13.368	24	19	49	52	2	-1506.172	1.550771	34.74904	0.05625417	0.1218829	1.240596	0	0	0	
13.404	24	19	49	52	2	-1506.108	1.613426	34.84427	0.05970146	0.1218638	1.250209	0	0	0	
13.436	24	19	49	52	2	-1506.058	1.662983	34.9187	0.06280779	0.1217347	1.258417	0	0	0	
13.456	24	19	49	52	2	-1506.022	1.698823	34.97205	0.06441273	0.1215712	1.263387	0	0	0	
13.48	24	19	49	52	2	-1505.97	1.749616	35.047	0.06577645	0.1212485	1.269181	0	0	0	
13.508	24	19	49	52	2	-1505.925	1.793726	35.11145	0.06649372	0.120788	1.275724	0	0	0	
13.54	24	19	49	52	2	-1505.857	1.860883	35.20851	0.0663094	0.1203718	1.282939	0	0	0	
13.564	24	19	49	52	2	-1505.818	1.898706	35.26261	0.06576008	0.1201374	1.288174	0	0	0	
13.58	24	19	49	52	2	-1505.779	1.936896	35.31684	0.06524902	0.1199944	1.292423	0	0	0	
13.604	24	19	49	52	2	-1505.732	1.983205	35.38208	0.06485336	0.1198926	1.296573	0	0	0	
13.636	24	19	49	52	2	-1505.677	2.037896	35.4584	0.06477491	0.1197164	1.303005	0	0	0	
13.656	24	19	49	52	2	-1505.628	2.085341	35.52399	0.06519007	0.1195605	1.306896	0	0	0	
13.692	24	19	49	52	2	-1505.555	2.15749	35.62266	0.06682536	0.1192615	1.313658	0	0	0	
13.716	24	19	49	52	2	-1505.505	2.206245	35.68861	0.06862075	0.1190739	1.318721	0	0	0	
13.748	24	19	49	52	2	-1505.438	2.272069	35.77676	0.07048689	0.118943	1.323617	0	0	0	
13.76	24	19	49	53	2	-1505.413	2.296993	35.80987	0.07121874	0.1188833	1.325664	0	0	0	
13.792	24	19	49	53	2	-1505.345	2.364095	35.89832	0.07276408	0.118722	1.330979	0	0	0	
13.816	24	19	49	53	2	-1505.302	2.406505	35.95369	0.07343107	0.1185898	1.334832	0	0	0	
13.844	24	19	49	53	2	-1505.232	2.475113	36.04245	0.07366816	0.1183776	1.339181	0	0	0	
13.864	24	19	49	53	2	-1505.188	2.518462	36.09801	0.07354855	0.1181898	1.342195	0	0	0	
13.884	24	19	49	53	2	-1505.153	2.5534	36.1425	0.07328747	0.1179952	1.345135	0	0	0	
13.904	24	19	49	53	2	-1505.099	2.606241	36.20932	0.07298268	0.1178137	1.348004	0	0	0	
13.924	24	19	49	53	2	-1505.063	2.641756	36.25391	0.07272893	0.1176669	1.350807	0	0	0	
13.94	24	19	49	53	2	-1505.018	2.686474	36.3097	0.07262001	0.1175862	1.353003	0	0	0	
13.964	24	19	49	53	2	-1504.963	2.740612	36.3767	0.07270312	0.1175167	1.356226	0	0	0	
14	24	19	49	53	2	-1504.888	2.813599	36.46615	0.0734517	0.1174206	1.360895	0	0	0	
14.032	24	19	49	53	2	-1504.804	2.896806	36.56691	0.07462924	0.1172972	1.364879	0	0	0	
14.06	24	19	49	53	2	-1504.747	2.952921	36.63415	0.07584822	0.1171126	1.368236	0	0	0	
14.088	24	19	49	53	2	-1504.67	3.028542	36.72386	0.0770152	0.1169059	1.371478	0	0	0	
14.112	24	19	49	53	2	-1504.612	3.085858	36.79119	0.07780073	0.1167267	1.374171	0	0	0	
14.152	24	19	49	53	2	-1504.514	3.182528	36.90348	0.07849156	0.1165332	1.37849	0	0	0	
14.192	24	19	49	53	2	-1504.425	3.27075	37.0046	0.07845688	0.1164293	1.382617	0	0	0	
14.22	24	19	49	53	2	-1504.354	3.340162	37.08328	0.07821931	0.1163146	1.385387	0	0	0	
14.24	24	19	49	53	2	-1504.293	3.400211	37.15073	0.07804992	0.1162082	1.387306	0	0	0	
14.268	24	19	49	53	2	-1504.232	3.460769	37.21819	0.07795056	0.1160201	1.389914	0	0	0	
14.292	24	19	49	54	2	-1504.17	3.521836	37.28565	0.07808708	0.1158657	1.392081	0	0	0	
14.32	24	19	49	54	2	-1504.097	3.593725	37.36436	0.07852883	0.1157642	1.394538	0	0	0	
14.356	24	19	49	54	2	-1503.992	3.697627	37.47677	0.079424	0.1157254	1.397588	0	0	0	
14.384	24	19	49	54	2	-1503.928	3.760644	37.5442	0.08020052	0.1156827	1.399865	0	0	0	
14.416	24	19	49	54	2	-1503.842	3.845455	37.63408	0.08098517	0.1155966	1.40237	0	0	0	
14.436	24	19	49	54	2	-1503.777	3.909654	37.70146	0.0813478	0.1155097	1.403883	0	0	0	
14.456	24	19	49	54	2	-1503.722	3.963538	37.75758	0.08159333	0.115395	1.405361	0	0	0	
14.476	24	19	49	54	2	-1503.668	4.017774	37.81369	0.08172702	0.1152805	1.406802	0	0	0	
14.5	24	19	49	54	2	-1503.612	4.07236	37.86977	0.08176077	0.1151741	1.408484	0	0	0	
14.528	24	19	49	54	2	-1503.534	4.149369	37.94824	0.08169557	0.1150972	1.410389	0	0	0	
14.548	24	19	49	54	2	-1503.467	4.215923	38.01545	0.08162477	0.1150724	1.411709	0	0	0	
14.572	24	19	49	54	2	-1503.399	4.282981	38.08261	0.08156927	0.1151001	1.413251	0	0	0	
14.592	24	19	49	54	2	-1503.342	4.339247	38.13855	0.08158331	0.1151244	1.4145	0	0	0	
14.624	24	19	49	54	2	-1503.262	4.418603	38.21679	0.08177538	0.1150718	1.416432	0	0	0	
14.652	24	19	49	54	2	-1503.169	4.510127	38.30611	0.0820957	0.114885	1.418052	0	0	0	
14.668	24	19	49	54	2	-1503.134	4.544678	38.33957	0.08232571	0.1147678	1.418951	0	0	0	
14.688	24	19	49	54	2	-1503.064	4.614157	38.40646	0.08270578	0.1146763	1.420277	0	0	0	
14.712	24	19	49	54	2	-1502.993	4.684136	38.47327	0.08302564	0.114656	1.42136	0	0	0	
14.732	24	19	49	54	2	-1502.933	4.742835	38.52889	0.08337604	0.1146617	1.422628	0	0	0	
14.764	24	19	49	54	2	-1502.85	4.825595	38.60668	0.08370756	0.1146864	1.424063	0	0	0	
14.784	24	19	49	55	2	-1502.777	4.89707	38.67327	0.08388804	0.1146523	1.425051	0	0	0	
14.816	24	19	49	55	2	-1502.68	4.993141	38.76192	0.08407254	0.1145171	1.426577	0	0	0	
14.86	24	19	49	55	2	-1502.545	5.12668	38.88357	0.0841489	0.1143139	1.428587	0	0	0	
14.9	24	19	49	55	2	-1502.421	5.249524	38.9939	0.0841641	0.1141643	1.43034	0	0	0	
14.928	24	19	49	55	2	-1502.333	5.336333	39.07098	0.08420011	0.1141466	1.431526	0	0	0	
14.952	24	19	49	55	2	-1502.257	5.411274	39.13694	0.08426551	0.1141248	1.432516	0	0	0	
14.988	24	19	49	55	2	-1502.143	5.524609	39.23569	0.08444495	0.1140317	1.433948	0	0	0	
15.032	24	19	49	55	2	-1502.014	5.651835	39.34513	0.08478544	0.114007	1.435631	0	0	0	
15.064	24	19	49	55	2	-1501.897	5.767507	39.44336	0.08508599	0.1140467	1.436809	0	0	0	
15.092	24	19	49	55	2	-1501.819	5.845234	39.50871	0.08533158	0.1140424	1.437798	0	0	0	
15.128	24	19	49	55	2	-1501.687	5.975863	39.61736	0.08554906	0.113898	1.439012	0	0	0	
15.156	24	19	49	55	2	-1501.594	6.068111	39.69322	0.08562567	0.1137727	1.439925	0	0	0	
15.176	24	19	49	55	2	-1501.54	6.121122	39.73649	0.08564126	0.1137047	1.440562	0	0	0	
15.2	24	19	49	55	2	-1501.446	6.214416	39.81208	0.08565079	0.1136859	1.441313	0	0	0	
15.24	24	19	49	55	2	-1501.324	6.335342	39.90901	0.08570638	0.1138624	1.442532	0	0	0	
15.268	24	19	49	55	2	-1501.214	6.44375	39.99491	0.08578134	0.1139514	1.443346	0	0	0	
15.296	24	19	49	55	2	-1501.131	6.525619	40.05918	0.08588124	0.1138491	1.444117	0	0	0	
15.328	24	19	49	55	2	-1501.02	6.635529	40.14466	0.08604005	0.1135982	1.444957	0	0	0	
15.348	24	19	49	55	2	-1500.937	6.718528	40.20861	0.08615337	0.1135001	1.445473	0	0	0	
15.372	24	19	49	55	2	-1500.866	6.788065	40.26179	0.08630582	0.1135018	1.446089	0	0	0	
15.388	24	19	49	56	2	-1500.796	6.857939	40.31487	0.08640907	0.1135683	1.446495	0	0	0	
15.4	24	19	49	56	2	-1500.768	6.885983	40.33607	0.08647955	0.1136336	1.446797	0	0	0	
15.42	24	19	49	56	2	-1500.697	6.956328	40.38901	0.086574	0.11373	1.447287	0	0	0	
15.44	24	19	49	56	2	-1500.611	7.041181	40.45239	0.08664811	0.1137596	1.447762	0	0	0	
15.464	24	19	49	56	2	-1500.525	7.126512	40.51562	0.08671781	0.1136688	1.448312	0	0	0	
15.496	24	19	49	56	2	-1500.424	7.226673	40.5892	0.08678378	0.1134766	1.449022	0	0	0	
15.524	24	19	49	56	2	-1500.322	7.327487	40.66257	0.08682119	0.113312	1.449632	0	0	0	
15.544	24	19	49	56	2	-1500.249	7.399897	40.71485	0.08684132	0.1132617	1.450061	0	0	0	
15.56	24	19	49	56	2	-1500.176	7.472642	40.76701	0.08685531	0.1132788	1.450401	0	0	0	
15.584	24	19	49	56	2	-1500.087	7.560375	40.82947	0.0868708	0.1133594	1.450903	0	0	0	
15.608	24	19	49	56	2	-1499.998	7.648586	40.89176	0.08689054	0.1134028	1.451391	0	0	0	
15.632	24	19	49	56	2	-1499.909	7.737271	40.95389	0.08692157	0.1133784	1.451863	0	0	0	
15.656	24	19	49	56	2	-1499.819	7.826433	41.01586	0.08695343	0.113315	1.452321	0	0	0	
15.684	24	19	49	56	2	-1499.713	7.931057	41.08794	0.08700906	0.1132568	1.452842	0	0	0	
15.716	24	19	49	56	2	-1499.607	8.03633	41.15979	0.08711158	0.1132488	1.453422	0	0	0	
15.728	24	19	49	56	2	-1499.546	8.096776	41.20075	0.087144	0.1132479	1.453634	0	0	0	
15.752	24	19	49	56	2	-1499.454	8.18784	41.26204	0.08720182	0.113228	1.454117	0	0	0	
15.78	24	19	49	56	2	-1499.347	8.294681	41.33333	0.0872498	0.1132052	1.454522	0	0	0	
15.812	24	19	49	56	2	-1499.238	8.402164	41.40438	0.08733041	0.1131147	1.455046	0	0	0	
15.832	24	19	49	56	2	-1499.145	8.494804	41.4651	0.08738614	0.1130546	1.455366	0	0	0	
15.856	24	19	49	57	2	-1499.067	8.572366	41.51556	0.08745056	0.1130208	1.455744	0	0	0	
15.88	24	19	49	57	2	-1498.957	8.681503	41.586	0.0875218	0.1130603	1.456125	0	0	0	
15.892	24	19	49	57	2	-1498.909	8.728473	41.61611	0.08755692	0.1130922	1.456314	0	0	0	
15.912	24	19	49	57	2	-1498.83	8.807018	41.6662	0.08760568	0.1131529	1.456627	0	0	0	
15.936	24	19	49	57	2	-1498.735	8.901702	41.72614	0.08764276	0.1131897	1.456992	0	0	0	
15.96	24	19	49	57	2	-1498.655	8.980962	41.77594	0.08765885	0.1131327	1.457341	0	0	0	
15.976	24	19	49	57	2	-1498.591	9.044604	41.8157	0.08766244	0.1130392	1.457562	0	0	0	
16	24	19	49	57	2	-1498.494	9.140456	41.87518	0.08765647	0.1128795	1.457884	0	0	0	
16.032	24	19	49	57	2	-1498.348	9.285114	41.96405	0.08766792	0.1127778	1.45831	0	0	0	
16.068	24	19	49	57	2	-1498.218	9.414586	42.04268	0.08769346	0.1128646	1.458791	0	0	0	
16.092	24	19	49	57	2	-1498.12	9.512233	42.10144	0.08771259	0.1129133	1.459108	0	0	0	
16.12	24	19	49	57	2	-1497.988	9.643151	42.1795	0.08774395	0.1128648	1.459462	0	0	0	
16.144	24	19	49	57	2	-1497.888	9.74188	42.23781	0.08777643	0.1127509	1.459753	0	0	0	
16.168	24	19	49	57	2	-1497.805	9.824509	42.28626	0.0878111	0.112666	1.460038	0	0	0	
16.188	24	19	49	57	2	-1497.722	9.907461	42.33458	0.08783834	0.1126438	1.460279	0	0	0	
16.224	24	19	49	57	2	-1497.554	10.07433	42.4308	0.08788801	0.1127506	1.460712	0	0	0	
16.264	24	19	49	57	2	-1497.384	10.24249	42.52648	0.08790123	0.1128479	1.461173	0	0	0	
16.292	24	19	49	57	2	-1497.265	10.36096	42.59314	0.08791213	0.1127979	1.461472	0	0	0	
16.332	24	19	49	57	2	-1497.111	10.51421	42.67844	0.08794955	0.1126723	1.461875	0	0	0	
16.356	24	19	49	57	2	-1496.99	10.63411	42.74448	0.08798398	0.1126702	1.462113	0	0	0	
16.38	24	19	49	58	2	-1496.886	10.73739	42.80087	0.08801798	0.1127023	1.462351	0	0	0	
16.416	24	19	49	58	2	-1496.73	10.89317	42.88507	0.0880884	0.1127141	1.462696	0	0	0	
16.46	24	19	49	58	2	-1496.537	11.08496	42.98736	0.08815104	0.1126237	1.463088	0	0	0	
16.496	24	19	49	58	2	-1496.378	11.24302	43.07055	0.08818611	0.1125059	1.4634	0	0	0	
16.52	24	19	49	58	2	-1496.271	11.34897	43.12576	0.08818458	0.1124347	1.463606	0	0	0	
16.556	24	19	49	58	2	-1496.111	11.50874	43.20818	0.08817346	0.1124199	1.463914	0	0	0	
16.58	24	19	49	58	2	-1496.003	11.61583	43.26287	0.08815899	0.112403	1.464117	0	0	0	
16.616	24	19	49	58	2	-1495.84	11.7773	43.34452	0.08811427	0.1123664	1.464418	0	0	0	
16.656	24	19	49	58	2	-1495.677	11.9398	43.42571	0.0880689	0.1123104	1.464743	0	0	0	
16.676	24	19	49	58	2	-1495.586	12.03052	43.47061	0.08806763	0.1122959	1.464904	0	0	0	
16.696	24	19	49	58	2	-1495.476	12.1398	43.5243	0.08807219	0.11229	1.465063	0	0	0	
16.716	24	19	49	58	2	-1495.384	12.2312	43.56888	0.08807812	0.1122809	1.465221	0	0	0	
16.736	24	19	49	58	2	-1495.292	12.32293	43.61331	0.08808769	0.1122757	1.465378	0	0	0	
16.76	24	19	49	58	2	-1495.181	12.4334	43.66644	0.08811452	0.112266	1.465564	0	0	0	
16.788	24	19	49	58	2	-1495.051	12.56286	43.72816	0.08816021	0.1122601	1.465781	0	0	0	
16.816	24	19	49	58	2	-1494.939	12.67432	43.78083	0.08819283	0.1122179	1.465992	0	0	0	
16.832	24	19	49	58	2	-1494.845	12.76754	43.82456	0.08820434	0.1121591	1.466139	0	0	0	
16.856	24	19	49	58	2	-1494.732	12.87981	43.87684	0.08820803	0.1121007	1.466282	0	0	0	
16.876	24	19	49	58	2	-1494.638	12.97371	43.92025	0.08820765	0.1120596	1.466423	0	0	0	
16.896	24	19	49	58	2	-1494.543	13.06793	43.96351	0.08821279	0.1120549	1.466564	0	0	0	
16.912	24	19	49	59	2	-1494.467	13.14353	43.99801	0.08821119	0.1120729	1.466678	0	0	0	
16.944	24	19	49	59	2	-1494.315	13.29532	44.06672	0.08818443	0.1121645	1.466909	0	0	0	
16.98	24	19	49	59	2	-1494.142	13.46703	44.14357	0.08815058	0.1121895	1.467156	0	0	0	
17	24	19	49	59	2	-1494.065	13.54366	44.17757	0.08813925	0.1120902	1.467283	0	0	0	
17.024	24	19	49	59	2	-1493.93	13.67825	44.23684	0.0881375	0.1119075	1.467429	0	0	0	
17.052	24	19	49	59	2	-1493.814	13.79409	44.28742	0.08814012	0.1117287	1.467598	0	0	0	
17.088	24	19	49	59	2	-1493.639	13.96868	44.36288	0.08810007	0.111731	1.467836	0	0	0	
17.128	24	19	49	59	2	-1493.443	14.16385	44.44616	0.08802211	0.1118868	1.468114	0	0	0	
17.168	24	19	49	59	2	-1493.226	14.37995	44.53707	0.0879594	0.1118817	1.468375	0	0	0	
17.204	24	19	49	59	2	-1493.047	14.55785	44.61092	0.08794488	0.1117514	1.4686	0	0	0	
17.228	24	19	49	59	2	-1492.928	14.67701	44.65989	0.08796237	0.1116832	1.468753	0	0	0	
17.256	24	19	49	59	2	-1492.788	14.81658	44.71674	0.08801549	0.1116818	1.468936	0	0	0	
17.288	24	19	49	59	2	-1492.627	14.97682	44.78135	0.088102	0.1117427	1.469148	0	0	0	
17.324	24	19	49	59	2	-1492.445	15.15802	44.85357	0.08817079	0.1117426	1.469383	0	0	0	
17.352	24	19	49	59	2	-1492.303	15.29963	44.90941	0.08817305	0.1116428	1.469585	0	0	0	
17.38	24	19	49	59	2	-1492.181	15.42149	44.95703	0.08815402	0.1115531	1.469734	0	0	0	
17.4	24	19	49	59	2	-1492.079	15.52337	44.99655	0.08814227	0.1114884	1.46986	0	0	0	
17.432	24	19	49	59	2	-1491.914	15.687	45.05947	0.0881224	0.1114439	1.470067	0	0	0	
17.46	24	19	49	59	2	-1491.749	15.85141	45.122	0.08810226	0.111478	1.470256	0	0	0	
17.484	24	19	49	59	2	-1491.625	15.97523	45.16865	0.08807396	0.1115041	1.470417	0	0	0	
17.512	24	19	50	0	2	-1491.501	16.09948	45.21508	0.08803973	0.111514	1.470605	0	0	0	
17.532	24	19	50	0	2	-1491.376	16.22416	45.26129	0.08802246	0.111504	1.470739	0	0	0	
17.556	24	19	50	0	2	-1491.25	16.34927	45.30728	0.08802053	0.1114367	1.47092	0	0	0	
17.576	24	19	50	0	2	-1491.145	16.45386	45.34544	0.08802891	0.1113702	1.47102	0	0	0	
17.596	24	19	50	0	2	-1491.061	16.53775	45.37586	0.08803953	0.1112709	1.471144	0	0	0	
17.62	24	19	50	0	2	-1490.935	16.66394	45.4213	0.08804442	0.111188	1.471296	0	0	0	
17.644	24	19	50	0	2	-1490.787	16.81171	45.47405	0.08804724	0.1111656	1.471452	0	0	0	
17.664	24	19	50	0	2	-1490.681	16.91762	45.51154	0.08804417	0.1111764	1.471582	0	0	0	
17.684	24	19	50	0	2	-1490.574	17.02383	45.54888	0.08804153	0.1111741	1.47171	0	0	0	
17.704	24	19	50	0	2	-1490.467	17.13033	45.58607	0.08803258	0.1111405	1.471831	0	0	0	
17.732	24	19	50	0	2	-1490.339	17.25853	45.6305	0.08800379	0.111093	1.472003	0	0	0	
17.764	24	19	50	0	2	-1490.145	17.45162	45.69673	0.0879656	0.1110855	1.472209	0	0	0	
17.8	24	19	50	0	2	-1489.951	17.64568	45.76247	0.08793447	0.1110878	1.472433	0	0	0	
17.828	24	19	50	0	2	-1489.821	17.77559	45.80603	0.08791764	0.1110585	1.472597	0	0	0	
17.848	24	19	50	0	2	-1489.69	17.90592	45.84937	0.08791147	0.1109967	1.472705	0	0	0	
17.88	24	19	50	0	2	-1489.516	18.08036	45.90682	0.08792376	0.1108768	1.472873	0	0	0	
17.896	24	19	50	0	2	-1489.45	18.14596	45.92826	0.08793221	0.1108308	1.472959	0	0	0	
17.916	24	19	50	0	2	-1489.318	18.2775	45.97099	0.08793763	0.1108076	1.473069	0	0	0	
17.952	24	19	50	0	2	-1489.12	18.4756	46.03467	0.08792196	0.1108753	1.473275	0	0	0	
17.984	24	19	50	0	2	-1488.943	18.65249	46.09087	0.0879138	0.1108774	1.473456	0	0	0	
18.004	24	19	50	1	2	-1488.832	18.76342	46.12579	0.08790319	0.110795	1.473561	0	0	0	
18.04	24	19	50	1	2	-1488.631	18.96384	46.18829	0.08787685	0.1105767	1.473747	0	0	0	
18.076	24	19	50	1	2	-1488.452	19.14279	46.24343	0.08785143	0.1105324	1.473951	0	0	0	
18.1	24	19	50	1	2	-1488.294	19.29998	46.29136	0.08783431	0.1105887	1.474095	0	0	0	
18.116	24	19	50	1	2	-1488.204	19.39007	46.31863	0.0878119	0.1106255	1.47419	0	0	0	
18.14	24	19	50	1	2	-1488.091	19.50293	46.35257	0.08777334	0.1106463	1.474327	0	0	0	
18.156	24	19	50	1	2	-1487.978	19.61608	46.38636	0.08775395	0.1106275	1.474417	0	0	0	
18.18	24	19	50	1	2	-1487.842	19.75225	46.42672	0.08774065	0.1105639	1.47455	0	0	0	
18.2	24	19	50	1	2	-1487.728	19.86604	46.46018	0.08773831	0.1105031	1.47466	0	0	0	
18.224	24	19	50	1	2	-1487.614	19.98013	46.4935	0.08774585	0.110471	1.474793	0	0	0	
18.248	24	19	50	1	2	-1487.453	20.14033	46.53989	0.08774005	0.1104777	1.474929	0	0	0	
18.264	24	19	50	1	2	-1487.362	20.23213	46.56628	0.08773527	0.1104766	1.47502	0	0	0	
18.284	24	19	50	1	2	-1487.246	20.34714	46.59912	0.08772836	0.1104404	1.475133	0	0	0	
18.304	24	19	50	1	2	-1487.154	20.43935	46.62529	0.08772364	0.1103818	1.475241	0	0	0	
18.328	24	19	50	1	2	-1487.016	20.57802	46.66436	0.08772893	0.1103006	1.475365	0	0	0	
18.348	24	19	50	1	2	-1486.876	20.71711	46.70323	0.08773287	0.1102465	1.475468	0	0	0	
18.364	24	19	50	1	2	-1486.783	20.81006	46.72902	0.08773248	0.1102115	1.47555	0	0	0	
18.392	24	19	50	1	2	-1486.644	20.94984	46.76753	0.08771925	0.1101573	1.475692	0	0	0	
18.412	24	19	50	1	2	-1486.503	21.09002	46.80583	0.08769453	0.1101309	1.475795	0	0	0	
18.436	24	19	50	1	2	-1486.386	21.20716	46.83758	0.08766502	0.1101209	1.475921	0	0	0	
18.456	24	19	50	2	2	-1486.245	21.34811	46.8755	0.0876329	0.110097	1.476028	0	0	0	
18.488	24	19	50	2	2	-1486.057	21.53668	46.92573	0.08755686	0.1100733	1.476229	0	0	0	
18.52	24	19	50	2	2	-1485.868	21.72598	46.97558	0.08751298	0.1100896	1.476392	0	0	0	
18.54	24	19	50	2	2	-1485.749	21.84466	47.00655	0.08749887	0.1100627	1.476533	0	0	0	
18.572	24	19	50	2	2	-1485.558	22.03514	47.0558	0.08751747	0.1099648	1.476696	0	0	0	
18.596	24	19	50	2	2	-1485.415	22.17848	47.0925	0.08754754	0.109862	1.476838	0	0	0	
18.624	24	19	50	2	2	-1485.248	22.34623	47.13506	0.08757706	0.1097897	1.477007	0	0	0	
18.652	24	19	50	2	2	-1485.103	22.49046	47.17131	0.0875758	0.1097523	1.477179	0	0	0	
18.656	24	19	50	2	2	-1484.886	22.70757	47.2253	0.08753907	0.109693	1.477405	0	0	0	
18.656	24	19	50	2	2	-1484.741	22.85281	47.26104	0.08750076	0.1096912	1.477561	0	0	0	
18.656	24	19	50	2	2	-1484.547	23.04711	47.30838	0.0874644	0.1097114	1.477752	0	0	0	
18.656	24	19	50	2	2	-1484.328	23.26655	47.36119	0.08741898	0.1096465	1.477998	0	0	0	
18.656	24	19	50	2	2	-1484.132	23.46237	47.40775	0.08737012	0.1095313	1.478213	0	0	0	
18.656	24	19	50	2	2	-1483.936	23.65892	47.45395	0.0873298	0.1094657	1.478449	0	0	0	
18.656	24	19	50	2	2	-1483.714	23.88089	47.5055	0.08732282	0.1094222	1.47866	0	0	0	
18.656	24	19	50	2	2	-1483.516	24.07896	47.55094	0.0873222	0.1093171	1.478865	0	0	0	
18.656	24	19	50	2	2	-1483.343	24.25285	47.5904	0.08731583	0.1092451	1.479043	0	0	0	
18.656	24	19	50	2	2	-1483.169	24.42729	47.6296	0.08731628	0.1092635	1.479231	0	0	0	
18.656	24	19	50	2	2	-1483.044	24.55223	47.65743	0.08731626	0.1093126	1.479396	0	0	0	
18.656	24	19	50	2	2	-1482.844	24.75271	47.70167	0.08730925	0.1093082	1.47958	0	0	0	
18.656	24	19	50	3	2	-1482.668	24.92871	47.74008	0.08728062	0.1091837	1.479746	0	0	0	
18.656	24	19	50	3	2	-1482.542	25.05475	47.76736	0.08726076	0.10901	1.47988	0	0	0	
18.656	24	19	50	3	2	-1482.34	25.257	47.81071	0.08725359	0.108893	1.480042	0	0	0	
18.656	24	19	50	3	2	-1482.138	25.45996	47.85371	0.08725356	0.1089707	1.480266	0	0	0	
18.656	24	19	50	3	2	-1481.935	25.66363	47.89636	0.08724326	0.1090249	1.480464	0	0	0	
18.656	24	19	50	3	2	-1481.731	25.868	47.93866	0.08720917	0.1089106	1.480646	0	0	0	
18.656	24	19	50	3	2	-1481.552	26.0474	47.97539	0.08717354	0.1087925	1.480784	0	0	0	
18.656	24	19	50	3	2	-1481.372	26.22734	48.01186	0.08712549	0.1087454	1.480981	0	0	0	
18.656	24	19	50	3	2	-1481.166	26.43364	48.05321	0.0870748	0.1087452	1.481158	0	0	0	
18.656	24	19	50	3	2	-1480.96	26.64065	48.09422	0.08701124	0.1087822	1.481364	0	0	0	
18.656	24	19	50	3	2	-1480.753	26.84835	48.13488	0.08699312	0.1087367	1.481567	0	0	0	
18.656	24	19	50	3	2	-1480.545	27.05675	48.1752	0.08703845	0.1085566	1.481786	0	0	0	
18.656	24	19	50	3	2	-1480.388	27.21351	48.20522	0.08706804	0.1084665	1.481936	0	0	0	
18.656	24	19	50	3	2	-1480.206	27.3969	48.24	0.0870752	0.1084229	1.482092	0	0	0	
18.656	24	19	50	3	2	-1480.048	27.5545	48.26961	0.08705899	0.1083737	1.482248	0	0	0	
18.656	24	19	50	3	2	-1479.891	27.7125	48.29903	0.08701897	0.1083401	1.48241	0	0	0	
18.656	24	19	50	3	2	-1479.733	27.87089	48.32826	0.08695918	0.1083507	1.482605	0	0	0	
18.656	24	19	50	3	2	-1479.522	28.08269	48.36694	0.08689581	0.1083988	1.482827	0	0	0	
18.656	24	19	50	3	2	-1479.257	28.3484	48.41482	0.0868559	0.108348	1.483097	0	0	0	
18.656	24	19	50	3	2	-1479.044	28.56174	48.45275	0.08684622	0.108166	1.483278	0	0	0	
18.656	24	19	50	4	2	-1478.884	28.7222	48.48098	0.08683749	0.1079647	1.483457	0	0	0	
18.656	24	19	50	4	2	-1478.697	28.90989	48.51369	0.08683845	0.1078933	1.483617	0	0	0	
18.656	24	19	50	4	2	-1478.51	29.09811	48.54615	0.08684726	0.1079396	1.483813	0	0	0	
18.656	24	19	50	4	2	-1478.349	29.25986	48.57377	0.08684484	0.1079992	1.484008	0	0	0	
18.656	24	19	50	4	2	-1478.079	29.5303	48.6194	0.08681143	0.1079941	1.484243	0	0	0	
18.656	24	19	50	4	2	-1477.863	29.74742	48.65554	0.08677306	0.1078785	1.484433	0	0	0	
18.656	24	19	50	4	2	-1477.619	29.99249	48.69581	0.08671768	0.1076572	1.484642	0	0	0	
18.656	24	19	50	4	2	-1477.374	30.23842	48.73569	0.08665882	0.1075959	1.484868	0	0	0	
18.656	24	19	50	4	2	-1477.101	30.5127	48.77952	0.08661101	0.1077224	1.485127	0	0	0	
18.656	24	19	50	4	2	-1476.854	30.76045	48.81854	0.08660929	0.1077385	1.485351	0	0	0	
18.656	24	19	50	4	2	-1476.634	30.98138	48.85289	0.08665232	0.107582	1.485558	0	0	0	
18.656	24	19	50	4	2	-1476.469	31.14753	48.87845	0.08667366	0.1074816	1.485672	0	0	0	
18.656	24	19	50	4	2	-1476.248	31.36965	48.91226	0.08669664	0.107373	1.485857	0	0	0	
18.656	24	19	50	4	2	-1475.97	31.64825	48.95408	0.08669834	0.1073417	1.486103	0	0	0	
18.656	24	19	50	4	2	-1475.692	31.9279	48.99541	0.08664353	0.1073583	1.486354	0	0	0	
18.656	24	19	50	4	2	-1475.468	32.15237	49.02813	0.08656635	0.1072985	1.486548	0	0	0	
18.656	24	19	50	4	2	-1475.3	32.32117	49.05247	0.08650898	0.1072337	1.486694	0	0	0	
18.656	24	19	50	4	2	-1475.104	32.51857	49.08065	0.0864427	0.1071817	1.486873	0	0	0	
18.656	24	19	50	4	2	-1474.823	32.80146	49.12051	0.08636055	0.1071278	1.487133	0	0	0	
18.656	24	19	50	4	2	-1474.625	33.00011	49.14813	0.08633179	0.1070982	1.487318	0	0	0	
18.656	24	19	50	5	2	-1474.427	33.19926	49.17552	0.08634671	0.1070393	1.487502	0	0	0	
18.656	24	19	50	5	2	-1474.285	33.34182	49.19495	0.08638746	0.1069565	1.487659	0	0	0	
18.656	24	19	50	5	2	-1474.115	33.51324	49.21811	0.08643923	0.1068765	1.487822	0	0	0	
18.656	24	19	50	5	2	-1473.915	33.7137	49.24491	0.08648569	0.1068322	1.48799	0	0	0	
18.656	24	19	50	5	2	-1473.744	33.88593	49.26771	0.0864994	0.1068009	1.488184	0	0	0	
18.656	24	19	50	5	2	-1473.544	34.08733	49.2941	0.08645121	0.1067429	1.488376	0	0	0	
18.656	24	19	50	5	2	-1473.372	34.26036	49.31654	0.08638559	0.1067191	1.488515	0	0	0	
18.656	24	19	50	5	2	-1473.142	34.49164	49.3462	0.08624545	0.1066862	1.48874	0	0	0	
18.656	24	19	50	5	2	-1473.084	34.54956	49.35358	0.08619133	0.1066728	1.488824	0	0	0	
18.656	24	19	50	5	2	-1473.084	34.54956	49.35358	0.08619133	0.1066728	1.488824	0	0	0	
18.656	24	19	50	5	2	-1473.084	34.54956	49.35358	0.08619133	0.1066728	1.488824	0	0	0	
18.656	24	19	50	5	2	-1473.084	34.54956	49.35358	0.08619133	0.1066728	1.488824	0	0	0	
18.656	24	19	50	5	2	-1473.084	34.54956	49.35358	0.08619133	0.1066728	1.488824	0	0	0	
18.656	24	19	50	5	2	-1473.084	34.54956	49.35358	0.08619133	0.1066728	1.488824	0	0	0	
18.656	24	19	50	5	2	-1473.084	34.54956	49.35358	0.08619133	0.1066728	1.488824	0	0	0	
18.656	24	19	50	5	2	-1473.084	34.54956	49.35358	0.08619133	0.1066728	1.488824	0	0	0	
18.656	24	19	50	5	2	-1473.084	34.54956	49.35358	0.08619133	0.1066728	1.488824	0	0	0	
18.656	24	19	50	5	2	-1473.084	34.54956	49.35358	0.08619133	0.1066728	1.488824	0	0	0	
18.656	24	19	50	5	2	-1473.084	34.54956	49.35358	0.08619133	0.1066728	1.488824	0	0	0	
18.656	24	19	50	5	2	-1473.084	34.54956	49.35358	0.08619133	0.1066728	1.488824	0	0	0	
18.656	24	19	50	6	2	-1473.084	34.54956	49.35358	0.08619133	0.1066728	1.488824	0	0	0	
18.656	24	19	50	6	2	-1473.084	34.54956	49.35358	0.08619133	0.1066728	1.488824	0	0	0	
18.656	24	19	50	6	2	-1473.084	34.54956	49.35358	0.08619133	0.1066728	1.488824	0	0	0	
18.656	24	19	50	6	2	-1473.084	34.54956	49.35358	0.08619133	0.1066728	1.488824	0	0	0	
18.656	24	19	50	6	2	-1473.084	34.54956	49.35358	0.08619133	0.1066728	1.488824	0	0	0	
18.656	24	19	50	6	2	-1473.084	34.54956	49.35358	0.08619133	0.1066728	1.488824	0	0	0	
18.656	24	19	50	6	2	-1473.084	34.54956	49.35358	0.08619133	0.1066728	1.488824	0	0	0	
18.656	24	19	50	6	2	-1473.084	34.54956	49.35358	0.08619133	0.1066728	1.488824	0	0	0	
18.656	24	19	50	6	2	-1473.084	34.54956	49.35358	0.08619133	0.1066728	1.488824	0	0	0	
18.656	24	19	50	6	2	-1473.084	34.54956	49.35358	0.08619133	0.1066728	1.488824	0	0	0	
18.656	24	19	50	6	2	-1473.084	34.54956	49.35358	0.08619133	0.1066728	1.488824	0	0	0	
18.656	24	19	50	6	2	-1473.084	34.54956	49.35358	0.08619133	0.1066728	1.488824	0	0	0	
18.656	24	19	50	6	2	-1473.084	34.54956	49.35358	0.08619133	0.1066728	1.488824	0	0	0	
18.656	24	19	50	6	2	-1473.084	34.54956	49.35358	0.08619133	0.1066728	1.488824	0	0	0	
18.656	24	19	50	6	2	-1473.084	34.54956	49.35358	0.08619133	0.1066728	1.488824	0	0	0	
18.656	24	19	50	6	2	-1473.084	34.54956	49.35358	0.08619133	0.1066728	1.488824	0	0	0	
18.656	24	19	50	6	2	-1473.084	34.54956	49.35358	0.08619133	0.1066728	1.488824	0	0	0	
18.656	24	19	50	6	2	-1473.084	34.54956	49.35358	0.08619133	0.1066728	1.488824	0	0	0	
18.656	24	19	50	6	2	-1473.084	34.54956	49.35358	0.08619133	0.1066728	1.488824	0	0	0	
18.656	24	19	50	6	2	-1473.084	34.54956	49.35358	0.08619133	0.1066728	1.488824	0	0	0	
18.656	24	19	50	7	2	-1473.084	34.54956	49.35358	0.08619133	0.1066728	1.488824	0	0	0	
18.656	24	19	50	7	2	-1473.084	34.54956	49.35358	0.08619133	0.1066728	1.488824	0	0	0	
18.656	24	19	50	7	2	-1473.084	34.54956	49.35358	0.08619133	0.1066728	1.488824	0	0	0	
18.656	24	19	50	7	2	-1473.084	34.54956	49.35358	0.08619133	0.1066728	1.488824	0	0	0	
18.656	24	19	50	7	2	-1473.084	34.54956	49.35358	0.08619133	0.1066728	1.488824	0	0	0	
18.656	24	19	50	7	2	-1473.084	34.54956	49.35358	0.08619133	0.1066728	1.488824	0	0	0	
18.656	24	19	50	7	2	-1473.084	34.54956	49.35358	0.08619133	0.1066728	1.488824	0	0	0	
18.656	24	19	50	7	2	-1473.084	34.54956	49.35358	0.08619133	0.1066728	1.488824	0	0	0	
18.656	24	19	50	7	2	-1473.084	34.54956	49.35358	0.08619133	0.1066728	1.488824	0	0	0	
18.656	24	19	50	7	2	-1473.084	34.54956	49.35358	0.08619133	0.1066728	1.488824	0	0	0	
18.656	24	19	50	7	2	-1473.084	34.54956	49.35358	0.08619133	0.1066728	1.488824	0	0	0	
18.656	24	19	50	7	2	-1473.084	34.54956	49.35358	0.08619133	0.1066728	1.488824	0	0	0	
18.656	24	19	50	7	2	-1473.084	34.54956	49.35358	0.08619133	0.1066728	1.488824	0	0	0	
18.656	24	19	50	7	2	-1473.084	34.54956	49.35358	0.08619133	0.1066728	1.488824	0	0	0	
18.656	24	19	50	7	2	-1473.084	34.54956	49.35358	0.08619133	0.1066728	1.488824	0	0	0	
18.656	24	19	50	7	2	-1473.084	34.54956	49.35358	0.08619133	0.1066728	1.488824	0	0	0	
18.656	24	19	50	7	2	-1473.084	34.54956	49.35358	0.08619133	0.1066728	1.488824	0	0	0	
18.656	24	19	50	7	2	-1473.084	34.54956	49.35358	0.08619133	0.1066728	1.488824	0	0	0	
18.656	24	19	50	7	2	-1473.084	34.54956	49.35358	0.08619133	0.1066728	1.488824	0	0	0	
18.656	24	19	50	7	2	-1473.084	34.54956	49.35358	0.08619133	0.1066728	1.488824	0	0	0	
18.656	24	19	50	8	2	-1473.084	34.54956	49.35358	0.08619133	0.1066728	1.488824	0	0	0	
18.656	24	19	50	8	2	-1473.084	34.54956	49.35358	0.08619133	0.1066728	1.488824	0	0	0	
18.656	24	19	50	8	2	-1473.084	34.54956	49.35358	0.08619133	0.1066728	1.488824	0	0	0	
18.656	24	19	50	8	2	-1473.084	34.54956	49.35358	0.08619133	0.1066728	1.488824	0	0	0	
18.656	24	19	50	8	2	-1473.084	34.54956	49.35358	0.08619133	0.1066728	1.488824	0	0	0	
18.656	24	19	50	8	2	-1473.084	34.54956	49.35358	0.08619133	0.1066728	1.488824	0	0	0	
18.656	24	19	50	8	2	-1473.084	34.54956	49.35358	0.08619133	0.1066728	1.488824	0	0	0	
18.656	24	19	50	8	2	-1473.084	34.54956	49.35358	0.08619133	0.1066728	1.488824	0	0	0	
18.656	24	19	50	8	2	-1473.084	34.54956	49.35358	0.08619133	0.1066728	1.488824	0	0	0	
18.656	24	19	50	8	2	-1473.084	34.54956	49.35358	0.08619133	0.1066728	1.488824	0	0	0	
18.656	24	19	50	8	2	-1473.084	34.54956	49.35358	0.08619133	0.1066728	1.488824	0	0	0	
18.656	24	19	50	8	2	-1473.084	34.54956	49.35358	0.08619133	0.1066728	1.488824	0	0	0	
18.656	24	19	50	8	2	-1473.084	34.54956	49.35358	0.08619133	0.1066728	1.488824	0	0	0	
18.656	24	19	50	8	2	-1473.084	34.54956	49.35358	0.08619133	0.1066728	1.488824	0	0	0	
18.656	24	19	50	8	2	-1473.084	34.54956	49.35358	0.08619133	0.1066728	1.488824	0	0	0	
18.656	24	19	50	8	2	-1473.084	34.54956	49.35358	0.08619133	0.1066728	1.488824	0	0	0	
18.656	24	19	50	8	2	-1473.084	34.54956	49.35358	0.08619133	0.1066728	1.488824	0	0	0	
18.656	24	19	50	8	2	-1473.084	34.54956	49.35358	0.08619133	0.1066728	1.488824	0	0	0	
18.656	24	19	50	8	2	-1473.084	34.54956	49.35358	0.08619133	0.1066728	1.488824	0	0	0	
18.656	24	19	50	8	2	-1473.084	34.54956	49.35358	0.08619133	0.1066728	1.488824	0	0	0	
18.656	24	19	50	9	2	-1473.084	34.54956	49.35358	0.08619133	0.1066728	1.488824	0	0	0	
18.656	24	19	50	9	2	-1473.084	34.54956	49.35358	0.08619133	0.1066728	1.488824	0	0	0	
18.656	24	19	50	9	2	-1473.084	34.54956	49.35358	0.08619133	0.1066728	1.488824	0	0	0	
18.656	24	19	50	9	2	-1473.084	34.54956	49.35358	0.08619133	0.1066728	1.488824	0	0	0	
18.656	24	19	50	9	2	-1473.084	34.54956	49.35358	0.08619133	0.1066728	1.488824	0	0	0	
18.656	24	19	50	9	2	-1473.084	34.54956	49.35358	0.08619133	0.1066728	1.488824	0	0	0	
18.656	24	19	50	9	2	-1473.084	34.54956	49.35358	0.08619133	0.1066728	1.488824	0	0	0	
18.656	24	19	50	9	2	-1473.084	34.54956	49.35358	0.08619133	0.1066728	1.488824	0	0	0	
18.656	24	19	50	9	2	-1473.084	34.54956	49.35358	0.08619133	0.1066728	1.488824	0	0	0	
18.656	24	19	50	9	2	-1473.084	34.54956	49.35358	0.08619133	0.1066728	1.488824	0	0	0	
18.656	24	19	50	9	2	-1473.084	34.54956	49.35358	0.08619133	0.1066728	1.488824	0	0	0	
18.656	24	19	50	9	2	-1473.084	34.54956	49.35358	0.08619133	0.1066728	1.488824	0	0	0	
18.656	24	19	50	9	2	-1473.084	34.54956	49.35358	0.08619133	0.1066728	1.488824	0	0	0	
18.656	24	19	50	9	2	-1473.084	34.54956	49.35358	0.08619133	0.1066728	1.488824	0	0	0	
18.656	24	19	50	9	2	-1473.084	34.54956	49.35358	0.08619133	0.1066728	1.488824	0	0	0	
18.656	24	19	50	9	2	-1473.084	34.54956	49.35358	0.08619133	0.1066728	1.488824	0	0	0	
18.656	24	19	50	9	2	-1473.084	34.54956	49.35358	0.08619133	0.1066728	1.488824	0	0	0	
18.656	24	19	50	9	2	-1473.084	34.54956	49.35358	0.08619133	0.1066728	1.488824	0	0	0	
18.656	24	19	50	9	2	-1473.084	34.54956	49.35358	0.08619133	0.1066728	1.488824	0	0	0	
18.656	24	19	50	9	2	-1473.084	34.54956	49.35358	0.08619133	0.1066728	1.488824	0	0	0	
18.656	24	19	50	10	2	-1473.084	34.54956	49.35358	0.08619133	0.1066728	1.488824	0	0	0	
18.656	24	19	50	10	2	-1473.084	34.54956	49.35358	0.08619133	0.1066728	1.488824	0	0	0	
18.656	24	19	50	10	2	-1473.084	34.54956	49.35358	0.08619133	0.1066728	1.488824	0	0	0	
18.656	24	19	50	10	2	-1473.084	34.54956	49.35358	0.08619133	0.1066728	1.488824	0	0	0	
18.656	24	19	50	10	2	-1473.084	34.54956	49.35358	0.08619133	0.1066728	1.488824	0	0	0	
18.656	24	19	50	10	2	-1473.084	34.54956	49.35358	0.08619133	0.1066728	1.488824	0	0	0	
18.656	24	19	50	10	2	-1473.084	34.54956	49.35358	0.08619133	0.1066728	1.488824	0	0	0	
18.656	24	19	50	10	2	-1473.084	34.54956	49.35358	0.08619133	0.1066728	1.488824	0	0	0	
18.656	24	19	50	10	2	-1473.084	34.54956	49.35358	0.08619133	0.1066728	1.488824	0	0	0	
18.656	24	19	50	10	2	-1473.084	34.54956	49.35358	0.08619133	0.1066728	1.488824	0	0	0	
18.656	24	19	50	10	2	-1473.084	34.54956	49.35358	0.08619133	0.1066728	1.488824	0	0	0	
18.656	24	19	50	10	2	-1473.084	34.54956	49.35358	0.08619133	0.1066728	1.488824	0	0	0	
18.656	24	19	50	10	2	-1473.084	34.54956	49.35358	0.08619133	0.1066728	1.488824	0	0	0	
18.656	24	19	50	10	2	-1473.084	34.54956	49.35358	0.08619133	0.1066728	1.488824	0	0	0	
18.656	24	19	50	10	2	-1473.084	34.54956	49.35358	0.08619133	0.1066728	1.488824	0	0	0	
18.656	24	19	50	10	2	-1473.084	34.54956	49.35358	0.08619133	0.1066728	1.488824	0	0	0	
18.656	24	19	50	10	2	-1473.084	34.54956	49.35358	0.08619133	0.1066728	1.488824	0	0	0	
18.656	24	19	50	10	2	-1473.084	34.54956	49.35358	0.08619133	0.1066728	1.488824	0	0	0	
18.656	24	19	50	10	2	-1473.084	34.54956	49.35358	0.08619133	0.1066728	1.488824	0	0	0	
18.656	24	19	50	10	2	-1473.084	34.54956	49.35358	0.08619133	0.1066728	1.488824	0	0	0	
18.656	24	19	50	11	2	-1473.084	34.54956	49.35358	0.08619133	0.1066728	1.488824	0	0	0	
18.656	24	19	50	11	2	-1473.084	34.54956	49.35358	0.08619133	0.1066728	1.488824	0	0	0	
18.656	24	19	50	11	2	-1473.084	34.54956	49.35358	0.08619133	0.1066728	1.488824	0	0	0	
18.656	24	19	50	11	2	-1473.084	34.54956	49.35358	0.08619133	0.1066728	1.488824	0	0	0	
18.656	24	19	50	11	2	-1473.084	34.54956	49.35358	0.08619133	0.1066728	1.488824	0	0	0	
18.656	24	19	50	11	2	-1473.084	34.54956	49.35358	0.08619133	0.1066728	1.488824	0	0	0	
18.656	24	19	50	11	2	-1473.084	34.54956	49.35358	0.08619133	0.1066728	1.488824	0	0	0	
18.656	24	19	50	11	2	-1473.084	34.54956	49.35358	0.08619133	0.1066728	1.488824	0	0	0	
18.656	24	19	50	11	2	-1473.084	34.54956	49.35358	0.08619133	0.1066728	1.488824	0	0	0	
18.656	24	19	50	11	2	-1473.084	34.54956	49.35358	0.08619133	0.1066728	1.488824	0	0	0	
18.656	24	19	50	11	2	-1473.084	34.54956	49.35358	0.08619133	0.1066728	1.488824	0	0	0	
18.656	24	19	50	11	2	-1473.084	34.54956	49.35358	0.08619133	0.1066728	1.488824	0	0	0	
18.656	24	19	50	11	2	-1473.084	34.54956	49.35358	0.08619133	0.1066728	1.488824	0	0	0	
18.656	24	19	50	11	2	-1473.084	34.54956	49.35358	0.08619133	0.1066728	1.488824	0	0	0	
18.656	24	19	50	11	2	-1473.084	34.54956	49.35358	0.08619133	0.1066728	1.488824	0	0	0	
18.656	24	19	50	11	2	-1473.084	34.54956	49.35358	0.08619133	0.1066728	1.488824	0	0	0	
18.656	24	19	50	11	2	-1473.084	34.54956	49.35358	0.08619133	0.1066728	1.488824	0	0	0	
18.656	24	19	50	11	2	-1473.084	34.54956	49.35358	0.08619133	0.1066728	1.488824	0	0	0	
18.656	24	19	50	11	2	-1473.084	34.54956	49.35358	0.08619133	0.1066728	1.488824	0	0	0	
18.656	24	19	50	11	2	-1473.084	34.54956	49.35358	0.08619133	0.1066728	1.488824	0	0	0	
18.656	24	19	50	12	2	-1473.084	34.54956	49.35358	0.08619133	0.1066728	1.488824	0	0	0	
18.656	24	19	50	12	2	-1473.084	34.54956	49.35358	0.08619133	0.1066728	1.488824	0	0	0	
18.656	24	19	50	12	2	-1473.084	34.54956	49.35358	0.08619133	0.1066728	1.488824	0	0	0	
18.656	24	19	50	12	2	-1473.084	34.54956	49.35358	0.08619133	0.1066728	1.488824	0	0	0	
18.656	24	19	50	12	2	-1473.084	34.54956	49.35358	0.08619133	0.1066728	1.488824	0	0	0	
18.656	24	19	50	12	2	-1473.084	34.54956	49.35358	0.08619133	0.1066728	1.488824	0	0	0	
18.656	24	19	50	12	2	-1473.084	34.54956	49.35358	0.08619133	0.1066728	1.488824	0	0	0	
18.656	24	19	50	12	2	-1473.084	34.54956	49.35358	0.08619133	0.1066728	1.488824	0	0	0	
18.656	24	19	50	12	2	-1473.084	34.54956	49.35358	0.08619133	0.1066728	1.488824	0	0	0	
18.656	24	19	50	12	2	-1473.084	34.54956	49.35358	0.08619133	0.1066728	1.488824	0	0	0	
18.656	24	19	50	12	2	-1473.084	34.54956	49.35358	0.08619133	0.1066728	1.488824	0	0	0	
18.656	24	19	50	12	2	-1473.084	34.54956	49.35358	0.08619133	0.1066728	1.488824	0	0	0	
18.656	24	19	50	12	2	-1473.084	34.54956	49.35358	0.08619133	0.1066728	1.488824	0	0	0	
18.656	24	19	50	12	2	-1473.084	34.54956	49.35358	0.08619133	0.1066728	1.488824	0	0	0	
18.656	24	19	50	12	2	-1473.084	34.54956	49.35358	0.08619133	0.1066728	1.488824	0	0	0	
18.656	24	19	50	12	2	-1473.084	34.54956	49.35358	0.08619133	0.1066728	1.488824	0	0	0	
18.656	24	19	50	12	2	-1473.084	34.54956	49.35358	0.08619133	0.1066728	1.488824	0	0	0	
18.656	24	19	50	12	2	-1473.084	34.54956	49.35358	0.08619133	0.1066728	1.488824	0	0	0	
18.656	24	19	50	12	2	-1473.084	34.54956	49.35358	0.08619133	0.1066728	1.488824	0	0	0	
18.656	24	19	50	12	2	-1473.084	34.54956	49.35358	0.08619133	0.1066728	1.488824	0	0	0	
18.656	24	19	50	13	2	-1473.084	34.54956	49.35358	0.08619133	0.1066728	1.488824	0	0	0	
18.656	24	19	50	13	2	-1473.084	34.54956	49.35358	0.08619133	0.1066728	1.488824	0	0	0	
18.656	24	19	50	13	2	-1473.084	34.54956	49.35358	0.08619133	0.1066728	1.488824	0	0	0	
18.656	24	19	50	13	2	-1473.084	34.54956	49.35358	0.08619133	0.1066728	1.488824	0	0	0	
18.656	24	19	50	13	2	-1473.084	34.54956	49.35358	0.08619133	0.1066728	1.488824	0	0	0	
18.656	24	19	50	13	2	-1473.084	34.54956	49.35358	0.08619133	0.1066728	1.488824	0	0	0	
18.656	24	19	50	13	2	-1473.084	34.54956	49.35358	0.08619133	0.1066728	1.488824	0	0	0	
18.656	24	19	50	13	2	-1473.084	34.54956	49.35358	0.08619133	0.1066728	1.488824	0	0	0	
18.656	24	19	50	13	2	-1473.084	34.54956	49.35358	0.08619133	0.1066728	1.488824	0	0	0	
18.656	24	19	50	13	2	-1473.084	34.54956	49.35358	0.08619133	0.1066728	1.488824	0	0	0	
18.656	24	19	50	13	2	-1473.084	34.54956	49.35358	0.08619133	0.1066728	1.488824	0	0	0	
18.656	24	19	50	13	2	-1473.084	34.54956	49.35358	0.08619133	0.1066728	1.488824	0	0	0	
18.656	24	19	50	13	2	-1473.084	34.54956	49.35358	0.08619133	0.1066728	1.488824	0	0	0	
18.656	24	19	50	13	2	-1473.084	34.54956	49.35358	0.08619133	0.1066728	1.488824	0	0	0	
18.656	24	19	50	13	2	-1473.084	34.54956	49.35358	0.08619133	0.1066728	1.488824	0	0	0	
18.656	24	19	50	13	2	-1473.084	34.54956	49.35358	0.08619133	0.1066728	1.488824	0	0	0	
18.656	24	19	50	13	2	-1473.084	34.54956	49.35358	0.08619133	0.1066728	1.488824	0	0	0	
18.656	24	19	50	13	2	-1473.084	34.54956	49.35358	0.08619133	0.1066728	1.488824	0	0	0	
18.656	24	19	50	13	2	-1473.084	34.54956	49.35358	0.08619133	0.1066728	1.488824	0	0	0	
18.656	24	19	50	13	2	-1473.084	34.54956	49.35358	0.08619133	0.1066728	1.488824	0	0	0	
18.656	24	19	50	14	2	-1473.084	34.54956	49.35358	0.08619133	0.1066728	1.488824	0	0	0	
18.656	24	19	50	14	2	-1473.084	34.54956	49.35358	0.08619133	0.1066728	1.488824	0	0	0	
