time	day	hour	min	sec	control_state	uav_pos_x	uav_pos_y	uav_pos_z	uav_roll	uav_pitch	uav_yaw	uav_vel_x	uav_vel_y	uav_vel_z	
0	24	19	49	25	0	0	0	0	0	0	0	0	0	0	
0	24	19	49	25	1	-1504	1.551952e-06	4.2755	0	0	0	0	0	0	
0.016	24	19	49	25	1	-1504	1.551952e-06	4.2755	0	0	0	0	0	0	
0.036	24	19	49	25	1	-1504	1.551952e-06	4.2755	0	0	0	0	0	0	
0.06	24	19	49	25	1	-1504	1.551952e-06	4.2755	0	0	0	0	0	0	
0.088	24	19	49	25	1	-1504	-1.725412e-06	4.275504	0	0	0	0	0	0	
0.12	24	19	49	25	1	-1504	-1.100833e-05	4.275512	0	0	0	0	0	0	
0.128	24	19	49	25	1	-1504	-1.24581e-05	4.275512	0	0	0	0	0	0	
0.152	24	19	49	25	1	-1504	-1.27144e-05	4.275511	0	0	0	0	0	0	
0.172	24	19	49	25	1	-1504	-9.42332e-06	4.275511	0	0	0	0	0	0	
0.192	24	19	49	25	1	-1504	-4.289416e-06	4.275524	0	0	0	0	0	0	
0.212	24	19	49	25	1	-1504	1.86456e-06	4.275563	0	0	0	0	0	0	
0.236	24	19	49	25	1	-1504	-1.542149e-05	4.275607	0	0	0	0	0	0	
0.26	24	19	49	26	1	-1504	-3.891895e-05	4.275652	0	0	0	0	0	0	
0.292	24	19	49	26	1	-1504	-5.826988e-05	4.27571	0	0	0	0	0	0	
0.316	24	19	49	26	1	-1504	-5.508749e-05	4.275753	0	0	0	0	0	0	
0.34	24	19	49	26	1	-1503.999	-4.5719e-05	4.275798	0	0	0	0	0	0	
0.376	24	19	49	26	1	-1503.999	-3.827363e-05	4.275865	0	0	0	0	0	0	
0.404	24	19	49	26	1	-1503.999	-3.219019e-05	4.275921	0	0	0	0	0	0	
0.42	24	19	49	26	1	-1503.999	-3.058652e-05	4.275944	-0.002331057	5.452626e-05	0.0003839553	0	0	0	
0.444	24	19	49	26	1	-1503.999	-3.218199e-05	4.276024	-0.001924479	7.582706e-05	0.0003896497	0	0	0	
0.464	24	19	49	26	1	-1503.999	-4.82114e-05	4.276714	-0.0008455083	0.0001800341	0.00039133	0	0	0	
0.488	24	19	49	26	1	-1503.999	-6.543494e-05	4.278096	0.0007026505	0.000929232	0.0003915101	0	0	0	
0.508	24	19	49	26	1	-1503.999	-7.627738e-05	4.280269	0.001609795	0.002006548	0.0003900893	0	0	0	
0.528	24	19	49	26	1	-1503.998	-7.826921e-05	4.283939	0.002005673	0.002708048	0.0003842729	0	0	0	
0.552	24	19	49	26	1	-1503.998	-7.626438e-05	4.287884	0.00192488	0.002460983	0.0003762201	0	0	0	
0.584	24	19	49	26	1	-1503.998	-7.629012e-05	4.297015	0.001275219	0.001256735	0.0003629345	0	0	0	
0.604	24	19	49	26	1	-1503.998	-8.643364e-05	4.303218	0.0009219939	0.0009166584	0.0003510891	0	0	0	
0.624	24	19	49	26	1	-1503.998	-0.0001068717	4.310228	0.0007755822	0.001200269	0.0003352702	0	0	0	
0.652	24	19	49	26	1	-1503.997	-0.0001428099	4.3214	0.0006224156	0.001576866	0.0003131727	0	0	0	
0.672	24	19	49	26	1	-1503.997	-0.0001650862	4.330351	0.0002805307	0.001716103	0.0002980217	0	0	0	
0.7	24	19	49	26	1	-1503.997	-0.0001969481	4.34424	-0.0002286258	0.001800796	0.0002785103	0	0	0	
0.724	24	19	49	26	1	-1503.996	-0.0002303325	4.355132	-0.0001055895	0.0009638443	0.0002627663	0	0	0	
0.748	24	19	49	27	1	-1503.996	-0.0002901523	4.369274	0.0007517956	-8.33375e-05	0.0002555841	0	0	0	
0.772	24	19	49	27	1	-1503.996	-0.0003606785	4.384584	0.001710737	-0.0005824082	0.0002588956	0	0	0	
0.804	24	19	49	27	1	-1503.995	-0.0004572597	4.409727	0.002077359	-0.0005084429	0.0002703578	0	0	0	
0.844	24	19	49	27	1	-1503.995	-0.00055189	4.437452	0.001345621	0.0003553648	0.0002884478	0	0	0	
0.868	24	19	49	27	1	-1503.994	-0.0006315103	4.460775	0.0006643248	0.001087326	0.0002949125	0	0	0	
0.892	24	19	49	27	1	-1503.994	-0.0007042497	4.481973	-3.519737e-05	0.00148383	0.0003031477	0	0	0	
0.92	24	19	49	27	1	-1503.993	-0.0007868881	4.508092	-0.0008942314	0.002089899	0.0003241899	0	0	0	
0.936	24	19	49	27	1	-1503.993	-0.000829877	4.523679	-0.001415906	0.002004148	0.0003395802	0	0	0	
0.956	24	19	49	27	1	-1503.993	-0.000882533	4.543834	-0.001887761	0.00167353	0.0003617051	0	0	0	
0.984	24	19	49	27	1	-1503.992	-0.0009481942	4.568997	-0.001930555	0.001552181	0.0003906559	0	0	0	
1.016	24	19	49	27	1	-1503.991	-0.001029556	4.604179	-0.001523084	0.001483249	0.0004188712	0	0	0	
1.044	24	19	49	27	1	-1503.991	-0.001082595	4.636468	-0.00123847	0.0008591505	0.0004427236	0	0	0	
1.072	24	19	49	27	1	-1503.99	-0.001131177	4.67506	-0.0008774732	-0.0005864418	0.0004684728	0	0	0	
1.096	24	19	49	27	1	-1503.99	-0.001146853	4.705165	-0.001023792	-0.001161627	0.000491508	0	0	0	
1.12	24	19	49	27	1	-1503.989	-0.001141323	4.731003	-0.001736857	-0.0002063697	0.0005087962	0	0	0	
1.148	24	19	49	27	1	-1503.988	-0.001115445	4.773742	-0.00251652	0.00197216	0.0005264616	0	0	0	
1.172	24	19	49	27	1	-1503.988	-0.001098848	4.801315	-0.002548343	0.003071772	0.0005441045	0	0	0	
1.192	24	19	49	27	1	-1503.987	-0.001085076	4.835264	-0.001952866	0.002579021	0.0005626624	0	0	0	
1.22	24	19	49	27	1	-1503.987	-0.001067912	4.876042	-0.0006824042	0.0007802188	0.0005894173	0	0	0	
1.252	24	19	49	27	1	-1503.986	-0.001048432	4.918065	0.000939904	-0.0007090288	0.0006144001	0	0	0	
1.284	24	19	49	28	1	-1503.985	-0.001014495	4.973888	0.001896915	-0.001020979	0.0006272968	0	0	0	
1.32	24	19	49	28	1	-1503.984	-0.0009596447	5.031692	0.001462203	-0.0006801944	0.000638909	0	0	0	
1.348	24	19	49	28	1	-1503.983	-0.0009099918	5.077991	0.0003818505	-0.0005494236	0.0006412628	0	0	0	
1.368	24	19	49	28	1	-1503.983	-0.0008733176	5.111769	-0.0005163804	-0.0002681528	0.000645467	0	0	0	
1.4	24	19	49	28	1	-1503.982	-0.0008023805	5.167019	-0.002129609	-2.736799e-05	0.0006577369	0	0	0	
1.424	24	19	49	28	1	-1503.981	-0.0007482312	5.209414	-0.002847414	-4.216e-05	0.0006717882	0	0	0	
1.448	24	19	49	28	1	-1503.981	-0.0007003098	5.252616	-0.002713739	0.0003524935	0.0006824677	0	0	0	
1.468	24	19	49	28	1	-1503.98	-0.000665331	5.289226	-0.001961708	0.0006650025	0.0006885772	0	0	0	
1.496	24	19	49	28	1	-1503.979	-0.0006210627	5.333879	-0.0005429671	0.0003568939	0.0006977192	0	0	0	
1.516	24	19	49	28	1	-1503.979	-0.0005724087	5.379308	0.0005022998	-0.0002596474	0.0007109416	0	0	0	
1.536	24	19	49	28	1	-1503.978	-0.0005359198	5.41775	0.001615017	-0.0002465653	0.0007287412	0	0	0	
1.56	24	19	49	28	1	-1503.978	-0.000501964	5.456716	0.002718168	0.0006549772	0.0007559412	0	0	0	
1.584	24	19	49	28	1	-1503.977	-0.0004515651	5.51213	0.003156734	0.001876405	0.0007847115	0	0	0	
1.604	24	19	49	28	1	-1503.976	-0.0004130969	5.55232	0.00292415	0.002343544	0.0008042178	0	0	0	
1.632	24	19	49	28	1	-1503.975	-0.0003581352	5.609423	0.001844252	0.001614575	0.000828129	0	0	0	
1.656	24	19	49	28	1	-1503.975	-0.0003077492	5.659135	0.0003677564	-0.0004294307	0.0008456382	0	0	0	
1.668	24	19	49	28	1	-1503.974	-0.0002872573	5.684252	-0.0002565041	-0.001731681	0.0008527487	0	0	0	
1.692	24	19	49	28	1	-1503.973	-0.0002568523	5.735008	-0.001064798	-0.003377443	0.0008662337	0	0	0	
1.72	24	19	49	28	1	-1503.973	-0.0002227871	5.795086	-0.001639221	-0.002510509	0.0008659431	0	0	0	
1.744	24	19	49	28	1	-1503.972	-0.0001934252	5.847308	-0.001740153	0.0004553557	0.0008502538	0	0	0	
1.768	24	19	49	29	1	-1503.971	-0.0001705686	5.900192	-0.001231736	0.003286283	0.0008359708	0	0	0	
1.792	24	19	49	29	1	-1503.97	-0.0001531751	5.953726	-0.0002586937	0.004054383	0.0008239362	0	0	0	
1.82	24	19	49	29	1	-1503.969	-0.0001304797	6.016991	0.0008639662	0.0006516009	0.0008109469	0	0	0	
1.844	24	19	49	29	1	-1503.969	-0.0001049555	6.062705	0.001238589	-0.003984557	0.0007959832	0	0	0	
1.86	24	19	49	29	1	-1503.968	-7.25183e-05	6.10885	0.001165601	-0.006106431	0.0007861606	0	0	0	
1.884	24	19	49	29	1	-1503.967	-3.653935e-05	6.15542	0.0007281449	-0.006333216	0.0007682772	0	0	0	
1.9	24	19	49	29	1	-1503.967	-2.08282e-06	6.202407	0.0004232396	-0.004400815	0.0007559643	0	0	0	
1.92	24	19	49	29	1	-1503.966	2.529303e-05	6.249805	0.0002093471	-0.0006332712	0.000737002	0	0	0	
1.94	24	19	49	29	1	-1503.965	5.596206e-05	6.297611	-0.0001397341	0.00257568	0.0007113758	0	0	0	
1.964	24	19	49	29	1	-1503.964	0.0001043291	6.355507	-0.0009082217	0.00466464	0.0006771993	0	0	0	
1.984	24	19	49	29	1	-1503.964	0.000147992	6.404186	-0.00151439	0.004217635	0.0006540847	0	0	0	
2.008	24	19	49	29	1	-1503.963	0.0001846645	6.453252	-0.001599378	0.001530172	0.0006349482	0	0	0	
2.04	24	19	49	29	1	-1503.962	0.0002278626	6.542529	-0.0005134627	-0.001897867	0.0006152978	0	0	0	
2.08	24	19	49	29	1	-1503.961	0.0002802897	6.643134	0.0009000806	-0.002208424	0.0005798717	0	0	0	
2.112	24	19	49	29	1	-1503.959	0.0003209283	6.724655	0.001767282	-0.001376051	0.0005544137	0	0	0	
2.148	24	19	49	29	1	-1503.958	0.0003431934	6.807072	0.002668866	-0.001759745	0.0005344369	0	0	0	
2.172	24	19	49	29	1	-1503.957	0.000363775	6.879905	0.002557615	-0.001955065	0.0005307901	0	0	0	
2.196	24	19	49	29	1	-1503.957	0.0003777446	6.942854	0.002059246	-0.001577994	0.0005346022	0	0	0	
2.224	24	19	49	29	1	-1503.956	0.0003766966	7.016889	0.001546124	-0.001380389	0.0005471447	0	0	0	
2.248	24	19	49	29	1	-1503.955	0.000364129	7.080844	0.001162086	-0.001960962	0.0005521913	0	0	0	
2.276	24	19	49	30	1	-1503.954	0.0003467733	7.156029	0.0005307012	-0.003063188	0.0005422723	0	0	0	
2.3	24	19	49	30	1	-1503.953	0.0003152964	7.220955	0.0004471828	-0.002985691	0.0005223344	0	0	0	
2.332	24	19	49	30	1	-1503.952	0.0002551783	7.308192	0.000823067	-0.0008159918	0.0004920371	0	0	0	
2.36	24	19	49	30	1	-1503.951	0.0002038513	7.385136	0.0008912936	0.001791703	0.0004619506	0	0	0	
2.396	24	19	49	30	1	-1503.95	0.0001432698	7.484882	0.0004769546	0.002303788	0.000430867	0	0	0	
2.42	24	19	49	30	1	-1503.949	9.634721e-05	7.551878	0.0003079719	0.0001953942	0.0004140631	0	0	0	
2.44	24	19	49	30	1	-1503.948	5.544796e-05	7.608006	0.0001923252	-0.001603404	0.0003990713	0	0	0	
2.46	24	19	49	30	1	-1503.948	1.303835e-05	7.664399	0.0001134779	-0.002927395	0.0003867268	0	0	0	
2.484	24	19	49	30	1	-1503.947	-2.667562e-05	7.732412	-0.0003647364	-0.003346685	0.0003724546	0	0	0	
2.508	24	19	49	30	1	-1503.946	-5.161801e-05	7.800788	-0.001251325	-0.002260359	0.000360331	0	0	0	
2.524	24	19	49	30	1	-1503.945	-7.487155e-05	7.846572	-0.001471478	-0.001621012	0.0003603938	0	0	0	
2.556	24	19	49	30	1	-1503.944	-0.00013658	7.938608	-0.0009712479	-0.0004325308	0.0003707227	0	0	0	
2.588	24	19	49	30	1	-1503.943	-0.0001867563	8.019641	-0.0002263112	0.0008208616	0.0003764596	0	0	0	
2.616	24	19	49	30	1	-1503.942	-0.0002475553	8.112804	0.000646004	0.0007344868	0.0003790536	0	0	0	
2.64	24	19	49	30	1	-1503.941	-0.0002867751	8.183052	0.001054995	0.0001507083	0.0003881257	0	0	0	
2.672	24	19	49	30	1	-1503.94	-0.0003213655	8.277204	0.0006939929	-0.0004834497	0.0004134323	0	0	0	
2.704	24	19	49	30	1	-1503.939	-0.0003494954	8.371895	-0.0001042977	-0.001031943	0.0004356553	0	0	0	
2.732	24	19	49	30	1	-1503.938	-0.0003623182	8.455181	-0.001154364	-0.003078064	0.0004408737	0	0	0	
2.752	24	19	49	30	1	-1503.938	-0.0003688775	8.502948	-0.001738833	-0.004848238	0.0004437252	0	0	0	
2.764	24	19	49	30	1	-1503.937	-0.0003766283	8.550843	-0.001972929	-0.00519788	0.0004473246	0	0	0	
2.788	24	19	49	31	1	-1503.936	-0.0003945735	8.622918	-0.001804648	-0.004303018	0.0004482697	0	0	0	
2.812	24	19	49	31	1	-1503.936	-0.0004151613	8.683186	-0.001051188	-0.001935637	0.0004446053	0	0	0	
2.828	24	19	49	31	1	-1503.935	-0.000437616	8.743636	-0.0003465608	-0.0002465416	0.0004412036	0	0	0	
2.852	24	19	49	31	1	-1503.934	-0.0004687293	8.816408	0.000891573	0.001588335	0.0004362664	0	0	0	
2.868	24	19	49	31	1	-1503.934	-0.0004832098	8.852886	0.001594003	0.001993242	0.0004325184	0	0	0	
2.888	24	19	49	31	1	-1503.933	-0.0005093306	8.913817	0.002387793	0.001729896	0.0004231377	0	0	0	
2.908	24	19	49	31	1	-1503.932	-0.0005432501	8.974913	0.003122523	0.001135155	0.0004124311	0	0	0	
2.94	24	19	49	31	1	-1503.931	-0.0005978431	9.072999	0.003290748	-0.0007029286	0.0003907914	0	0	0	
2.96	24	19	49	31	1	-1503.93	-0.0006292578	9.134505	0.002759414	-0.002077569	0.0003746091	0	0	0	
2.98	24	19	49	31	1	-1503.93	-0.0006642284	9.196163	0.001959516	-0.003304963	0.0003552551	0	0	0	
3	24	19	49	31	1	-1503.929	-0.0007102473	9.270348	0.001028476	-0.003588023	0.000337676	0	0	0	
3.028	24	19	49	31	1	-1503.928	-0.0007722167	9.357159	-0.0002179026	-0.002244613	0.0003160219	0	0	0	
3.052	24	19	49	31	1	-1503.927	-0.000806318	9.419337	-0.001658431	-0.0005688638	0.0002832353	0	0	0	
3.076	24	19	49	31	1	-1503.926	-0.0008479235	9.506613	-0.002925833	0.000250107	0.0002410267	0	0	0	
3.096	24	19	49	31	1	-1503.926	-0.0008742555	9.569112	-0.003628182	-0.000803868	0.0002122893	0	0	0	
3.116	24	19	49	31	1	-1503.925	-0.0008965172	9.619204	-0.003759418	-0.002795683	0.0001909493	0	0	0	
3.132	24	19	49	31	1	-1503.924	-0.0009221405	9.68193	-0.003483752	-0.004596124	0.0001756094	0	0	0	
3.152	24	19	49	31	1	-1503.924	-0.0009347133	9.744779	-0.003242418	-0.005027144	0.00016139	0	0	0	
3.172	24	19	49	31	1	-1503.923	-0.0009322717	9.807747	-0.002987781	-0.003465959	0.0001357402	0	0	0	
3.196	24	19	49	31	1	-1503.922	-0.0009161307	9.870829	-0.002695949	-0.0001271864	9.848551e-05	0	0	0	
3.22	24	19	49	32	1	-1503.921	-0.0008923457	9.946672	-0.002005105	0.002253507	6.651634e-05	0	0	0	
3.244	24	19	49	32	1	-1503.921	-0.0008592679	10.03535	-0.001020521	0.002852189	3.940883e-05	0	0	0	
3.268	24	19	49	32	1	-1503.92	-0.0008399041	10.11151	0.0004968794	0.0009241851	1.911838e-05	0	0	0	
3.288	24	19	49	32	1	-1503.919	-0.0008305449	10.17508	0.001947468	-0.001613724	4.414002e-06	0	0	0	
3.32	24	19	49	32	1	-1503.918	-0.0008086973	10.27698	0.003438183	-0.004620526	-1.69747e-05	0	0	0	
3.344	24	19	49	32	1	-1503.917	-0.0007925845	10.34079	0.003687584	-0.004949118	-3.130852e-05	0	0	0	
3.38	24	19	49	32	1	-1503.916	-0.0007520212	10.45584	0.002340386	-0.002262034	-5.1623e-05	0	0	0	
3.408	24	19	49	32	1	-1503.915	-0.0007219049	10.5455	0.0007065982	-0.0007510971	-6.77517e-05	0	0	0	
3.424	24	19	49	32	1	-1503.915	-0.0007086993	10.60964	-0.0001224596	-0.001173887	-7.472484e-05	0	0	0	
3.448	24	19	49	32	1	-1503.914	-0.0006960701	10.68669	-0.001225288	-0.002754626	-7.799262e-05	0	0	0	
3.472	24	19	49	32	1	-1503.913	-0.0006848827	10.75097	-0.00206997	-0.003583058	-8.09119e-05	0	0	0	
3.5	24	19	49	32	1	-1503.912	-0.0006876994	10.85394	-0.001856313	-0.003230025	-8.372135e-05	0	0	0	
3.524	24	19	49	32	1	-1503.911	-0.0006956447	10.93127	-0.001101628	-0.002369862	-8.721741e-05	0	0	0	
3.548	24	19	49	32	1	-1503.911	-0.0006996633	10.99577	-0.0002413249	-0.00164271	-9.810599e-05	0	0	0	
3.572	24	19	49	32	1	-1503.91	-0.0006920379	11.08615	0.0002921189	-0.0004541577	-0.0001106153	0	0	0	
3.596	24	19	49	32	1	-1503.909	-0.0006780327	11.15077	0.0004510725	0.001213131	-0.0001199771	0	0	0	
3.62	24	19	49	32	1	-1503.908	-0.0006475771	11.2413	0.0002234197	0.002507217	-0.0001247649	0	0	0	
3.644	24	19	49	32	1	-1503.908	-0.0006137388	11.31896	-0.0002659373	0.002099508	-0.0001230894	0	0	0	
3.664	24	19	49	32	1	-1503.907	-0.0005815643	11.38373	-0.0008560346	-0.0002364068	-0.0001213956	0	0	0	
3.688	24	19	49	32	1	-1503.906	-0.0005487377	11.44852	-0.001202897	-0.001842665	-0.00012262	0	0	0	
3.708	24	19	49	33	1	-1503.906	-0.0005163524	11.52632	-0.001164869	-0.002364752	-0.0001278466	0	0	0	
3.728	24	19	49	33	1	-1503.905	-0.000495499	11.59118	-0.0007685552	-0.002140157	-0.0001408536	0	0	0	
3.764	24	19	49	33	1	-1503.904	-0.000477928	11.695	0.0008475835	-0.002465888	-0.000168011	0	0	0	
3.784	24	19	49	33	1	-1503.903	-0.0004787187	11.7729	0.002041009	-0.003506192	-0.0001784649	0	0	0	
3.812	24	19	49	33	1	-1503.902	-0.0004775572	11.86381	0.003144259	-0.004503112	-0.0001792321	0	0	0	
3.828	24	19	49	33	1	-1503.902	-0.0004729308	11.91576	0.003288242	-0.00455595	-0.0001737398	0	0	0	
3.852	24	19	49	33	1	-1503.901	-0.0004694786	11.98071	0.003087514	-0.003497394	-0.0001620228	0	0	0	
3.868	24	19	49	33	1	-1503.9	-0.0004663881	12.04567	0.002623598	-0.002738285	-0.0001560428	0	0	0	
3.888	24	19	49	33	1	-1503.9	-0.0004650073	12.11063	0.001805152	-0.002119022	-0.0001524609	0	0	0	
3.908	24	19	49	33	1	-1503.899	-0.0004697244	12.1756	0.0009637413	-0.001596282	-0.0001488376	0	0	0	
3.928	24	19	49	33	1	-1503.899	-0.0004886813	12.24056	0.0004939882	-0.001000127	-0.0001441146	0	0	0	
3.952	24	19	49	33	1	-1503.898	-0.0005342489	12.31851	0.0006426165	-0.0005003296	-0.0001390648	0	0	0	
3.98	24	19	49	33	1	-1503.897	-0.0005886014	12.40943	0.0007278876	-0.0002246178	-0.0001357305	0	0	0	
4.008	24	19	49	33	1	-1503.896	-0.0006439536	12.50033	0.00068708	0.0002245306	-0.0001443639	0	0	0	
4.032	24	19	49	33	1	-1503.896	-0.0006829881	12.56524	0.000508387	0.0004906332	-0.0001551242	0	0	0	
4.056	24	19	49	33	1	-1503.895	-0.0007253678	12.64312	7.373715e-05	-5.003853e-05	-0.0001730293	0	0	0	
4.072	24	19	49	33	1	-1503.894	-0.0007576609	12.708	-0.0002831819	-0.000323421	-0.0001853818	0	0	0	
4.096	24	19	49	33	1	-1503.894	-0.0007900338	12.78582	-0.0009537991	-0.000847633	-0.0002081904	0	0	0	
4.128	24	19	49	33	1	-1503.893	-0.000812122	12.87657	-0.002126863	-0.0022113	-0.0002392956	0	0	0	
4.144	24	19	49	33	1	-1503.892	-0.0008214789	12.94135	-0.002633164	-0.002468701	-0.000250615	0	0	0	
4.176	24	19	49	34	1	-1503.891	-0.0008150678	13.032	-0.003687024	-0.0009332441	-0.0002710291	0	0	0	
4.204	24	19	49	34	1	-1503.89	-0.0007895733	13.13551	-0.004029496	0.0008608631	-0.0002877218	0	0	0	
4.236	24	19	49	34	1	-1503.889	-0.0007719112	13.22601	-0.002951496	0.0006634846	-0.0002921141	0	0	0	
4.264	24	19	49	34	1	-1503.889	-0.0007448468	13.31643	-0.001450641	-0.001761236	-0.0002934314	0	0	0	
4.3	24	19	49	34	1	-1503.887	-0.0007047151	13.44546	0.0009980576	-0.003709514	-0.00030669	0	0	0	
4.336	24	19	49	34	1	-1503.886	-0.0006533123	13.56143	0.002575585	-0.003397305	-0.0003333302	0	0	0	
4.372	24	19	49	34	1	-1503.885	-0.0005915274	13.67724	0.002639914	-0.001864902	-0.0003913075	0	0	0	
4.408	24	19	49	34	1	-1503.884	-0.0005130351	13.79287	0.001259365	-0.002163761	-0.000425605	0	0	0	
4.424	24	19	49	34	1	-1503.884	-0.000482991	13.84421	0.0004222802	-0.002925394	-0.0004410875	0	0	0	
4.444	24	19	49	34	1	-1503.883	-0.0004630814	13.8955	0.0001075247	-0.003175119	-0.0004526022	0	0	0	
4.464	24	19	49	34	1	-1503.883	-0.0004457024	13.95957	-0.000112619	-0.003075747	-0.000469118	0	0	0	
4.48	24	19	49	34	1	-1503.882	-0.0004326811	14.02357	-0.0001447155	-0.002692327	-0.0004809501	0	0	0	
4.504	24	19	49	34	1	-1503.881	-0.0004292866	14.10029	0.0002395763	-0.002355785	-0.0004975114	0	0	0	
4.532	24	19	49	34	1	-1503.881	-0.0004280515	14.17691	0.0007370089	-0.003057812	-0.0005202445	0	0	0	
4.544	24	19	49	34	1	-1503.88	-0.0004280048	14.22793	0.000939912	-0.003514128	-0.0005323646	0	0	0	
4.564	24	19	49	34	1	-1503.88	-0.0004296182	14.27891	0.001233892	-0.00399482	-0.0005500909	0	0	0	
4.588	24	19	49	34	1	-1503.879	-0.000430725	14.35529	0.00132418	-0.002743322	-0.0005693258	0	0	0	
4.612	24	19	49	34	1	-1503.878	-0.0004212398	14.44426	0.0008603592	0.0002814159	-0.000589875	0	0	0	
4.636	24	19	49	34	1	-1503.878	-0.00040824	14.50772	7.023299e-07	0.002955571	-0.0006144892	0	0	0	
4.656	24	19	49	34	1	-1503.877	-0.0003890018	14.58376	-0.0007782297	0.00302591	-0.0006294681	0	0	0	
4.68	24	19	49	35	1	-1503.876	-0.0003805085	14.6597	-0.001206734	-0.0004348226	-0.0006384131	0	0	0	
4.704	24	19	49	35	1	-1503.876	-0.0003820401	14.72289	-0.0009743533	-0.002757264	-0.0006409762	0	0	0	
4.728	24	19	49	35	1	-1503.875	-0.0003890359	14.79861	-0.0004214547	-0.002618265	-0.0006370471	0	0	0	
4.752	24	19	49	35	1	-1503.874	-0.0003860691	14.88681	-0.0001005179	0.0003856653	-0.0006235394	0	0	0	
4.78	24	19	49	35	1	-1503.874	-0.0003801117	14.96228	0.0002129903	0.003479758	-0.0005990203	0	0	0	
4.804	24	19	49	35	1	-1503.873	-0.000373514	15.05016	0.0004974309	0.003282297	-0.0005756103	0	0	0	
4.832	24	19	49	35	1	-1503.872	-0.0003699692	15.13787	0.0008256657	0.0006506474	-0.0005548285	0	0	0	
4.864	24	19	49	35	1	-1503.871	-0.0003624245	15.23789	0.0008580971	-0.001832546	-0.0005368399	0	0	0	
4.9	24	19	49	35	1	-1503.87	-0.0003635189	15.35013	0.0009130725	-0.002334782	-0.0005191319	0	0	0	
4.932	24	19	49	35	1	-1503.869	-0.000364256	15.44962	0.0006716925	-0.0002361448	-0.0005001477	0	0	0	
4.972	24	19	49	35	1	-1503.868	-0.0003899275	15.56124	0.00110201	0.001363503	-0.0004741507	0	0	0	
4.996	24	19	49	35	1	-1503.867	-0.0004246382	15.64782	0.001528775	0.0006664159	-0.0004559362	0	0	0	
5.02	24	19	49	35	1	-1503.866	-0.0004464388	15.70954	0.001550864	-0.0007057197	-0.0004398069	0	0	0	
5.044	24	19	49	35	1	-1503.866	-0.0004619572	15.78346	0.0008536143	-0.001652023	-0.0004220683	0	0	0	
5.068	24	19	49	35	1	-1503.865	-0.0004676796	15.86949	-0.0002508796	-0.001694581	-0.0003929883	0	0	0	
5.088	24	19	49	35	1	-1503.864	-0.0004695143	15.93081	-0.00120173	-0.001035398	-0.0003695098	0	0	0	
5.116	24	19	49	35	1	-1503.863	-0.0004628324	16.00424	-0.002591313	0.001050327	-0.0003419566	0	0	0	
5.136	24	19	49	35	1	-1503.862	-0.0004565755	16.06531	-0.003131488	0.002225658	-0.0003266682	0	0	0	
5.156	24	19	49	35	1	-1503.862	-0.0004637587	16.13844	-0.002822646	0.002078116	-0.0003137547	0	0	0	
5.18	24	19	49	35	1	-1503.861	-0.0004918817	16.2114	-0.0009649721	0.0004701246	-0.0002943112	0	0	0	
5.212	24	19	49	36	1	-1503.86	-0.0005267274	16.29631	0.001135156	-0.001364142	-0.0002742998	0	0	0	
5.228	24	19	49	36	1	-1503.859	-0.0005441145	16.34473	0.002248769	-0.002323505	-0.0002686399	0	0	0	
5.252	24	19	49	36	1	-1503.858	-0.000581642	16.42926	0.003710959	-0.003626897	-0.0002657116	0	0	0	
5.28	24	19	49	36	1	-1503.858	-0.0006145028	16.50153	0.004582307	-0.00436587	-0.0002647457	0	0	0	
5.308	24	19	49	36	1	-1503.857	-0.000671495	16.59761	0.004723169	-0.004456605	-0.0002625909	0	0	0	
5.34	24	19	49	36	1	-1503.856	-0.0007282852	16.69337	0.003407209	-0.003622262	-0.0002551444	0	0	0	
5.356	24	19	49	36	1	-1503.855	-0.0007547152	16.74113	0.002225555	-0.003044151	-0.0002498631	0	0	0	
5.38	24	19	49	36	1	-1503.854	-0.0007908947	16.80071	0.0002806065	-0.002239135	-0.0002463257	0	0	0	
5.404	24	19	49	36	1	-1503.854	-0.0008495557	16.8839	-0.001421916	-0.001362023	-0.000257185	0	0	0	
5.436	24	19	49	36	1	-1503.853	-0.0009464657	16.97867	-0.002246248	-0.001874521	-0.0002804668	0	0	0	
5.472	24	19	49	36	1	-1503.851	-0.001067981	17.08488	-0.001816574	-0.00293031	-0.0002917632	0	0	0	
5.492	24	19	49	36	1	-1503.851	-0.001126636	17.1437	-0.001503591	-0.002754972	-0.0002947284	0	0	0	
5.504	24	19	49	36	1	-1503.851	-0.001158959	17.17893	-0.001308141	-0.002647391	-0.0002946711	0	0	0	
5.532	24	19	49	36	1	-1503.85	-0.001216703	17.26094	-0.001203443	-0.001349454	-0.0002912125	0	0	0	
5.548	24	19	49	36	1	-1503.849	-0.001243406	17.30768	-0.001206219	-0.000524329	-0.000287302	0	0	0	
5.588	24	19	49	36	1	-1503.848	-0.001275364	17.42414	-0.001867258	3.272592e-05	-0.0002682649	0	0	0	
5.612	24	19	49	36	1	-1503.847	-0.001289295	17.48216	-0.001900154	-0.001095858	-0.0002563067	0	0	0	
5.636	24	19	49	36	1	-1503.847	-0.001299076	17.56315	-0.001828352	-0.002566131	-0.0002448758	0	0	0	
5.656	24	19	49	36	1	-1503.846	-0.001306395	17.60931	-0.001359444	-0.003316853	-0.000236605	0	0	0	
5.692	24	19	49	36	1	-1503.845	-0.001333323	17.7128	0.0001326929	-0.003805209	-0.0002186891	0	0	0	
5.72	24	19	49	37	1	-1503.844	-0.001342643	17.8044	0.0009196868	-0.003090164	-0.0001909971	0	0	0	
5.744	24	19	49	37	1	-1503.843	-0.001360777	17.87285	0.001822381	-0.001853593	-0.000156648	0	0	0	
5.772	24	19	49	37	1	-1503.843	-0.001366989	17.94108	0.001949193	-0.0001241501	-0.0001182372	0	0	0	
5.804	24	19	49	37	1	-1503.842	-0.001356048	18.03173	0.0008536677	0.0005730408	-7.015744e-05	0	0	0	
5.824	24	19	49	37	1	-1503.841	-0.001334099	18.09946	-0.0006163433	1.428562e-05	-3.177046e-05	0	0	0	
5.852	24	19	49	37	1	-1503.84	-0.001312066	18.16698	-0.001878544	-0.001646758	1.05669e-05	0	0	0	
5.876	24	19	49	37	1	-1503.84	-0.001284493	18.24547	-0.002865442	-0.003004892	5.020354e-05	0	0	0	
5.9	24	19	49	37	1	-1503.839	-0.001254088	18.31251	-0.003510614	-0.003462315	8.491346e-05	0	0	0	
5.928	24	19	49	37	1	-1503.838	-0.001220094	18.39044	-0.003176293	-0.002042553	0.0001344826	0	0	0	
5.956	24	19	49	37	1	-1503.837	-0.001209536	18.457	-0.001579024	-0.001862739	0.0001783294	0	0	0	
5.976	24	19	49	37	1	-1503.837	-0.001197393	18.52334	-8.068575e-05	-0.002101838	0.0002142687	0	0	0	
6	24	19	49	37	1	-1503.836	-0.001174977	18.58945	0.001401363	-0.00251431	0.0002492531	0	0	0	
6.016	24	19	49	37	1	-1503.836	-0.001154663	18.63341	0.002085455	-0.002840324	0.0002640221	0	0	0	
6.032	24	19	49	37	1	-1503.835	-0.001129844	18.67725	0.002449016	-0.003216705	0.0002750774	0	0	0	
6.056	24	19	49	37	1	-1503.835	-0.001085842	18.74283	0.002392034	-0.003681654	0.0002952897	0	0	0	
6.08	24	19	49	37	1	-1503.834	-0.001038825	18.80818	0.001803044	-0.00429239	0.0003179034	0	0	0	
6.116	24	19	49	37	1	-1503.833	-0.0009796386	18.89495	0.0005334337	-0.004002597	0.0003334813	0	0	0	
6.136	24	19	49	37	1	-1503.833	-0.0009448618	18.95976	-3.282936e-06	-0.002991548	0.000327866	0	0	0	
6.164	24	19	49	37	1	-1503.832	-0.0009107018	19.02433	-0.0007402795	-0.002027333	0.0003136451	0	0	0	
6.176	24	19	49	37	1	-1503.832	-0.0008930212	19.05653	-0.0010121	-0.002141353	0.0003067319	0	0	0	
6.196	24	19	49	38	1	-1503.831	-0.0008575644	19.12074	-0.001357579	-0.002962282	0.0002952468	0	0	0	
6.216	24	19	49	38	1	-1503.831	-0.0008322416	19.17408	-0.00136697	-0.003767876	0.0002841652	0	0	0	
6.232	24	19	49	38	1	-1503.83	-0.0008148413	19.21663	-0.001136882	-0.00387414	0.0002752701	0	0	0	
6.256	24	19	49	38	1	-1503.83	-0.0007828582	19.28026	-0.0008078026	-0.003078717	0.0002649448	0	0	0	
6.28	24	19	49	38	1	-1503.829	-0.0007320165	19.34365	-0.001026733	-0.001897831	0.0002666974	0	0	0	
6.308	24	19	49	38	1	-1503.829	-0.0006610587	19.40681	-0.0017314	-0.001497462	0.000263907	0	0	0	
6.328	24	19	49	38	1	-1503.828	-0.0005726026	19.46974	-0.002503063	-0.000878068	0.0002565715	0	0	0	
6.356	24	19	49	38	1	-1503.828	-0.0004675773	19.54285	-0.003014815	2.551223e-05	0.0002464029	0	0	0	
6.376	24	19	49	38	1	-1503.827	-0.0004149497	19.58449	-0.002580064	-0.0002308549	0.0002461422	0	0	0	
6.396	24	19	49	38	1	-1503.827	-0.000335317	19.64674	-0.001826538	-0.001309374	0.0002515624	0	0	0	
6.42	24	19	49	38	1	-1503.826	-0.0002710515	19.69844	-0.0005134349	-0.003289225	0.0002610651	0	0	0	
6.456	24	19	49	38	1	-1503.826	-0.000150349	19.79108	0.001402851	-0.003214267	0.0002865859	0	0	0	
6.48	24	19	49	38	1	-1503.825	-5.765937e-05	19.86276	0.002482896	-0.001385625	0.0003104637	0	0	0	
6.504	24	19	49	38	1	-1503.824	2.806123e-05	19.92394	0.002892159	0.0003992428	0.0003350476	0	0	0	
6.528	24	19	49	38	1	-1503.824	0.0001130586	19.98488	0.002803671	0.0009176281	0.0003569483	0	0	0	
6.564	24	19	49	38	1	-1503.823	0.0002306893	20.07583	0.002067855	-0.0006110711	0.0003833282	0	0	0	
6.592	24	19	49	38	1	-1503.822	0.0003399987	20.1462	0.0002993439	-0.002180541	0.0004071741	0	0	0	
6.612	24	19	49	38	1	-1503.822	0.0004279493	20.19626	-0.001364698	-0.002632326	0.0004215402	0	0	0	
6.636	24	19	49	38	1	-1503.822	0.0005203415	20.24615	-0.003283727	-0.002044771	0.0004357514	0	0	0	
6.664	24	19	49	38	1	-1503.821	0.0006511534	20.31572	-0.004748088	-0.001996273	0.0004528304	0	0	0	
6.684	24	19	49	39	1	-1503.82	0.0007574124	20.37508	-0.004815739	-0.002510313	0.0004733117	0	0	0	
6.708	24	19	49	39	1	-1503.82	0.0008447758	20.42436	-0.004161613	-0.002907972	0.0004869613	0	0	0	
6.736	24	19	49	39	1	-1503.819	0.0009808103	20.50285	-0.002220959	-0.002643319	0.0004934131	0	0	0	
6.76	24	19	49	39	1	-1503.819	0.001090369	20.56142	-0.0003412935	-0.002980842	0.0004906033	0	0	0	
6.788	24	19	49	39	1	-1503.818	0.001231359	20.62944	0.001480889	-0.003894083	0.0004809442	0	0	0	
6.808	24	19	49	39	1	-1503.818	0.001316758	20.66816	0.002367166	-0.004312174	0.0004691519	0	0	0	
6.828	24	19	49	39	1	-1503.817	0.001446968	20.72602	0.002914741	-0.003987397	0.0004512454	0	0	0	
6.852	24	19	49	39	1	-1503.817	0.00154574	20.77405	0.003503019	-0.002344546	0.0004264297	0	0	0	
6.884	24	19	49	39	1	-1503.816	0.001708535	20.86005	0.003737968	-0.0009202718	0.0003894493	0	0	0	
6.912	24	19	49	39	1	-1503.816	0.001807329	20.92656	0.003872348	-0.001489162	0.0003555165	0	0	0	
6.936	24	19	49	39	1	-1503.815	0.001874802	20.98329	0.003814471	-0.002603875	0.0003297924	0	0	0	
6.956	24	19	49	39	1	-1503.815	0.001920133	21.03037	0.00360514	-0.003058946	0.0003113872	0	0	0	
6.976	24	19	49	39	1	-1503.815	0.001954234	21.06792	0.003025856	-0.003119556	0.0002964356	0	0	0	
7	24	19	49	39	1	-1503.814	0.002018077	21.13334	0.001707146	-0.002786597	0.0002789846	0	0	0	
7.032	24	19	49	39	1	-1503.814	0.002085687	21.2077	-0.0002788763	-0.002018539	0.0002591709	0	0	0	
7.068	24	19	49	39	1	-1503.813	0.002175664	21.29082	-0.00280213	-0.002867375	0.000230482	0	0	0	
7.1	24	19	49	39	1	-1503.813	0.002247137	21.36424	-0.003796945	-0.002922546	0.0001996742	0	0	0	
7.132	24	19	49	39	1	-1503.812	0.002302672	21.42812	-0.003210346	-0.002967365	0.0001638596	0	0	0	
7.148	24	19	49	39	1	-1503.812	0.002336507	21.47354	-0.002340285	-0.00294441	0.0001482136	0	0	0	
7.176	24	19	49	39	1	-1503.811	0.00239637	21.53683	-0.0008094893	-0.00271899	0.000123444	0	0	0	
7.2	24	19	49	40	1	-1503.811	0.002468484	21.5908	-1.182684e-05	-0.002127145	0.0001099303	0	0	0	
7.232	24	19	49	40	1	-1503.811	0.002579018	21.66238	0.0005730666	-0.0006624449	0.0001059288	0	0	0	
7.264	24	19	49	40	1	-1503.81	0.002683998	21.7335	0.001182091	0.0002994467	0.0001158529	0	0	0	
7.284	24	19	49	40	1	-1503.81	0.002746273	21.77772	0.001504052	-0.0004579148	0.0001236596	0	0	0	
7.308	24	19	49	40	1	-1503.809	0.002827443	21.83055	0.001424831	-0.002432604	0.0001320972	0	0	0	
7.332	24	19	49	40	1	-1503.809	0.002898604	21.87439	0.0009644017	-0.004376886	0.0001432049	0	0	0	
7.352	24	19	49	40	1	-1503.809	0.002965542	21.91806	0.0006161251	-0.004918613	0.000155253	0	0	0	
7.376	24	19	49	40	1	-1503.809	0.003052883	21.9789	0.0002644572	-0.004657911	0.000172849	0	0	0	
7.4	24	19	49	40	1	-1503.808	0.003134474	22.03078	-0.0003637708	-0.00447404	0.000189455	0	0	0	
7.432	24	19	49	40	1	-1503.808	0.003245866	22.09955	-0.001151442	-0.004755288	0.0002010423	0	0	0	
7.456	24	19	49	40	1	-1503.808	0.003335572	22.15084	-0.001702988	-0.004418523	0.0002012891	0	0	0	
7.48	24	19	49	40	1	-1503.807	0.003425628	22.20188	-0.001940109	-0.003136298	0.0001945215	0	0	0	
7.504	24	19	49	40	1	-1503.807	0.003508991	22.24421	-0.002183953	-0.001105373	0.0001761585	0	0	0	
7.52	24	19	49	40	1	-1503.807	0.003580816	22.27795	-0.002263935	7.397916e-06	0.0001599031	0	0	0	
7.548	24	19	49	40	1	-1503.806	0.003715323	22.34509	-0.001652007	0.0001749259	0.0001395929	0	0	0	
7.584	24	19	49	40	1	-1503.806	0.003850444	22.42009	0.0002323139	-0.001358152	0.0001199999	0	0	0	
7.62	24	19	49	40	1	-1503.806	0.003987827	22.49451	0.001978054	-0.001097611	0.0001108337	0	0	0	
7.656	24	19	49	40	1	-1503.805	0.004139564	22.56837	0.002461101	-0.001854965	0.0001026521	0	0	0	
7.68	24	19	49	40	1	-1503.805	0.004244606	22.61729	0.002095142	-0.003873205	9.102839e-05	0	0	0	
7.712	24	19	49	40	1	-1503.805	0.004383904	22.68213	0.001062373	-0.004891279	7.928061e-05	0	0	0	
7.74	24	19	49	41	1	-1503.805	0.004517229	22.7385	-0.0005146196	-0.003297133	8.096785e-05	0	0	0	
7.764	24	19	49	41	1	-1503.804	0.004631789	22.78654	-0.001779751	-0.002152649	8.507069e-05	0	0	0	
7.792	24	19	49	41	1	-1503.804	0.004746953	22.83433	-0.002828423	-0.002267551	8.778139e-05	0	0	0	
7.82	24	19	49	41	1	-1503.804	0.004891444	22.89767	-0.002869657	-0.003023021	9.13988e-05	0	0	0	
7.856	24	19	49	41	1	-1503.804	0.005047423	22.96838	-0.001682087	-0.003215795	9.532304e-05	0	0	0	
7.888	24	19	49	41	1	-1503.803	0.005191367	23.03076	-0.0001828351	-0.001116096	8.498811e-05	0	0	0	
7.904	24	19	49	41	1	-1503.803	0.00524993	23.05404	0.0003820975	9.181376e-05	7.431852e-05	0	0	0	
7.924	24	19	49	41	1	-1503.803	0.005374673	23.1004	0.0008595389	0.0007643541	5.643731e-05	0	0	0	
7.948	24	19	49	41	1	-1503.803	0.005498261	23.14652	0.001339801	0.0004068213	2.555005e-05	0	0	0	
7.984	24	19	49	41	1	-1503.803	0.005683414	23.21523	0.001597626	-0.001004116	-1.937962e-05	0	0	0	
8.02	24	19	49	41	1	-1503.802	0.005873795	23.28338	0.001054279	-0.003269796	-6.39572e-05	0	0	0	
8.06	24	19	49	41	1	-1503.802	0.006035037	23.35097	0.001045196	-0.003766456	-9.727769e-05	0	0	0	
8.092	24	19	49	41	1	-1503.802	0.00618206	23.41059	0.0004897973	-0.003458733	-0.000125037	0	0	0	
8.112	24	19	49	41	1	-1503.802	0.00630138	23.45501	-0.0001972557	-0.003290512	-0.0001500793	0	0	0	
8.124	24	19	49	41	1	-1503.802	0.006366696	23.47713	-0.0007823352	-0.003157656	-0.0001686812	0	0	0	
8.144	24	19	49	41	1	-1503.801	0.006478556	23.51385	-0.001761666	-0.003010312	-0.0002037028	0	0	0	
8.172	24	19	49	41	1	-1503.801	0.006621139	23.56498	-0.002247073	-0.002829621	-0.0002545676	0	0	0	
8.188	24	19	49	41	1	-1503.801	0.006701354	23.59404	-0.002223453	-0.002451391	-0.0002790074	0	0	0	
8.212	24	19	49	41	1	-1503.801	0.006825109	23.63743	-0.001956652	-0.001506622	-0.0003101832	0	0	0	
8.228	24	19	49	41	1	-1503.801	0.006901226	23.66621	-0.001347742	-0.0009878779	-0.0003243851	0	0	0	
8.248	24	19	49	42	1	-1503.801	0.006990809	23.70205	-0.0002402058	-0.0009283005	-0.0003358613	0	0	0	
8.276	24	19	49	42	1	-1503.801	0.007107771	23.75193	0.001622981	-0.001775598	-0.0003517787	0	0	0	
8.296	24	19	49	42	1	-1503.801	0.007189978	23.78736	0.002782818	-0.00270383	-0.0003684318	0	0	0	
8.324	24	19	49	42	1	-1503.801	0.00729451	23.83667	0.004142185	-0.002184116	-0.0003835493	0	0	0	
8.344	24	19	49	42	1	-1503.8	0.007359391	23.87169	0.004896853	-0.001064982	-0.0003912317	0	0	0	
8.368	24	19	49	42	1	-1503.8	0.007439975	23.9135	0.004740208	-0.0004854615	-0.0004019982	0	0	0	
8.392	24	19	49	42	1	-1503.8	0.007527216	23.95506	0.003550039	-0.000117135	-0.0004196954	0	0	0	
8.428	24	19	49	42	1	-1503.8	0.007647882	24.01011	0.0005131775	-0.001921464	-0.0004602034	0	0	0	
8.452	24	19	49	42	1	-1503.8	0.007742722	24.05792	-0.001386907	-0.003029144	-0.0004860744	0	0	0	
8.476	24	19	49	42	1	-1503.8	0.007818254	24.09864	-0.002854833	-0.002583937	-0.0005158241	0	0	0	
8.504	24	19	49	42	1	-1503.8	0.007909676	24.14585	-0.003989142	-0.001074286	-0.0005410905	0	0	0	
8.528	24	19	49	42	1	-1503.799	0.007976235	24.18605	-0.003760308	-0.0001355954	-0.0005549953	0	0	0	
8.552	24	19	49	42	1	-1503.799	0.008027838	24.21937	-0.002669715	0.0001219157	-0.0005627369	0	0	0	
8.572	24	19	49	42	1	-1503.799	0.008082043	24.25252	-0.001508859	-0.0005559849	-0.0005634399	0	0	0	
8.588	24	19	49	42	1	-1503.799	0.008143218	24.28551	-0.0005750711	-0.001130165	-0.0005605008	0	0	0	
8.612	24	19	49	42	1	-1503.799	0.00821203	24.32488	0.00105493	-0.001987973	-0.0005522799	0	0	0	
8.64	24	19	49	42	1	-1503.799	0.00829967	24.37052	0.00244916	-0.002012488	-0.0005509105	0	0	0	
8.668	24	19	49	42	1	-1503.799	0.008381182	24.40937	0.002971045	-0.001620606	-0.0005546046	0	0	0	
8.692	24	19	49	42	1	-1503.799	0.008478885	24.45441	0.00276268	-0.001961867	-0.0005639599	0	0	0	
8.724	24	19	49	42	1	-1503.799	0.008577963	24.50549	0.002134945	-0.001671543	-0.0005787552	0	0	0	
8.752	24	19	49	43	1	-1503.798	0.008643397	24.54352	0.001376151	-0.0002900336	-0.0005824597	0	0	0	
8.768	24	19	49	43	1	-1503.798	0.008692638	24.57504	0.0009274177	0.0003567221	-0.0005844105	0	0	0	
8.8	24	19	49	43	1	-1503.798	0.008749309	24.62514	0.0005538705	0.001281538	-0.0005958627	0	0	0	
8.824	24	19	49	43	1	-1503.798	0.008772756	24.65623	0.0006596753	3.772899e-05	-0.000608772	0	0	0	
8.84	24	19	49	43	1	-1503.798	0.008791676	24.68717	0.000833317	-0.001854203	-0.0006221017	0	0	0	
8.864	24	19	49	43	1	-1503.798	0.008816466	24.72408	0.0007930532	-0.002770723	-0.0006296658	0	0	0	
8.896	24	19	49	43	1	-1503.798	0.008844957	24.76686	0.0005666115	-0.001555167	-0.000639877	0	0	0	
8.916	24	19	49	43	1	-1503.797	0.008873255	24.80328	0.0002092396	7.788871e-05	-0.0006481897	0	0	0	
8.948	24	19	49	43	1	-1503.797	0.008921097	24.85147	-0.0007065156	0.00157398	-0.0006569131	0	0	0	
8.968	24	19	49	43	1	-1503.797	0.008949951	24.88138	-0.0011398	0.001099865	-0.0006566685	0	0	0	
9.008	24	19	49	43	1	-1503.797	0.009024044	24.94073	-0.002066353	-0.002181564	-0.0006627731	0	0	0	
9.048	24	19	49	43	1	-1503.797	0.009091477	24.99361	-0.001967763	-0.003590293	-0.000688168	0	0	0	
9.08	24	19	49	43	1	-1503.796	0.009160023	25.04599	-0.0012089	-0.001085805	-0.0007141597	0	0	0	
9.112	24	19	49	43	1	-1503.796	0.009217227	25.08638	-0.0002104977	0.0001524483	-0.00072887	0	0	0	
9.132	24	19	49	43	1	-1503.796	0.009277843	25.12075	0.0001298141	-0.001013383	-0.0007297265	0	0	0	
9.148	24	19	49	43	1	-1503.796	0.009314001	25.13786	0.0001223896	-0.002563029	-0.0007271694	0	0	0	
9.16	24	19	49	43	1	-1503.796	0.009368874	25.16058	-6.623513e-05	-0.003821183	-0.0007234741	0	0	0	
9.184	24	19	49	43	1	-1503.796	0.009465689	25.19447	-0.0008630759	-0.005801479	-0.0007165606	0	0	0	
9.208	24	19	49	43	1	-1503.796	0.009570184	25.22814	-0.00176386	-0.005737114	-0.0007170523	0	0	0	
9.236	24	19	49	43	1	-1503.796	0.009691119	25.26714	-0.002361866	-0.00293028	-0.0007285745	0	0	0	
9.252	24	19	49	44	1	-1503.795	0.009755652	25.28929	-0.002281345	-0.001582858	-0.0007322209	0	0	0	
9.284	24	19	49	44	1	-1503.795	0.009852899	25.32784	-0.0009176673	-0.001621816	-0.0007259954	0	0	0	
9.304	24	19	49	44	1	-1503.795	0.009911766	25.35519	0.0005299637	-0.002397396	-0.0007185336	0	0	0	
9.324	24	19	49	44	1	-1503.795	0.009970314	25.38781	0.002210152	-0.002762894	-0.0007102151	0	0	0	
9.348	24	19	49	44	1	-1503.795	0.01003099	25.42021	0.003732943	-0.002642998	-0.0006904222	0	0	0	
9.388	24	19	49	44	1	-1503.795	0.01011572	25.46841	0.00486994	-0.002195221	-0.0006541062	0	0	0	
9.424	24	19	49	44	1	-1503.795	0.01019677	25.51614	0.003902368	-0.002603263	-0.0006361984	0	0	0	
9.456	24	19	49	44	1	-1503.795	0.01028843	25.56337	0.001338242	-0.003841989	-0.0006239237	0	0	0	
9.492	24	19	49	44	1	-1503.795	0.01037915	25.61011	-0.00196964	-0.002026692	-0.0006153858	0	0	0	
9.52	24	19	49	44	1	-1503.795	0.01043446	25.64101	-0.003859178	-0.0003187145	-0.0006163084	0	0	0	
9.536	24	19	49	44	1	-1503.795	0.01048034	25.6666	-0.004496658	0.0001024708	-0.0006218189	0	0	0	
9.564	24	19	49	44	1	-1503.795	0.01053262	25.69711	-0.00460579	0.0006365228	-0.0006371863	0	0	0	
9.58	24	19	49	44	1	-1503.795	0.01057516	25.72237	-0.004109239	0.0008841287	-0.0006420819	0	0	0	
9.608	24	19	49	44	1	-1503.794	0.01064118	25.7575	-0.002674789	-0.0001832585	-0.0006321034	0	0	0	
9.636	24	19	49	44	1	-1503.794	0.01070144	25.78739	-0.0006842067	-0.001349879	-0.0006127016	0	0	0	
9.676	24	19	49	44	1	-1503.794	0.01078899	25.83674	0.0026817	-0.002221941	-0.0005833878	0	0	0	
9.704	24	19	49	44	1	-1503.794	0.01086721	25.87581	0.004072108	-0.002427767	-0.0005549309	0	0	0	
9.732	24	19	49	44	1	-1503.794	0.01094113	25.9097	0.004256221	-0.002673589	-0.0005274899	0	0	0	
9.756	24	19	49	44	1	-1503.794	0.01098818	25.93373	0.003767122	-0.002852745	-0.0005062688	0	0	0	
9.772	24	19	49	44	1	-1503.794	0.01103069	25.95285	0.002862879	-0.002938851	-0.0004941632	0	0	0	
9.796	24	19	49	45	1	-1503.794	0.01109086	25.9861	0.001593974	-0.002638282	-0.0004802231	0	0	0	
9.832	24	19	49	45	1	-1503.794	0.01111388	26.02844	0.0009217862	-0.0009690442	-0.0004749312	0	0	0	
9.864	24	19	49	45	1	-1503.794	0.01110966	26.06104	0.0009119554	-0.0003199985	-0.0004743808	0	0	0	
9.884	24	19	49	45	1	-1503.794	0.01108565	26.08878	0.001351919	-0.0001108982	-0.0004655446	0	0	0	
9.908	24	19	49	45	1	-1503.794	0.01104609	26.11632	0.002106293	0.0003882272	-0.0004474021	0	0	0	
9.928	24	19	49	45	1	-1503.794	0.01101436	26.13913	0.002397499	0.000206477	-0.0004326929	0	0	0	
9.952	24	19	49	45	1	-1503.794	0.01099283	26.16179	0.001896657	-0.0008324359	-0.0004153027	0	0	0	
9.964	24	19	49	45	1	-1503.794	0.0109757	26.17982	0.001531994	-0.001423768	-0.0004064075	0	0	0	
9.984	24	19	49	45	1	-1503.794	0.0109365	26.20224	0.001347003	-0.002468074	-0.0003911838	0	0	0	
10.012	24	19	49	45	1	-1503.794	0.01086116	26.23339	0.001490696	-0.003339394	-0.0003620946	0	0	0	
10.036	24	19	49	45	1	-1503.794	0.01078956	26.25988	0.001555033	-0.002889927	-0.0003382919	0	0	0	
10.056	24	19	49	45	1	-1503.794	0.01072246	26.2818	0.001642152	-0.001377808	-0.000318714	0	0	0	
10.08	24	19	49	45	1	-1503.793	0.01063713	26.30793	0.001629718	0.001329438	-0.0002937418	0	0	0	
10.096	24	19	49	45	1	-1503.793	0.0105782	26.32525	0.001520896	0.002296841	-0.0002842435	0	0	0	
10.112	24	19	49	45	1	-1503.793	0.01052134	26.34247	0.001214166	0.002086714	-0.0002800678	0	0	0	
10.136	24	19	49	45	1	-1503.793	0.01043863	26.36815	0.00048829	0.0002189589	-0.0002770018	0	0	0	
10.168	24	19	49	45	1	-1503.793	0.010317	26.40209	-0.0002149292	-0.002867135	-0.0002661243	0	0	0	
10.2	24	19	49	45	1	-1503.793	0.01018838	26.43569	-0.0006125467	-0.003818455	-0.0002559602	0	0	0	
10.224	24	19	49	45	1	-1503.793	0.01009141	26.46066	-0.0007667895	-0.003187427	-0.0002555441	0	0	0	
10.256	24	19	49	45	1	-1503.793	0.009953564	26.49366	-0.0004600591	-0.002011246	-0.0002692781	0	0	0	
10.284	24	19	49	46	1	-1503.793	0.009826161	26.52226	0.0001713505	-0.001900762	-0.0002943693	0	0	0	
10.304	24	19	49	46	1	-1503.793	0.009731844	26.54253	0.0007200358	-0.002104904	-0.0003172004	0	0	0	
10.332	24	19	49	46	1	-1503.793	0.009621396	26.56669	0.001220956	-0.002387563	-0.0003619726	0	0	0	
10.352	24	19	49	46	1	-1503.793	0.009505127	26.59067	0.001579655	-0.002388203	-0.0003968341	0	0	0	
10.38	24	19	49	46	1	-1503.793	0.009381032	26.6184	0.001303788	-0.001369761	-0.0004302309	0	0	0	
10.4	24	19	49	46	1	-1503.793	0.009306796	26.63806	0.0003980446	-0.000629221	-0.0004464315	0	0	0	
10.424	24	19	49	46	1	-1503.793	0.009228812	26.66149	-0.001123542	-0.0002647577	-0.0004676406	0	0	0	
10.444	24	19	49	46	1	-1503.793	0.009163183	26.68087	-0.00222295	-8.391582e-05	-0.000480489	0	0	0	
10.48	24	19	49	46	1	-1503.793	0.009061444	26.71163	-0.003500472	-0.0001756276	-0.0004936207	0	0	0	
10.504	24	19	49	46	1	-1503.793	0.008978557	26.73448	-0.003333226	-0.00149779	-0.000489038	0	0	0	
10.532	24	19	49	46	1	-1503.793	0.008874249	26.76466	-0.002587364	-0.002688392	-0.0004828367	0	0	0	
10.556	24	19	49	46	1	-1503.792	0.008790016	26.78709	-0.001189639	-0.00174478	-0.0004912038	0	0	0	
10.584	24	19	49	46	1	-1503.792	0.008689615	26.81303	0.0007663935	-0.0005585034	-0.0005115204	0	0	0	
10.6	24	19	49	46	1	-1503.792	0.008646302	26.82775	0.001341227	-0.001356237	-0.0005241927	0	0	0	
10.632	24	19	49	46	1	-1503.792	0.008582068	26.85333	0.001621525	-0.003837569	-0.0005610606	0	0	0	
10.652	24	19	49	46	1	-1503.792	0.008533575	26.87506	0.001365445	-0.004195927	-0.000581692	0	0	0	
10.684	24	19	49	46	1	-1503.792	0.008491181	26.9002	-3.019285e-05	-0.0007676564	-0.0006046197	0	0	0	
10.696	24	19	49	46	1	-1503.792	0.008476049	26.91446	-0.0008016755	0.001132336	-0.0006124495	0	0	0	
10.72	24	19	49	46	1	-1503.792	0.008452735	26.93219	-0.001991341	0.003149975	-0.0006258298	0	0	0	
10.744	24	19	49	46	1	-1503.792	0.008416359	26.9568	-0.002718291	0.002231967	-0.0006288801	0	0	0	
10.768	24	19	49	47	1	-1503.792	0.008391408	26.97424	-0.002950147	-0.001005772	-0.0006237294	0	0	0	
10.784	24	19	49	47	1	-1503.792	0.00836478	26.98811	-0.002536384	-0.003471404	-0.0006178418	0	0	0	
10.812	24	19	49	47	1	-1503.792	0.00830152	27.01562	-0.001128365	-0.004622563	-0.0006131737	0	0	0	
10.832	24	19	49	47	1	-1503.792	0.00825829	27.03266	0.0001909039	-0.002704342	-0.0006061854	0	0	0	
10.864	24	19	49	47	1	-1503.792	0.008165008	27.05969	0.002976659	0.0007285153	-0.0005806915	0	0	0	
10.88	24	19	49	47	1	-1503.792	0.008117703	27.0731	0.004075713	0.0008985787	-0.0005724427	0	0	0	
10.904	24	19	49	47	1	-1503.792	0.008058305	27.08975	0.005061237	-0.0006994446	-0.0005709544	0	0	0	
10.932	24	19	49	47	1	-1503.792	0.00797563	27.11616	0.004598589	-0.00272036	-0.0005617304	0	0	0	
10.956	24	19	49	47	1	-1503.792	0.007922852	27.13578	0.002973611	-0.003032562	-0.0005406221	0	0	0	
10.976	24	19	49	47	1	-1503.792	0.007878505	27.152	0.001182696	-0.001469209	-0.0005175927	0	0	0	
10.996	24	19	49	47	1	-1503.791	0.007829646	27.16811	-0.0006145966	0.0007682631	-0.0004967061	0	0	0	
11.016	24	19	49	47	1	-1503.791	0.007782534	27.1841	-0.002396552	0.002357516	-0.0004771889	0	0	0	
11.036	24	19	49	47	1	-1503.791	0.00773768	27.19998	-0.003947664	0.002597453	-0.0004583438	0	0	0	
11.072	24	19	49	47	1	-1503.791	0.007648179	27.22828	-0.005066006	-0.0005733328	-0.0004107012	0	0	0	
11.1	24	19	49	47	1	-1503.791	0.0075798	27.24695	-0.004105116	-0.003489366	-0.0003759479	0	0	0	
11.124	24	19	49	47	1	-1503.791	0.007498132	27.26853	-0.002439735	-0.004743242	-0.0003507865	0	0	0	
11.144	24	19	49	47	1	-1503.791	0.00746186	27.28077	-0.001171158	-0.003832766	-0.0003272848	0	0	0	
11.16	24	19	49	47	1	-1503.791	0.007430698	27.29597	-0.000424579	-0.002477705	-0.0003073302	0	0	0	
11.176	24	19	49	47	2	-1503.791	0.007411686	27.30806	0.000189864	-0.000936116	-0.0002880545	0	0	0	
11.216	24	19	49	47	2	-1503.791	0.007390183	27.335	0.0006607657	0.001457174	-0.0002553036	0	0	0	
11.236	24	19	49	48	2	-1503.791	0.007406587	27.34984	-0.0007972294	0.002189658	0.0002855144	0	0	0	
11.256	24	19	49	48	2	-1503.79	0.007600053	27.36504	-0.009377679	0.01672378	0.002575245	0	0	0	
11.276	24	19	49	48	2	-1503.789	0.008207603	27.38412	-0.02616973	0.04708655	0.006404124	0	0	0	
11.296	24	19	49	48	2	-1503.788	0.009055008	27.40076	-0.04910364	0.08270419	0.01123877	0	0	0	
11.328	24	19	49	48	2	-1503.785	0.01079631	27.42518	-0.09058287	0.1199336	0.02195666	0	0	0	
11.348	24	19	49	48	2	-1503.783	0.01282289	27.44717	-0.1137381	0.1214886	0.03211529	0	0	0	
11.372	24	19	49	48	2	-1503.781	0.01533698	27.47013	-0.1324015	0.1065023	0.04834508	0	0	0	
11.404	24	19	49	48	2	-1503.778	0.01892081	27.4982	-0.1364495	0.08201404	0.0737359	0	0	0	
11.432	24	19	49	48	2	-1503.774	0.02329065	27.52767	-0.1211004	0.0761732	0.09589309	0	0	0	
11.452	24	19	49	48	2	-1503.769	0.02773032	27.55405	-0.1027285	0.08216958	0.1114374	0	0	0	
11.476	24	19	49	48	2	-1503.764	0.03283826	27.58144	-0.07750045	0.09467102	0.1306715	0	0	0	
11.508	24	19	49	48	2	-1503.756	0.04066218	27.61954	-0.04421813	0.1082232	0.1619069	0	0	0	
11.536	24	19	49	48	2	-1503.748	0.04839005	27.65437	-0.03065732	0.1084394	0.1840488	0	0	0	
11.56	24	19	49	48	2	-1503.741	0.05562169	27.6853	-0.02597699	0.1033527	0.2105532	0	0	0	
11.584	24	19	49	48	2	-1503.734	0.06339665	27.71722	-0.02950175	0.1004488	0.2296997	0	0	0	
11.612	24	19	49	48	2	-1503.724	0.07315319	27.75568	-0.04159151	0.1014625	0.2565715	0	0	0	
11.636	24	19	49	48	2	-1503.715	0.08210367	27.78966	-0.05536923	0.1067567	0.279519	0	0	0	
11.676	24	19	49	48	2	-1503.698	0.09819159	27.84832	-0.07533016	0.1160711	0.3176963	0	0	0	
11.708	24	19	49	48	2	-1503.684	0.1121124	27.89705	-0.08145558	0.1178034	0.3485273	0	0	0	
11.74	24	19	49	48	2	-1503.669	0.1270066	27.94737	-0.07573962	0.115191	0.3794419	0	0	0	
11.78	24	19	49	49	2	-1503.649	0.1471044	28.01257	-0.05566247	0.1127893	0.4174193	0	0	0	
11.82	24	19	49	49	2	-1503.627	0.168917	28.08032	-0.02966914	0.1155512	0.457995	0	0	0	
11.844	24	19	49	49	2	-1503.613	0.1828078	28.12221	-0.0204652	0.1176476	0.4760881	0	0	0	
11.864	24	19	49	49	2	-1503.6	0.1948238	28.1578	-0.01427526	0.1194124	0.4939614	0	0	0	
11.888	24	19	49	49	2	-1503.588	0.2072274	28.19401	-0.01134555	0.1206827	0.5150842	0	0	0	
11.908	24	19	49	49	2	-1503.575	0.2200109	28.23084	-0.01245063	0.1210995	0.5323893	0	0	0	
11.928	24	19	49	49	2	-1503.559	0.2358475	28.27583	-0.0160706	0.121237	0.549408	0	0	0	
11.948	24	19	49	49	2	-1503.545	0.2494571	28.31398	-0.02229821	0.1214722	0.5694471	0	0	0	
11.972	24	19	49	49	2	-1503.528	0.266283	28.36055	-0.02768855	0.1218904	0.585824	0	0	0	
12	24	19	49	49	2	-1503.511	0.2836509	28.40796	-0.03337706	0.1228298	0.60826	0	0	0	
12.016	24	19	49	49	2	-1503.495	0.2985417	28.44811	-0.03491603	0.1234414	0.6208275	0	0	0	
12.04	24	19	49	49	2	-1503.48	0.3138157	28.48884	-0.03430185	0.1242538	0.6393364	0	0	0	
12.072	24	19	49	49	2	-1503.451	0.342284	28.56358	-0.0281425	0.1247788	0.6633869	0	0	0	
12.104	24	19	49	49	2	-1503.427	0.365305	28.62297	-0.01766928	0.1247609	0.6867218	0	0	0	
12.136	24	19	49	49	2	-1503.4	0.3925721	28.69217	-0.006145428	0.1248453	0.7093323	0	0	0	
12.164	24	19	49	49	2	-1503.371	0.4208582	28.76276	0.002238532	0.1252092	0.7285307	0	0	0	
12.192	24	19	49	49	2	-1503.345	0.4464314	28.82566	0.007454471	0.1257495	0.7471841	0	0	0	
12.232	24	19	49	49	2	-1503.307	0.48427	28.91729	0.00854959	0.1264562	0.7728819	0	0	0	
12.272	24	19	49	49	2	-1503.267	0.5236161	29.01097	0.004274362	0.1266937	0.7975023	0	0	0	
12.3	24	19	49	49	2	-1503.238	0.5520507	29.07774	0.0005985946	0.1267207	0.8141185	0	0	0	
12.324	24	19	49	50	2	-1503.213	0.5770107	29.13573	-0.001563464	0.1267686	0.827964	0	0	0	
12.356	24	19	49	50	2	-1503.178	0.6111399	29.21415	-0.001787445	0.1268867	0.8458663	0	0	0	
12.376	24	19	49	50	2	-1503.156	0.6329672	29.26377	-0.0001190721	0.1270197	0.8567375	0	0	0	
12.396	24	19	49	50	2	-1503.138	0.6507052	29.3038	0.002832756	0.1271717	0.8673679	0	0	0	
12.412	24	19	49	50	2	-1503.115	0.6732231	29.35425	0.005920392	0.1272746	0.8756987	0	0	0	
12.432	24	19	49	50	2	-1503.096	0.6915138	29.39494	0.01033258	0.1273475	0.8858958	0	0	0	
12.448	24	19	49	50	2	-1503.073	0.7147226	29.4462	0.0148956	0.1273549	0.8958567	0	0	0	
12.476	24	19	49	50	2	-1503.044	0.7430801	29.5083	0.01988115	0.1273192	0.9075002	0	0	0	
12.508	24	19	49	50	2	-1503	0.7866513	29.60261	0.02457083	0.1273079	0.9225172	0	0	0	
12.544	24	19	49	50	2	-1502.954	0.8314555	29.69828	0.0263543	0.1273532	0.938753	0	0	0	
12.584	24	19	49	50	2	-1502.902	0.8826681	29.80612	0.02467732	0.1273238	0.9560121	0	0	0	
12.62	24	19	49	50	2	-1502.854	0.9300378	29.90455	0.02194989	0.1271838	0.9708767	0	0	0	
12.648	24	19	49	50	2	-1502.816	0.9677183	29.98196	0.02050962	0.127093	0.9820199	0	0	0	
12.676	24	19	49	50	2	-1502.783	1.000601	30.0489	0.02049608	0.1270824	0.9928013	0	0	0	
12.684	24	19	49	50	2	-1502.766	1.017246	30.08257	0.02080756	0.1270975	0.9958162	0	0	0	
12.724	24	19	49	50	2	-1502.708	1.073705	30.19574	0.02437728	0.1272119	1.010471	0	0	0	
12.748	24	19	49	50	2	-1502.679	1.102499	30.25285	0.0276975	0.1272015	1.018943	0	0	0	
12.772	24	19	49	50	2	-1502.638	1.14344	30.33337	0.03130623	0.1270638	1.027174	0	0	0	
12.796	24	19	49	50	2	-1502.601	1.179119	30.40292	0.03466994	0.1268959	1.035168	0	0	0	
12.824	24	19	49	50	2	-1502.565	1.215339	30.47293	0.03767074	0.1267846	1.044207	0	0	0	
12.848	24	19	49	51	2	-1502.527	1.2521	30.54339	0.03913773	0.1267913	1.051712	0	0	0	
12.868	24	19	49	51	2	-1502.49	1.289398	30.61431	0.03953519	0.1268275	1.057801	0	0	0	
12.892	24	19	49	51	2	-1502.451	1.327231	30.68566	0.03915311	0.1268385	1.064911	0	0	0	
12.916	24	19	49	51	2	-1502.419	1.359166	30.74544	0.03814601	0.1267645	1.071808	0	0	0	
12.94	24	19	49	51	2	-1502.38	1.397973	30.81756	0.0369559	0.1266055	1.078504	0	0	0	
12.964	24	19	49	51	2	-1502.333	1.443921	30.90222	0.03603373	0.126424	1.085009	0	0	0	
12.992	24	19	49	51	2	-1502.292	1.483883	30.97521	0.03574818	0.1263298	1.09237	0	0	0	
13.016	24	19	49	51	2	-1502.251	1.524378	31.04859	0.03639334	0.1263465	1.098488	0	0	0	
13.044	24	19	49	51	2	-1502.196	1.579202	31.14701	0.03818744	0.1264107	1.10541	0	0	0	
13.068	24	19	49	51	2	-1502.16	1.613947	31.20885	0.04038942	0.1264512	1.111164	0	0	0	
13.088	24	19	49	51	2	-1502.125	1.649062	31.27093	0.04244808	0.1264391	1.115833	0	0	0	
13.108	24	19	49	51	2	-1502.082	1.691686	31.34575	0.04447753	0.126378	1.120389	0	0	0	
13.132	24	19	49	51	2	-1502.038	1.734842	31.4209	0.04657367	0.1262483	1.12571	0	0	0	
13.156	24	19	49	51	2	-1502.001	1.771212	31.48378	0.04805678	0.1261183	1.130878	0	0	0	
13.176	24	19	49	51	2	-1501.956	1.815341	31.55952	0.04872744	0.1260297	1.13507	0	0	0	
13.2	24	19	49	51	2	-1501.919	1.852519	31.62287	0.04886602	0.1259166	1.139965	0	0	0	
13.22	24	19	49	51	2	-1501.873	1.897617	31.69918	0.04852261	0.1258461	1.143934	0	0	0	
13.244	24	19	49	51	2	-1501.827	1.943243	31.77577	0.04777764	0.1258024	1.148574	0	0	0	
13.268	24	19	49	51	2	-1501.78	1.989395	31.85265	0.04695796	0.1258238	1.153084	0	0	0	
13.288	24	19	49	51	2	-1501.741	2.028257	31.91692	0.04643649	0.1258547	1.156748	0	0	0	
13.3	24	19	49	52	2	-1501.717	2.051749	31.95558	0.0462333	0.125854	1.159616	0	0	0	
13.332	24	19	49	52	2	-1501.653	2.115034	32.05898	0.04647657	0.1257742	1.164503	0	0	0	
13.368	24	19	49	52	2	-1501.579	2.187342	32.17584	0.04795233	0.1255933	1.170548	0	0	0	
13.408	24	19	49	52	2	-1501.497	2.269071	32.30632	0.05063415	0.1254965	1.176986	0	0	0	
13.448	24	19	49	52	2	-1501.412	2.35226	32.43742	0.05334229	0.125592	1.183147	0	0	0	
13.48	24	19	49	52	2	-1501.352	2.411356	32.52955	0.05482268	0.1256267	1.187871	0	0	0	
13.504	24	19	49	52	2	-1501.292	2.471161	32.62195	0.0553329	0.125549	1.191289	0	0	0	
13.54	24	19	49	52	2	-1501.213	2.549094	32.74114	0.05518518	0.1253371	1.196226	0	0	0	
13.568	24	19	49	52	2	-1501.16	2.601699	32.82083	0.05460899	0.1251884	1.199921	0	0	0	
13.584	24	19	49	52	2	-1501.115	2.645933	32.88737	0.05424299	0.1251289	1.201978	0	0	0	
13.616	24	19	49	52	2	-1501.043	2.717458	32.99409	0.05372422	0.1250958	1.20598	0	0	0	
13.644	24	19	49	52	2	-1500.978	2.780797	33.0877	0.05373739	0.1251522	1.209368	0	0	0	
13.672	24	19	49	52	2	-1500.914	2.844839	33.18151	0.05430158	0.1252039	1.212647	0	0	0	
13.692	24	19	49	52	2	-1500.867	2.891013	33.24864	0.05500843	0.1252071	1.214924	0	0	0	
13.716	24	19	49	52	2	-1500.82	2.937545	33.31587	0.056083	0.1251544	1.217583	0	0	0	
13.736	24	19	49	52	2	-1500.772	2.984434	33.38319	0.05704895	0.1250837	1.219741	0	0	0	
13.772	24	19	49	52	2	-1500.676	3.079288	33.51808	0.05864379	0.1250022	1.223498	0	0	0	
13.796	24	19	49	52	2	-1500.618	3.136888	33.59916	0.05940715	0.1250202	1.225917	0	0	0	
13.828	24	19	49	52	2	-1500.54	3.214488	33.70744	0.05988006	0.1250723	1.229035	0	0	0	
13.852	24	19	49	52	2	-1500.48	3.273287	33.78877	0.0598576	0.1251001	1.231294	0	0	0	
13.876	24	19	49	53	2	-1500.42	3.332597	33.87019	0.05960013	0.125097	1.233488	0	0	0	
13.896	24	19	49	53	2	-1500.37	3.382413	33.93811	0.05924306	0.1250591	1.235617	0	0	0	
13.928	24	19	49	53	2	-1500.299	3.45275	34.03329	0.05890476	0.1249598	1.238025	0	0	0	
13.952	24	19	49	53	2	-1500.237	3.513592	34.11495	0.05881691	0.1248917	1.240032	0	0	0	
13.976	24	19	49	53	2	-1500.165	3.58522	34.2103	0.05899087	0.1249107	1.241988	0	0	0	
13.996	24	19	49	53	2	-1500.112	3.636808	34.27847	0.05934541	0.1249442	1.243582	0	0	0	
14.016	24	19	49	53	2	-1500.06	3.688749	34.34667	0.05986075	0.1249678	1.245138	0	0	0	
14.036	24	19	49	53	2	-1500.007	3.741043	34.41491	0.06048538	0.1249838	1.246657	0	0	0	
14.056	24	19	49	53	2	-1499.964	3.783132	34.46952	0.06115475	0.124986	1.248142	0	0	0	
14.072	24	19	49	53	2	-1499.911	3.836061	34.53782	0.06180957	0.1249728	1.249592	0	0	0	
14.104	24	19	49	53	2	-1499.835	3.910752	34.63347	0.06257193	0.1249363	1.251561	0	0	0	
14.132	24	19	49	53	2	-1499.748	3.99696	34.74285	0.06305402	0.1249409	1.253465	0	0	0	
14.168	24	19	49	53	2	-1499.649	4.095019	34.86595	0.0632041	0.1249808	1.255828	0	0	0	
14.196	24	19	49	53	2	-1499.571	4.172072	34.96172	0.06304934	0.1249487	1.257598	0	0	0	
14.224	24	19	49	53	2	-1499.493	4.249809	35.05751	0.062784	0.1248458	1.259308	0	0	0	
14.252	24	19	49	53	2	-1499.425	4.316986	35.13962	0.06254281	0.1247683	1.260963	0	0	0	
14.288	24	19	49	53	2	-1499.311	4.430072	35.27648	0.06250246	0.1249169	1.263025	0	0	0	
14.328	24	19	49	53	2	-1499.195	4.544553	35.41332	0.06293579	0.1251175	1.265224	0	0	0	
14.352	24	19	49	53	2	-1499.125	4.613907	35.4954	0.06338894	0.1251037	1.266491	0	0	0	
14.376	24	19	49	53	2	-1499.066	4.672084	35.56379	0.06392114	0.1250087	1.267718	0	0	0	
14.4	24	19	49	54	2	-1498.995	4.742356	35.64584	0.06445483	0.1249101	1.268912	0	0	0	
14.428	24	19	49	54	2	-1498.912	4.824972	35.74152	0.06498645	0.1248662	1.270262	0	0	0	
14.456	24	19	49	54	2	-1498.815	4.920225	35.85081	0.06534495	0.1249099	1.271571	0	0	0	
14.492	24	19	49	54	2	-1498.718	5.016364	35.96003	0.06550792	0.1250237	1.273199	0	0	0	
14.524	24	19	49	54	2	-1498.62	5.113387	36.06916	0.06543312	0.1250407	1.274595	0	0	0	
14.548	24	19	49	54	2	-1498.546	5.186731	36.15095	0.06531848	0.124998	1.275609	0	0	0	
14.568	24	19	49	54	2	-1498.484	5.248231	36.21907	0.06522413	0.1249736	1.276438	0	0	0	
14.588	24	19	49	54	2	-1498.422	5.310075	36.28715	0.06516053	0.1249891	1.277255	0	0	0	
14.608	24	19	49	54	2	-1498.359	5.372265	36.35518	0.0651581	0.1250464	1.27806	0	0	0	
14.632	24	19	49	54	2	-1498.271	5.459907	36.45035	0.0652616	0.1251117	1.279004	0	0	0	
14.664	24	19	49	54	2	-1498.181	5.548221	36.54542	0.06557774	0.1251484	1.280221	0	0	0	
14.68	24	19	49	54	2	-1498.117	5.611714	36.61326	0.06578314	0.125138	1.280814	0	0	0	
14.708	24	19	49	54	2	-1498.04	5.688356	36.69461	0.06617074	0.1250742	1.281825	0	0	0	
14.728	24	19	49	54	2	-1497.962	5.765491	36.77586	0.06649812	0.1250356	1.28266	0	0	0	
14.76	24	19	49	54	2	-1497.858	5.869105	36.88408	0.06684389	0.1250618	1.283598	0	0	0	
14.78	24	19	49	54	2	-1497.792	5.934308	36.95162	0.06702475	0.1251034	1.28425	0	0	0	
14.8	24	19	49	54	2	-1497.726	5.999852	37.01911	0.06714116	0.125147	1.284888	0	0	0	
14.82	24	19	49	54	2	-1497.659	6.065736	37.08652	0.06719137	0.1251853	1.285514	0	0	0	
14.844	24	19	49	54	2	-1497.579	6.145245	37.16733	0.06718113	0.1252073	1.286248	0	0	0	
14.872	24	19	49	54	2	-1497.485	6.238624	37.26147	0.067121	0.1251978	1.287083	0	0	0	
14.892	24	19	49	55	2	-1497.417	6.30573	37.32862	0.06707637	0.125197	1.287668	0	0	0	
14.916	24	19	49	55	2	-1497.336	6.386706	37.4091	0.06704383	0.1252277	1.288361	0	0	0	
14.956	24	19	49	55	2	-1497.198	6.522751	37.54297	0.06708138	0.1252868	1.289494	0	0	0	
15	24	19	49	55	2	-1497.06	6.660145	37.67652	0.06731051	0.1252075	1.290688	0	0	0	
15.04	24	19	49	55	2	-1496.92	6.798887	37.80973	0.0676679	0.1250447	1.291727	0	0	0	
15.06	24	19	49	55	2	-1496.835	6.882779	37.88948	0.06787372	0.1250223	1.292235	0	0	0	
15.088	24	19	49	55	2	-1496.75	6.967158	37.9691	0.06814531	0.1251047	1.292938	0	0	0	
15.128	24	19	49	55	2	-1496.593	7.123111	38.11472	0.06842101	0.1253676	1.293915	0	0	0	
15.172	24	19	49	55	2	-1496.449	7.266291	38.24669	0.06848207	0.1254054	1.294926	0	0	0	
15.196	24	19	49	55	2	-1496.347	7.36731	38.33883	0.0684379	0.1252754	1.295446	0	0	0	
15.228	24	19	49	55	2	-1496.23	7.48356	38.44389	0.06836331	0.125048	1.296122	0	0	0	
15.268	24	19	49	55	2	-1496.097	7.615365	38.56176	0.06833223	0.1250113	1.29696	0	0	0	
15.288	24	19	49	55	2	-1496.008	7.703838	38.64015	0.0683696	0.1251262	1.29738	0	0	0	
15.308	24	19	49	55	2	-1495.933	7.777931	38.70535	0.06844596	0.1252435	1.297794	0	0	0	
15.336	24	19	49	55	2	-1495.828	7.882217	38.79645	0.06861464	0.1253481	1.298361	0	0	0	
15.376	24	19	49	55	2	-1495.677	8.032321	38.92619	0.068927	0.1253575	1.299138	0	0	0	
15.4	24	19	49	55	2	-1495.586	8.123018	39.00382	0.06910045	0.1252841	1.299586	0	0	0	
15.432	24	19	49	55	2	-1495.479	8.229433	39.09416	0.06926777	0.1251839	1.300172	0	0	0	
15.46	24	19	49	55	2	-1495.355	8.351845	39.19713	0.06933833	0.125172	1.300686	0	0	0	
15.48	24	19	49	55	2	-1495.278	8.428781	39.26132	0.06934763	0.1251838	1.301051	0	0	0	
15.504	24	19	49	56	2	-1495.2	8.506046	39.3254	0.06933227	0.1252226	1.301485	0	0	0	
15.52	24	19	49	56	2	-1495.122	8.583642	39.38934	0.06931141	0.1252756	1.301774	0	0	0	
15.528	24	19	49	56	2	-1495.106	8.5992	39.40212	0.0692998	0.1253087	1.301918	0	0	0	
15.552	24	19	49	56	2	-1495.012	8.692827	39.47865	0.0692813	0.1253917	1.302342	0	0	0	
15.572	24	19	49	56	2	-1494.917	8.786925	39.555	0.06928882	0.1253812	1.302681	0	0	0	
15.6	24	19	49	56	2	-1494.806	8.897299	39.64384	0.06932659	0.1252679	1.303133	0	0	0	
15.632	24	19	49	56	2	-1494.694	9.008315	39.73242	0.06941495	0.1251516	1.303642	0	0	0	
15.652	24	19	49	56	2	-1494.598	9.103983	39.80813	0.06949951	0.1251515	1.303966	0	0	0	
15.672	24	19	49	56	2	-1494.518	9.184067	39.87108	0.06960118	0.1252313	1.30429	0	0	0	
15.692	24	19	49	56	2	-1494.437	9.264478	39.93389	0.06970791	0.1253361	1.304611	0	0	0	
15.716	24	19	49	56	2	-1494.339	9.361402	40.00908	0.06981829	0.1254389	1.304986	0	0	0	
15.744	24	19	49	56	2	-1494.241	9.458792	40.08408	0.0699082	0.1254493	1.305403	0	0	0	
15.764	24	19	49	56	2	-1494.143	9.556648	40.15887	0.06995289	0.1253469	1.305687	0	0	0	
15.792	24	19	49	56	2	-1494.044	9.654971	40.23346	0.0699912	0.1251621	1.306073	0	0	0	
15.816	24	19	49	56	2	-1493.928	9.770273	40.32023	0.06999525	0.1250974	1.306402	0	0	0	
15.844	24	19	49	56	2	-1493.811	9.886214	40.40671	0.0699739	0.1251746	1.306789	0	0	0	
15.864	24	19	49	56	2	-1493.727	9.969418	40.46831	0.069957	0.1252898	1.307062	0	0	0	
15.888	24	19	49	56	2	-1493.627	10.06969	40.54204	0.06997064	0.1253944	1.307385	0	0	0	
15.92	24	19	49	56	2	-1493.508	10.18725	40.62779	0.07004905	0.1253619	1.307801	0	0	0	
15.944	24	19	49	56	2	-1493.407	10.28853	40.70106	0.07012558	0.125261	1.308101	0	0	0	
15.968	24	19	49	57	2	-1493.304	10.39026	40.77411	0.07020518	0.1251595	1.308395	0	0	0	
15.988	24	19	49	57	2	-1493.219	10.4754	40.83482	0.0702602	0.1251193	1.30864	0	0	0	
16.012	24	19	49	57	2	-1493.098	10.59513	40.91956	0.07031151	0.125133	1.308938	0	0	0	
16.02	24	19	49	57	2	-1493.064	10.62945	40.94372	0.07032377	0.1251517	1.309037	0	0	0	
16.048	24	19	49	57	2	-1492.96	10.73273	41.01605	0.07036102	0.1252511	1.309382	0	0	0	
16.072	24	19	49	57	2	-1492.838	10.85381	41.10014	0.07039689	0.1253278	1.309671	0	0	0	
16.088	24	19	49	57	2	-1492.768	10.92328	41.14806	0.07041622	0.1253539	1.309861	0	0	0	
16.108	24	19	49	57	2	-1492.681	11.0104	41.20782	0.07043109	0.1253564	1.310097	0	0	0	
16.132	24	19	49	57	2	-1492.575	11.11536	41.27933	0.07043557	0.1253204	1.310376	0	0	0	
16.172	24	19	49	57	2	-1492.398	11.29133	41.398	0.07042475	0.1251935	1.310833	0	0	0	
16.196	24	19	49	57	2	-1492.292	11.39752	41.46889	0.07041661	0.1251246	1.311106	0	0	0	
16.228	24	19	49	57	2	-1492.167	11.52199	41.55132	0.07042798	0.1251256	1.311474	0	0	0	
16.252	24	19	49	57	2	-1492.041	11.64708	41.63343	0.07045386	0.1251696	1.31175	0	0	0	
16.28	24	19	49	57	2	-1491.915	11.77279	41.71522	0.07050637	0.1251924	1.312067	0	0	0	
16.296	24	19	49	57	2	-1491.842	11.84491	41.76182	0.07054642	0.1251687	1.312245	0	0	0	
16.324	24	19	49	57	2	-1491.715	11.97159	41.8431	0.07062971	0.125092	1.312552	0	0	0	
16.364	24	19	49	57	2	-1491.532	12.15365	41.95867	0.07073236	0.1250249	1.312993	0	0	0	
16.4	24	19	49	57	2	-1491.366	12.31857	42.06212	0.07076974	0.1250079	1.313392	0	0	0	
16.428	24	19	49	57	2	-1491.237	12.44755	42.14221	0.0707797	0.1250055	1.313701	0	0	0	
16.464	24	19	49	57	2	-1491.069	12.61429	42.24471	0.07079548	0.1249316	1.314083	0	0	0	
16.492	24	19	49	58	2	-1490.957	12.72601	42.31273	0.07079608	0.1248829	1.31438	0	0	0	
16.516	24	19	49	58	2	-1490.826	12.85692	42.39179	0.07078885	0.1249008	1.314641	0	0	0	
16.556	24	19	49	58	2	-1490.637	13.045	42.50416	0.07079415	0.1249247	1.315072	0	0	0	
16.596	24	19	49	58	2	-1490.447	13.23433	42.61585	0.07084272	0.1248755	1.315486	0	0	0	
16.632	24	19	49	58	2	-1490.275	13.40579	42.71579	0.07091052	0.1248114	1.315857	0	0	0	
16.66	24	19	49	58	2	-1490.14	13.53984	42.79313	0.07096201	0.1247893	1.316151	0	0	0	
16.688	24	19	49	58	2	-1490.005	13.6745	42.87013	0.07100529	0.1248136	1.316455	0	0	0	
16.716	24	19	49	58	2	-1489.869	13.80977	42.94679	0.07104014	0.1248887	1.316766	0	0	0	
16.756	24	19	49	58	2	-1489.674	14.00407	43.05572	0.07106811	0.1249126	1.317203	0	0	0	
16.788	24	19	49	58	2	-1489.537	14.1408	43.13154	0.07107061	0.1246784	1.317531	0	0	0	
16.808	24	19	49	58	2	-1489.439	14.23884	43.1855	0.07108795	0.1245286	1.317734	0	0	0	
16.828	24	19	49	58	2	-1489.34	14.33719	43.23928	0.07111461	0.1244677	1.317942	0	0	0	
16.848	24	19	49	58	2	-1489.221	14.45562	43.30357	0.07115031	0.1244932	1.318154	0	0	0	
16.868	24	19	49	58	2	-1489.122	14.55464	43.35696	0.0711944	0.1245865	1.318371	0	0	0	
16.892	24	19	49	58	2	-1489.002	14.67388	43.42079	0.0712538	0.1247101	1.318676	0	0	0	
16.924	24	19	49	58	2	-1488.842	14.83355	43.5055	0.07129057	0.1246745	1.318969	0	0	0	
16.944	24	19	49	58	2	-1488.741	14.93374	43.55821	0.07129129	0.1245686	1.319173	0	0	0	
16.968	24	19	49	58	2	-1488.641	15.03423	43.61074	0.07126925	0.124447	1.319419	0	0	0	
16.988	24	19	49	58	2	-1488.519	15.15523	43.67354	0.07124902	0.1244091	1.319626	0	0	0	
17.008	24	19	49	58	2	-1488.418	15.25639	43.72567	0.07123879	0.1244132	1.319833	0	0	0	
17.028	24	19	49	59	2	-1488.336	15.33755	43.76725	0.07123998	0.1244402	1.320041	0	0	0	
17.048	24	19	49	59	2	-1488.214	15.45964	43.82941	0.07125078	0.1244843	1.320252	0	0	0	
17.08	24	19	49	59	2	-1488.05	15.62312	43.91188	0.07127308	0.1245378	1.320588	0	0	0	
17.112	24	19	49	59	2	-1487.885	15.78737	43.99388	0.07129557	0.1244799	1.320915	0	0	0	
17.136	24	19	49	59	2	-1487.782	15.89042	44.0449	0.07130371	0.1243698	1.321155	0	0	0	
17.164	24	19	49	59	2	-1487.637	16.0352	44.11603	0.07132022	0.1242667	1.321432	0	0	0	
17.184	24	19	49	59	2	-1487.512	16.15977	44.17671	0.07135425	0.1242236	1.321676	0	0	0	
17.224	24	19	49	59	2	-1487.303	16.36835	44.27726	0.07141966	0.1242325	1.32205	0	0	0	
17.268	24	19	49	59	2	-1487.093	16.57814	44.37709	0.07147502	0.124207	1.322496	0	0	0	
17.308	24	19	49	59	2	-1486.86	16.8103	44.48606	0.07147014	0.1241021	1.32289	0	0	0	
17.34	24	19	49	59	2	-1486.711	16.95879	44.55494	0.07142497	0.1240089	1.323207	0	0	0	
17.36	24	19	49	59	2	-1486.583	17.08654	44.61371	0.07140112	0.1239954	1.323413	0	0	0	
17.396	24	19	49	59	2	-1486.412	17.25754	44.69165	0.07138262	0.1239903	1.32379	0	0	0	
17.424	24	19	49	59	2	-1486.24	17.4293	44.76912	0.07139168	0.1239716	1.324085	0	0	0	
17.46	24	19	49	59	2	-1486.046	17.62345	44.85572	0.07144026	0.1238801	1.324469	0	0	0	
17.488	24	19	49	59	2	-1485.894	17.77512	44.92266	0.07149544	0.1238109	1.324775	0	0	0	
17.508	24	19	49	59	2	-1485.785	17.88381	44.97026	0.07152987	0.123813	1.325041	0	0	0	
17.536	24	19	49	59	2	-1485.632	18.03648	45.03659	0.07154846	0.123852	1.325311	0	0	0	
17.568	24	19	49	59	2	-1485.456	18.21167	45.11196	0.07155416	0.1239018	1.325667	0	0	0	
17.592	24	19	49	59	2	-1485.324	18.34357	45.16817	0.07155589	0.1238728	1.325972	0	0	0	
17.616	24	19	50	0	2	-1485.192	18.47588	45.22412	0.07156416	0.1237686	1.326184	0	0	0	
17.644	24	19	50	0	2	-1485.037	18.63079	45.28906	0.0715929	0.1236	1.326477	0	0	0	
17.664	24	19	50	0	2	-1484.948	18.71956	45.32601	0.07162123	0.1235158	1.32669	0	0	0	
17.688	24	19	50	0	2	-1484.792	18.87538	45.39039	0.07166319	0.1234977	1.326955	0	0	0	
17.704	24	19	50	0	2	-1484.703	18.96468	45.42701	0.07168444	0.1235189	1.327135	0	0	0	
17.728	24	19	50	0	2	-1484.568	19.09897	45.48173	0.07170281	0.123547	1.327406	0	0	0	
17.752	24	19	50	0	2	-1484.433	19.2337	45.53618	0.07170225	0.1235194	1.32767	0	0	0	
17.776	24	19	50	0	2	-1484.298	19.36884	45.59037	0.07167611	0.1234414	1.327924	0	0	0	
17.8	24	19	50	0	2	-1484.185	19.48178	45.63533	0.0716243	0.1233473	1.328172	0	0	0	
17.816	24	19	50	0	2	-1484.072	19.59501	45.6801	0.07158865	0.1232881	1.32834	0	0	0	
17.836	24	19	50	0	2	-1483.958	19.70853	45.72469	0.0715506	0.1232239	1.328553	0	0	0	
17.868	24	19	50	0	2	-1483.799	19.86796	45.78681	0.071533	0.1231759	1.328899	0	0	0	
17.904	24	19	50	0	2	-1483.57	20.09671	45.87493	0.07157142	0.1232172	1.329299	0	0	0	
17.932	24	19	50	0	2	-1483.409	20.25752	45.93618	0.07165196	0.1231816	1.329608	0	0	0	
17.96	24	19	50	0	2	-1483.247	20.4189	45.99707	0.07176051	0.1230708	1.329914	0	0	0	
17.984	24	19	50	0	2	-1483.109	20.55768	46.04898	0.0718427	0.122963	1.330177	0	0	0	
18.008	24	19	50	0	2	-1482.969	20.69687	46.10063	0.07188836	0.1229026	1.330447	0	0	0	
18.028	24	19	50	0	2	-1482.853	20.81319	46.14347	0.07189996	0.1228788	1.330673	0	0	0	
18.052	24	19	50	0	2	-1482.713	20.95315	46.19464	0.07188458	0.1228937	1.330945	0	0	0	
18.092	24	19	50	0	2	-1482.479	21.18734	46.27933	0.07180387	0.1229945	1.331405	0	0	0	
18.116	24	19	50	1	2	-1482.338	21.32841	46.3298	0.07175843	0.1229671	1.331679	0	0	0	
18.14	24	19	50	1	2	-1482.196	21.46989	46.38	0.07173276	0.1228246	1.33195	0	0	0	
18.176	24	19	50	1	2	-1481.983	21.68288	46.45482	0.07172746	0.1225738	1.332361	0	0	0	
18.212	24	19	50	1	2	-1481.769	21.89681	46.52904	0.07173015	0.1225499	1.332793	0	0	0	
18.232	24	19	50	1	2	-1481.65	22.01606	46.57003	0.07174082	0.1226182	1.333037	0	0	0	
18.248	24	19	50	1	2	-1481.555	22.11166	46.60268	0.07176254	0.1226595	1.333233	0	0	0	
18.272	24	19	50	1	2	-1481.435	22.23143	46.64334	0.07180511	0.1226423	1.333522	0	0	0	
18.288	24	19	50	1	2	-1481.315	22.35147	46.68382	0.07183584	0.1225796	1.333714	0	0	0	
18.312	24	19	50	1	2	-1481.171	22.49591	46.73215	0.07187519	0.1224467	1.333998	0	0	0	
18.332	24	19	50	1	2	-1481.05	22.61658	46.77223	0.07190721	0.1223331	1.334232	0	0	0	
18.356	24	19	50	1	2	-1480.929	22.73754	46.81213	0.07194563	0.1222279	1.334515	0	0	0	
18.376	24	19	50	1	2	-1480.784	22.88307	46.85977	0.07197204	0.122181	1.334753	0	0	0	
18.396	24	19	50	1	2	-1480.662	23.00465	46.89927	0.07198482	0.1221906	1.334993	0	0	0	
18.416	24	19	50	1	2	-1480.541	23.12652	46.93859	0.07198072	0.1222184	1.33523	0	0	0	
18.436	24	19	50	1	2	-1480.418	23.24867	46.97773	0.07196867	0.1222361	1.335465	0	0	0	
18.456	24	19	50	1	2	-1480.296	23.3711	47.01669	0.07195322	0.1222214	1.335693	0	0	0	
18.48	24	19	50	1	2	-1480.149	23.51839	47.06321	0.07193464	0.1221577	1.335963	0	0	0	
18.5	24	19	50	1	2	-1480.026	23.64145	47.10178	0.07191807	0.1220601	1.336189	0	0	0	
18.524	24	19	50	1	2	-1479.878	23.78948	47.14783	0.0719038	0.1219337	1.336459	0	0	0	
18.544	24	19	50	1	2	-1479.755	23.91315	47.186	0.07190008	0.121865	1.336684	0	0	0	
18.568	24	19	50	2	2	-1479.631	24.03711	47.224	0.07190771	0.1218472	1.336961	0	0	0	
18.592	24	19	50	2	2	-1479.457	24.21112	47.2769	0.07192042	0.1218867	1.337241	0	0	0	
18.628	24	19	50	2	2	-1479.258	24.41066	47.33693	0.07192535	0.1218805	1.337654	0	0	0	
18.652	24	19	50	2	2	-1479.083	24.58584	47.38909	0.07192927	0.1217982	1.337926	0	0	0	
18.68	24	19	50	2	2	-1478.907	24.76157	47.4409	0.07194966	0.1216722	1.338245	0	0	0	
18.7	24	19	50	2	2	-1478.782	24.88743	47.4777	0.07196941	0.1216118	1.338477	0	0	0	
18.736	24	19	50	2	2	-1478.58	25.08939	47.53621	0.07199675	0.1215411	1.338899	0	0	0	
18.756	24	19	50	2	2	-1478.429	25.24132	47.57979	0.07200439	0.1215101	1.339136	0	0	0	
18.78	24	19	50	2	2	-1478.226	25.44452	47.63752	0.07200847	0.1214377	1.339516	0	0	0	
18.78	24	19	50	2	2	-1478.022	25.64843	47.69479	0.0720124	0.1213502	1.339898	0	0	0	
18.78	24	19	50	2	2	-1477.844	25.82743	47.74454	0.0720141	0.1213218	1.340236	0	0	0	
18.78	24	19	50	2	2	-1477.664	26.00698	47.79396	0.07202875	0.121269	1.340574	0	0	0	
18.78	24	19	50	2	2	-1477.433	26.23861	47.85699	0.07205244	0.1210915	1.341047	0	0	0	
18.78	24	19	50	2	2	-1477.227	26.44527	47.91255	0.07204654	0.1210165	1.341436	0	0	0	
18.78	24	19	50	2	2	-1476.994	26.67859	47.97452	0.07203512	0.1210407	1.341836	0	0	0	
18.78	24	19	50	2	2	-1476.787	26.88674	48.02915	0.07204211	0.1210499	1.342235	0	0	0	
18.78	24	19	50	2	2	-1476.604	27.06944	48.07658	0.07206905	0.1210028	1.342578	0	0	0	
18.78	24	19	50	2	2	-1476.395	27.27891	48.13039	0.07210584	0.1208784	1.342967	0	0	0	
18.78	24	19	50	2	2	-1476.238	27.43646	48.17045	0.0721359	0.1207574	1.343258	0	0	0	
18.78	24	19	50	2	2	-1476.081	27.59441	48.21028	0.07216302	0.1206507	1.343554	0	0	0	
18.78	24	19	50	3	2	-1475.87	27.80562	48.263	0.07218203	0.1205996	1.34401	0	0	0	
18.78	24	19	50	3	2	-1475.712	27.96448	48.30225	0.07217472	0.1206058	1.344264	0	0	0	
18.78	24	19	50	3	2	-1475.553	28.12374	48.34127	0.07216106	0.1205962	1.344621	0	0	0	
18.78	24	19	50	3	2	-1475.367	28.31003	48.38648	0.07214651	0.1205588	1.34493	0	0	0	
18.78	24	19	50	3	2	-1475.101	28.57709	48.4505	0.0721225	0.120456	1.34544	0	0	0	
18.78	24	19	50	3	2	-1474.914	28.76467	48.49491	0.07212123	0.1203241	1.345799	0	0	0	
18.78	24	19	50	3	2	-1474.673	29.00662	48.55154	0.07214269	0.1201445	1.34626	0	0	0	
18.78	24	19	50	3	2	-1474.512	29.16841	48.589	0.07216731	0.1200787	1.34657	0	0	0	
18.78	24	19	50	3	2	-1474.35	29.33058	48.62622	0.07219632	0.1200676	1.346939	0	0	0	
18.78	24	19	50	3	2	-1474.107	29.57457	48.6816	0.07224561	0.1200931	1.347367	0	0	0	
18.78	24	19	50	3	2	-1473.89	29.79218	48.73038	0.07230317	0.1201186	1.347861	0	0	0	
18.78	24	19	50	3	2	-1473.673	30.01048	48.77873	0.07232992	0.1200576	1.348239	0	0	0	
18.78	24	19	50	3	2	-1473.454	30.22946	48.82667	0.07232454	0.1198526	1.348661	0	0	0	
18.78	24	19	50	3	2	-1473.29	30.39414	48.86235	0.07231732	0.1197076	1.348976	0	0	0	
18.78	24	19	50	3	2	-1473.126	30.5592	48.89779	0.07231209	0.1196374	1.349345	0	0	0	
18.78	24	19	50	3	2	-1472.961	30.72465	48.933	0.07231702	0.1196308	1.349668	0	0	0	
18.78	24	19	50	3	2	-1472.796	30.89049	48.96797	0.07233104	0.1196171	1.349995	0	0	0	
18.78	24	19	50	3	2	-1472.603	31.08444	49.00848	0.07235386	0.1196034	1.350375	0	0	0	
18.78	24	19	50	3	2	-1472.354	31.33458	49.0601	0.07237351	0.1195388	1.350811	0	0	0	
18.78	24	19	50	3	2	-1472.076	31.61351	49.11683	0.07240127	0.119429	1.351349	0	0	0	
18.78	24	19	50	4	2	-1471.909	31.78137	49.15057	0.07242221	0.1193488	1.35167	0	0	0	
18.78	24	19	50	4	2	-1471.713	31.9777	49.18963	0.07245289	0.1192458	1.352102	0	0	0	
18.78	24	19	50	4	2	-1471.517	32.17454	49.22838	0.07245999	0.1192099	1.352427	0	0	0	
18.78	24	19	50	4	2	-1471.349	32.34367	49.26135	0.07245802	0.1191889	1.352753	0	0	0	
18.78	24	19	50	4	2	-1471.124	32.56976	49.30495	0.07242056	0.1191297	1.35319	0	0	0	
18.78	24	19	50	4	2	-1470.842	32.85332	49.35888	0.07238128	0.118953	1.353726	0	0	0	
18.78	24	19	50	4	2	-1470.615	33.08092	49.40157	0.07238286	0.1188035	1.35415	0	0	0	
18.78	24	19	50	4	2	-1470.388	33.3092	49.44386	0.07241672	0.1187673	1.354582	0	0	0	
18.78	24	19	50	4	2	-1470.132	33.5668	49.49095	0.07248192	0.1187802	1.355137	0	0	0	
18.78	24	19	50	4	2	-1469.846	33.85401	49.54268	0.07254775	0.1187263	1.355701	0	0	0	
18.78	24	19	50	4	2	-1469.588	34.11339	49.5887	0.07259371	0.1186512	1.356155	0	0	0	
18.78	24	19	50	4	2	-1469.387	34.31571	49.62415	0.07262617	0.1185222	1.356605	0	0	0	
18.78	24	19	50	4	2	-1469.185	34.51853	49.6593	0.07263868	0.1184411	1.356941	0	0	0	
18.78	24	19	50	4	2	-1468.925	34.78005	49.70405	0.07261817	0.1183589	1.357441	0	0	0	
18.78	24	19	50	4	2	-1468.635	35.07161	49.75319	0.07256522	0.1182179	1.358002	0	0	0	
18.78	24	19	50	4	2	-1468.373	35.33489	49.79689	0.07252095	0.1181114	1.358571	0	0	0	
18.78	24	19	50	4	2	-1468.169	35.54024	49.83054	0.07251902	0.1180482	1.358975	0	0	0	
18.78	24	19	50	4	2	-1467.964	35.74609	49.8639	0.07254362	0.1180012	1.359328	0	0	0	
18.78	24	19	50	4	2	-1467.73	35.98196	49.90166	0.07261635	0.1179936	1.359804	0	0	0	
18.78	24	19	50	4	2	-1467.495	36.21849	49.93904	0.07271224	0.1179577	1.360281	0	0	0	
18.78	24	19	50	5	2	-1467.289	36.42598	49.97143	0.07278265	0.1177967	1.360689	0	0	0	
18.78	24	19	50	5	2	-1467.082	36.63397	50.00353	0.07282929	0.1175941	1.361093	0	0	0	
18.78	24	19	50	5	2	-1466.904	36.81264	50.03081	0.07283909	0.117522	1.361445	0	0	0	
18.78	24	19	50	5	2	-1466.726	36.99169	50.05788	0.07282518	0.117558	1.361809	0	0	0	
18.78	24	19	50	5	2	-1466.518	37.20103	50.08919	0.07281264	0.117618	1.362242	0	0	0	
18.78	24	19	50	5	2	-1466.37	37.35087	50.11137	0.07281723	0.1176034	1.362617	0	0	0	
18.78	24	19	50	5	2	-1466.131	37.59113	50.14657	0.07283159	0.1175116	1.363054	0	0	0	
18.78	24	19	50	5	2	-1465.951	37.77175	50.17271	0.07283446	0.1174065	1.363429	0	0	0	
18.78	24	19	50	5	2	-1465.742	37.98293	50.20295	0.07284211	0.1172856	1.363866	0	0	0	
18.78	24	19	50	5	2	-1465.742	37.98293	50.20295	0.0728432	0.1172703	1.363929	0	0	0	
18.78	24	19	50	5	2	-1465.742	37.98293	50.20295	0.0728432	0.1172703	1.363929	0	0	0	
18.78	24	19	50	5	2	-1465.742	37.98293	50.20295	0.0728432	0.1172703	1.363929	0	0	0	
18.78	24	19	50	5	2	-1465.742	37.98293	50.20295	0.0728432	0.1172703	1.363929	0	0	0	
18.78	24	19	50	5	2	-1465.742	37.98293	50.20295	0.0728432	0.1172703	1.363929	0	0	0	
18.78	24	19	50	5	2	-1465.742	37.98293	50.20295	0.0728432	0.1172703	1.363929	0	0	0	
18.78	24	19	50	5	2	-1465.742	37.98293	50.20295	0.0728432	0.1172703	1.363929	0	0	0	
18.78	24	19	50	5	2	-1465.742	37.98293	50.20295	0.0728432	0.1172703	1.363929	0	0	0	
18.78	24	19	50	5	2	-1465.742	37.98293	50.20295	0.0728432	0.1172703	1.363929	0	0	0	
18.78	24	19	50	5	2	-1465.742	37.98293	50.20295	0.0728432	0.1172703	1.363929	0	0	0	
18.78	24	19	50	5	2	-1465.742	37.98293	50.20295	0.0728432	0.1172703	1.363929	0	0	0	
18.78	24	19	50	6	2	-1465.742	37.98293	50.20295	0.0728432	0.1172703	1.363929	0	0	0	
18.78	24	19	50	6	2	-1465.742	37.98293	50.20295	0.0728432	0.1172703	1.363929	0	0	0	
18.78	24	19	50	6	2	-1465.742	37.98293	50.20295	0.0728432	0.1172703	1.363929	0	0	0	
18.78	24	19	50	6	2	-1465.742	37.98293	50.20295	0.0728432	0.1172703	1.363929	0	0	0	
18.78	24	19	50	6	2	-1465.742	37.98293	50.20295	0.0728432	0.1172703	1.363929	0	0	0	
18.78	24	19	50	6	2	-1465.742	37.98293	50.20295	0.0728432	0.1172703	1.363929	0	0	0	
18.78	24	19	50	6	2	-1465.742	37.98293	50.20295	0.0728432	0.1172703	1.363929	0	0	0	
18.78	24	19	50	6	2	-1465.742	37.98293	50.20295	0.0728432	0.1172703	1.363929	0	0	0	
18.78	24	19	50	6	2	-1465.742	37.98293	50.20295	0.0728432	0.1172703	1.363929	0	0	0	
18.78	24	19	50	6	2	-1465.742	37.98293	50.20295	0.0728432	0.1172703	1.363929	0	0	0	
18.78	24	19	50	6	2	-1465.742	37.98293	50.20295	0.0728432	0.1172703	1.363929	0	0	0	
18.78	24	19	50	6	2	-1465.742	37.98293	50.20295	0.0728432	0.1172703	1.363929	0	0	0	
18.78	24	19	50	6	2	-1465.742	37.98293	50.20295	0.0728432	0.1172703	1.363929	0	0	0	
18.78	24	19	50	6	2	-1465.742	37.98293	50.20295	0.0728432	0.1172703	1.363929	0	0	0	
18.78	24	19	50	6	2	-1465.742	37.98293	50.20295	0.0728432	0.1172703	1.363929	0	0	0	
18.78	24	19	50	6	2	-1465.742	37.98293	50.20295	0.0728432	0.1172703	1.363929	0	0	0	
18.78	24	19	50	6	2	-1465.742	37.98293	50.20295	0.0728432	0.1172703	1.363929	0	0	0	
18.78	24	19	50	6	2	-1465.742	37.98293	50.20295	0.0728432	0.1172703	1.363929	0	0	0	
18.78	24	19	50	6	2	-1465.742	37.98293	50.20295	0.0728432	0.1172703	1.363929	0	0	0	
18.78	24	19	50	6	2	-1465.742	37.98293	50.20295	0.0728432	0.1172703	1.363929	0	0	0	
18.78	24	19	50	7	2	-1465.742	37.98293	50.20295	0.0728432	0.1172703	1.363929	0	0	0	
18.78	24	19	50	7	2	-1465.742	37.98293	50.20295	0.0728432	0.1172703	1.363929	0	0	0	
18.78	24	19	50	7	2	-1465.742	37.98293	50.20295	0.0728432	0.1172703	1.363929	0	0	0	
18.78	24	19	50	7	2	-1465.742	37.98293	50.20295	0.0728432	0.1172703	1.363929	0	0	0	
18.78	24	19	50	7	2	-1465.742	37.98293	50.20295	0.0728432	0.1172703	1.363929	0	0	0	
18.78	24	19	50	7	2	-1465.742	37.98293	50.20295	0.0728432	0.1172703	1.363929	0	0	0	
18.78	24	19	50	7	2	-1465.742	37.98293	50.20295	0.0728432	0.1172703	1.363929	0	0	0	
18.78	24	19	50	7	2	-1465.742	37.98293	50.20295	0.0728432	0.1172703	1.363929	0	0	0	
18.78	24	19	50	7	2	-1465.742	37.98293	50.20295	0.0728432	0.1172703	1.363929	0	0	0	
18.78	24	19	50	7	2	-1465.742	37.98293	50.20295	0.0728432	0.1172703	1.363929	0	0	0	
18.78	24	19	50	7	2	-1465.742	37.98293	50.20295	0.0728432	0.1172703	1.363929	0	0	0	
18.78	24	19	50	7	2	-1465.742	37.98293	50.20295	0.0728432	0.1172703	1.363929	0	0	0	
18.78	24	19	50	7	2	-1465.742	37.98293	50.20295	0.0728432	0.1172703	1.363929	0	0	0	
18.78	24	19	50	7	2	-1465.742	37.98293	50.20295	0.0728432	0.1172703	1.363929	0	0	0	
18.78	24	19	50	7	2	-1465.742	37.98293	50.20295	0.0728432	0.1172703	1.363929	0	0	0	
18.78	24	19	50	7	2	-1465.742	37.98293	50.20295	0.0728432	0.1172703	1.363929	0	0	0	
18.78	24	19	50	7	2	-1465.742	37.98293	50.20295	0.0728432	0.1172703	1.363929	0	0	0	
18.78	24	19	50	7	2	-1465.742	37.98293	50.20295	0.0728432	0.1172703	1.363929	0	0	0	
18.78	24	19	50	7	2	-1465.742	37.98293	50.20295	0.0728432	0.1172703	1.363929	0	0	0	
18.78	24	19	50	7	2	-1465.742	37.98293	50.20295	0.0728432	0.1172703	1.363929	0	0	0	
18.78	24	19	50	8	2	-1465.742	37.98293	50.20295	0.0728432	0.1172703	1.363929	0	0	0	
18.78	24	19	50	8	2	-1465.742	37.98293	50.20295	0.0728432	0.1172703	1.363929	0	0	0	
18.78	24	19	50	8	2	-1465.742	37.98293	50.20295	0.0728432	0.1172703	1.363929	0	0	0	
18.78	24	19	50	8	2	-1465.742	37.98293	50.20295	0.0728432	0.1172703	1.363929	0	0	0	
18.78	24	19	50	8	2	-1465.742	37.98293	50.20295	0.0728432	0.1172703	1.363929	0	0	0	
18.78	24	19	50	8	2	-1465.742	37.98293	50.20295	0.0728432	0.1172703	1.363929	0	0	0	
18.78	24	19	50	8	2	-1465.742	37.98293	50.20295	0.0728432	0.1172703	1.363929	0	0	0	
18.78	24	19	50	8	2	-1465.742	37.98293	50.20295	0.0728432	0.1172703	1.363929	0	0	0	
18.78	24	19	50	8	2	-1465.742	37.98293	50.20295	0.0728432	0.1172703	1.363929	0	0	0	
18.78	24	19	50	8	2	-1465.742	37.98293	50.20295	0.0728432	0.1172703	1.363929	0	0	0	
18.78	24	19	50	8	2	-1465.742	37.98293	50.20295	0.0728432	0.1172703	1.363929	0	0	0	
18.78	24	19	50	8	2	-1465.742	37.98293	50.20295	0.0728432	0.1172703	1.363929	0	0	0	
18.78	24	19	50	8	2	-1465.742	37.98293	50.20295	0.0728432	0.1172703	1.363929	0	0	0	
18.78	24	19	50	8	2	-1465.742	37.98293	50.20295	0.0728432	0.1172703	1.363929	0	0	0	
18.78	24	19	50	8	2	-1465.742	37.98293	50.20295	0.0728432	0.1172703	1.363929	0	0	0	
18.78	24	19	50	8	2	-1465.742	37.98293	50.20295	0.0728432	0.1172703	1.363929	0	0	0	
18.78	24	19	50	8	2	-1465.742	37.98293	50.20295	0.0728432	0.1172703	1.363929	0	0	0	
18.78	24	19	50	8	2	-1465.742	37.98293	50.20295	0.0728432	0.1172703	1.363929	0	0	0	
18.78	24	19	50	8	2	-1465.742	37.98293	50.20295	0.0728432	0.1172703	1.363929	0	0	0	
18.78	24	19	50	8	2	-1465.742	37.98293	50.20295	0.0728432	0.1172703	1.363929	0	0	0	
18.78	24	19	50	9	2	-1465.742	37.98293	50.20295	0.0728432	0.1172703	1.363929	0	0	0	
18.78	24	19	50	9	2	-1465.742	37.98293	50.20295	0.0728432	0.1172703	1.363929	0	0	0	
18.78	24	19	50	9	2	-1465.742	37.98293	50.20295	0.0728432	0.1172703	1.363929	0	0	0	
18.78	24	19	50	9	2	-1465.742	37.98293	50.20295	0.0728432	0.1172703	1.363929	0	0	0	
18.78	24	19	50	9	2	-1465.742	37.98293	50.20295	0.0728432	0.1172703	1.363929	0	0	0	
18.78	24	19	50	9	2	-1465.742	37.98293	50.20295	0.0728432	0.1172703	1.363929	0	0	0	
18.78	24	19	50	9	2	-1465.742	37.98293	50.20295	0.0728432	0.1172703	1.363929	0	0	0	
18.78	24	19	50	9	2	-1465.742	37.98293	50.20295	0.0728432	0.1172703	1.363929	0	0	0	
18.78	24	19	50	9	2	-1465.742	37.98293	50.20295	0.0728432	0.1172703	1.363929	0	0	0	
18.78	24	19	50	9	2	-1465.742	37.98293	50.20295	0.0728432	0.1172703	1.363929	0	0	0	
18.78	24	19	50	9	2	-1465.742	37.98293	50.20295	0.0728432	0.1172703	1.363929	0	0	0	
18.78	24	19	50	9	2	-1465.742	37.98293	50.20295	0.0728432	0.1172703	1.363929	0	0	0	
18.78	24	19	50	9	2	-1465.742	37.98293	50.20295	0.0728432	0.1172703	1.363929	0	0	0	
18.78	24	19	50	9	2	-1465.742	37.98293	50.20295	0.0728432	0.1172703	1.363929	0	0	0	
18.78	24	19	50	9	2	-1465.742	37.98293	50.20295	0.0728432	0.1172703	1.363929	0	0	0	
18.78	24	19	50	9	2	-1465.742	37.98293	50.20295	0.0728432	0.1172703	1.363929	0	0	0	
18.78	24	19	50	9	2	-1465.742	37.98293	50.20295	0.0728432	0.1172703	1.363929	0	0	0	
18.78	24	19	50	9	2	-1465.742	37.98293	50.20295	0.0728432	0.1172703	1.363929	0	0	0	
18.78	24	19	50	9	2	-1465.742	37.98293	50.20295	0.0728432	0.1172703	1.363929	0	0	0	
18.78	24	19	50	9	2	-1465.742	37.98293	50.20295	0.0728432	0.1172703	1.363929	0	0	0	
18.78	24	19	50	10	2	-1465.742	37.98293	50.20295	0.0728432	0.1172703	1.363929	0	0	0	
18.78	24	19	50	10	2	-1465.742	37.98293	50.20295	0.0728432	0.1172703	1.363929	0	0	0	
18.78	24	19	50	10	2	-1465.742	37.98293	50.20295	0.0728432	0.1172703	1.363929	0	0	0	
18.78	24	19	50	10	2	-1465.742	37.98293	50.20295	0.0728432	0.1172703	1.363929	0	0	0	
18.78	24	19	50	10	2	-1465.742	37.98293	50.20295	0.0728432	0.1172703	1.363929	0	0	0	
18.78	24	19	50	10	2	-1465.742	37.98293	50.20295	0.0728432	0.1172703	1.363929	0	0	0	
18.78	24	19	50	10	2	-1465.742	37.98293	50.20295	0.0728432	0.1172703	1.363929	0	0	0	
18.78	24	19	50	10	2	-1465.742	37.98293	50.20295	0.0728432	0.1172703	1.363929	0	0	0	
18.78	24	19	50	10	2	-1465.742	37.98293	50.20295	0.0728432	0.1172703	1.363929	0	0	0	
18.78	24	19	50	10	2	-1465.742	37.98293	50.20295	0.0728432	0.1172703	1.363929	0	0	0	
18.78	24	19	50	10	2	-1465.742	37.98293	50.20295	0.0728432	0.1172703	1.363929	0	0	0	
18.78	24	19	50	10	2	-1465.742	37.98293	50.20295	0.0728432	0.1172703	1.363929	0	0	0	
18.78	24	19	50	10	2	-1465.742	37.98293	50.20295	0.0728432	0.1172703	1.363929	0	0	0	
18.78	24	19	50	10	2	-1465.742	37.98293	50.20295	0.0728432	0.1172703	1.363929	0	0	0	
18.78	24	19	50	10	2	-1465.742	37.98293	50.20295	0.0728432	0.1172703	1.363929	0	0	0	
18.78	24	19	50	10	2	-1465.742	37.98293	50.20295	0.0728432	0.1172703	1.363929	0	0	0	
18.78	24	19	50	10	2	-1465.742	37.98293	50.20295	0.0728432	0.1172703	1.363929	0	0	0	
18.78	24	19	50	10	2	-1465.742	37.98293	50.20295	0.0728432	0.1172703	1.363929	0	0	0	
18.78	24	19	50	10	2	-1465.742	37.98293	50.20295	0.0728432	0.1172703	1.363929	0	0	0	
18.78	24	19	50	10	2	-1465.742	37.98293	50.20295	0.0728432	0.1172703	1.363929	0	0	0	
18.78	24	19	50	11	2	-1465.742	37.98293	50.20295	0.0728432	0.1172703	1.363929	0	0	0	
18.78	24	19	50	11	2	-1465.742	37.98293	50.20295	0.0728432	0.1172703	1.363929	0	0	0	
18.78	24	19	50	11	2	-1465.742	37.98293	50.20295	0.0728432	0.1172703	1.363929	0	0	0	
18.78	24	19	50	11	2	-1465.742	37.98293	50.20295	0.0728432	0.1172703	1.363929	0	0	0	
18.78	24	19	50	11	2	-1465.742	37.98293	50.20295	0.0728432	0.1172703	1.363929	0	0	0	
18.78	24	19	50	11	2	-1465.742	37.98293	50.20295	0.0728432	0.1172703	1.363929	0	0	0	
18.78	24	19	50	11	2	-1465.742	37.98293	50.20295	0.0728432	0.1172703	1.363929	0	0	0	
18.78	24	19	50	11	2	-1465.742	37.98293	50.20295	0.0728432	0.1172703	1.363929	0	0	0	
18.78	24	19	50	11	2	-1465.742	37.98293	50.20295	0.0728432	0.1172703	1.363929	0	0	0	
18.78	24	19	50	11	2	-1465.742	37.98293	50.20295	0.0728432	0.1172703	1.363929	0	0	0	
18.78	24	19	50	11	2	-1465.742	37.98293	50.20295	0.0728432	0.1172703	1.363929	0	0	0	
18.78	24	19	50	11	2	-1465.742	37.98293	50.20295	0.0728432	0.1172703	1.363929	0	0	0	
18.78	24	19	50	11	2	-1465.742	37.98293	50.20295	0.0728432	0.1172703	1.363929	0	0	0	
18.78	24	19	50	11	2	-1465.742	37.98293	50.20295	0.0728432	0.1172703	1.363929	0	0	0	
18.78	24	19	50	11	2	-1465.742	37.98293	50.20295	0.0728432	0.1172703	1.363929	0	0	0	
18.78	24	19	50	11	2	-1465.742	37.98293	50.20295	0.0728432	0.1172703	1.363929	0	0	0	
18.78	24	19	50	11	2	-1465.742	37.98293	50.20295	0.0728432	0.1172703	1.363929	0	0	0	
18.78	24	19	50	11	2	-1465.742	37.98293	50.20295	0.0728432	0.1172703	1.363929	0	0	0	
18.78	24	19	50	11	2	-1465.742	37.98293	50.20295	0.0728432	0.1172703	1.363929	0	0	0	
18.78	24	19	50	11	2	-1465.742	37.98293	50.20295	0.0728432	0.1172703	1.363929	0	0	0	
18.78	24	19	50	12	2	-1465.742	37.98293	50.20295	0.0728432	0.1172703	1.363929	0	0	0	
18.78	24	19	50	12	2	-1465.742	37.98293	50.20295	0.0728432	0.1172703	1.363929	0	0	0	
18.78	24	19	50	12	2	-1465.742	37.98293	50.20295	0.0728432	0.1172703	1.363929	0	0	0	
18.78	24	19	50	12	2	-1465.742	37.98293	50.20295	0.0728432	0.1172703	1.363929	0	0	0	
18.78	24	19	50	12	2	-1465.742	37.98293	50.20295	0.0728432	0.1172703	1.363929	0	0	0	
18.78	24	19	50	12	2	-1465.742	37.98293	50.20295	0.0728432	0.1172703	1.363929	0	0	0	
18.78	24	19	50	12	2	-1465.742	37.98293	50.20295	0.0728432	0.1172703	1.363929	0	0	0	
18.78	24	19	50	12	2	-1465.742	37.98293	50.20295	0.0728432	0.1172703	1.363929	0	0	0	
18.78	24	19	50	12	2	-1465.742	37.98293	50.20295	0.0728432	0.1172703	1.363929	0	0	0	
18.78	24	19	50	12	2	-1465.742	37.98293	50.20295	0.0728432	0.1172703	1.363929	0	0	0	
18.78	24	19	50	12	2	-1465.742	37.98293	50.20295	0.0728432	0.1172703	1.363929	0	0	0	
18.78	24	19	50	12	2	-1465.742	37.98293	50.20295	0.0728432	0.1172703	1.363929	0	0	0	
18.78	24	19	50	12	2	-1465.742	37.98293	50.20295	0.0728432	0.1172703	1.363929	0	0	0	
18.78	24	19	50	12	2	-1465.742	37.98293	50.20295	0.0728432	0.1172703	1.363929	0	0	0	
18.78	24	19	50	12	2	-1465.742	37.98293	50.20295	0.0728432	0.1172703	1.363929	0	0	0	
18.78	24	19	50	12	2	-1465.742	37.98293	50.20295	0.0728432	0.1172703	1.363929	0	0	0	
18.78	24	19	50	12	2	-1465.742	37.98293	50.20295	0.0728432	0.1172703	1.363929	0	0	0	
18.78	24	19	50	12	2	-1465.742	37.98293	50.20295	0.0728432	0.1172703	1.363929	0	0	0	
18.78	24	19	50	12	2	-1465.742	37.98293	50.20295	0.0728432	0.1172703	1.363929	0	0	0	
18.78	24	19	50	12	2	-1465.742	37.98293	50.20295	0.0728432	0.1172703	1.363929	0	0	0	
18.78	24	19	50	13	2	-1465.742	37.98293	50.20295	0.0728432	0.1172703	1.363929	0	0	0	
18.78	24	19	50	13	2	-1465.742	37.98293	50.20295	0.0728432	0.1172703	1.363929	0	0	0	
18.78	24	19	50	13	2	-1465.742	37.98293	50.20295	0.0728432	0.1172703	1.363929	0	0	0	
18.78	24	19	50	13	2	-1465.742	37.98293	50.20295	0.0728432	0.1172703	1.363929	0	0	0	
18.78	24	19	50	13	2	-1465.742	37.98293	50.20295	0.0728432	0.1172703	1.363929	0	0	0	
18.78	24	19	50	13	2	-1465.742	37.98293	50.20295	0.0728432	0.1172703	1.363929	0	0	0	
18.78	24	19	50	13	2	-1465.742	37.98293	50.20295	0.0728432	0.1172703	1.363929	0	0	0	
18.78	24	19	50	13	2	-1465.742	37.98293	50.20295	0.0728432	0.1172703	1.363929	0	0	0	
18.78	24	19	50	13	2	-1465.742	37.98293	50.20295	0.0728432	0.1172703	1.363929	0	0	0	
18.78	24	19	50	13	2	-1465.742	37.98293	50.20295	0.0728432	0.1172703	1.363929	0	0	0	
18.78	24	19	50	13	2	-1465.742	37.98293	50.20295	0.0728432	0.1172703	1.363929	0	0	0	
18.78	24	19	50	13	2	-1465.742	37.98293	50.20295	0.0728432	0.1172703	1.363929	0	0	0	
18.78	24	19	50	13	2	-1465.742	37.98293	50.20295	0.0728432	0.1172703	1.363929	0	0	0	
18.78	24	19	50	13	2	-1465.742	37.98293	50.20295	0.0728432	0.1172703	1.363929	0	0	0	
18.78	24	19	50	13	2	-1465.742	37.98293	50.20295	0.0728432	0.1172703	1.363929	0	0	0	
18.78	24	19	50	13	2	-1465.742	37.98293	50.20295	0.0728432	0.1172703	1.363929	0	0	0	
18.78	24	19	50	13	2	-1465.742	37.98293	50.20295	0.0728432	0.1172703	1.363929	0	0	0	
18.78	24	19	50	13	2	-1465.742	37.98293	50.20295	0.0728432	0.1172703	1.363929	0	0	0	
18.78	24	19	50	13	2	-1465.742	37.98293	50.20295	0.0728432	0.1172703	1.363929	0	0	0	
18.78	24	19	50	13	2	-1465.742	37.98293	50.20295	0.0728432	0.1172703	1.363929	0	0	0	
18.78	24	19	50	14	2	-1465.742	37.98293	50.20295	0.0728432	0.1172703	1.363929	0	0	0	
18.78	24	19	50	14	2	-1465.742	37.98293	50.20295	0.0728432	0.1172703	1.363929	0	0	0	
18.78	24	19	50	14	2	-1465.742	37.98293	50.20295	0.0728432	0.1172703	1.363929	0	0	0	
