time	day	hour	min	sec	control_state	uav_pos_x	uav_pos_y	uav_pos_z	uav_roll	uav_pitch	uav_yaw	uav_vel_x	uav_vel_y	uav_vel_z	
0	24	19	49	25	0	0	0	0	-8.99472e-10	0.0007966894	2.664608e-05	0	0	0	
0	24	19	49	25	1	-1500	1.551952e-06	4.2755	-9.680558e-10	0.0007966906	2.66461e-05	0	0	0	
60.104	24	19	49	25	1	-1500	1.551952e-06	4.2755	-1.417115e-09	0.0007966811	2.664612e-05	0	0	0	
60.124	24	19	49	25	1	-1500	1.555853e-06	4.275507	-1.552753e-07	0.0008115887	2.660352e-05	0	0	0	
60.156	24	19	49	25	1	-1500	1.330579e-05	4.27632	-0.0003882536	0.001240454	2.164181e-05	0	0	0	
60.16	24	19	49	25	1	-1500	1.4258e-05	4.276544	-0.0004114637	0.001264389	2.038423e-05	0	0	0	
60.184	24	19	49	25	1	-1500	8.337292e-06	4.278518	-1.08014e-06	0.001186129	9.150739e-06	0	0	0	
60.208	24	19	49	25	1	-1500	-6.209575e-06	4.281586	0.0005362342	0.0002122262	4.331022e-07	0	0	0	
60.228	24	19	49	25	1	-1500	-1.881875e-05	4.284978	0.0009952882	-0.001248291	-7.445862e-06	0	0	0	
60.248	24	19	49	25	1	-1500	-2.790692e-05	4.288233	0.001239406	-0.002098768	-1.377113e-05	0	0	0	
60.264	24	19	49	25	1	-1500	-3.800921e-05	4.292975	0.001277217	-0.002261438	-1.793141e-05	0	0	0	
60.288	24	19	49	25	1	-1500	-5.504417e-05	4.299643	0.001249979	-0.001458652	-2.439564e-05	0	0	0	
60.316	24	19	49	25	1	-1500	-8.245181e-05	4.308752	0.001118928	1.407592e-05	-3.069245e-05	0	0	0	
60.348	24	19	49	25	1	-1500	-0.0001137392	4.32089	0.000557364	0.001423373	-3.985279e-05	0	0	0	
60.356	24	19	49	25	1	-1500	-0.0001188701	4.324209	0.0002766317	0.001634983	-4.384963e-05	0	0	0	
60.38	24	19	49	25	1	-1499.999	-0.0001392955	4.334843	-0.000406102	0.001867335	-5.604893e-05	0	0	0	
60.4	24	19	49	25	1	-1499.999	-0.0001595181	4.344473	-0.0007980185	0.001543183	-6.406009e-05	0	0	0	
60.42	24	19	49	25	1	-1499.999	-0.0001771754	4.354791	-0.001148553	0.001174327	-7.000485e-05	0	0	0	
60.44	24	19	49	25	1	-1499.999	-0.0001969783	4.365791	-0.001194075	0.000291315	-7.409717e-05	0	0	0	
60.464	24	19	49	25	1	-1499.999	-0.0002292475	4.379885	-0.0008060862	-0.0007938745	-7.630258e-05	0	0	0	
60.488	24	19	49	26	1	-1499.999	-0.0002559724	4.394944	-0.0003722782	-0.001272982	-8.040692e-05	0	0	0	
60.52	24	19	49	26	1	-1499.999	-0.0002785484	4.4165	-0.0001065047	2.44407e-07	-8.53416e-05	0	0	0	
60.544	24	19	49	26	1	-1499.998	-0.0003008101	4.433756	0.0003103896	0.001880767	-8.471061e-05	0	0	0	
60.572	24	19	49	26	1	-1499.998	-0.0003201128	4.451932	0.0005872125	0.00343299	-8.509195e-05	0	0	0	
60.608	24	19	49	26	1	-1499.998	-0.0003434057	4.480896	0.0005185421	0.002170262	-9.394762e-05	0	0	0	
60.632	24	19	49	26	1	-1499.998	-0.0003738868	4.504811	0.0007253162	-0.0008718088	-9.925472e-05	0	0	0	
60.648	24	19	49	26	1	-1499.998	-0.000394287	4.519017	0.0008541087	-0.002437613	-0.000100527	0	0	0	
60.672	24	19	49	26	1	-1499.997	-0.0004186132	4.541052	0.0006773513	-0.002650384	-0.0001012719	0	0	0	
60.692	24	19	49	26	1	-1499.997	-0.0004294934	4.560073	9.417323e-05	-0.001505975	-0.0001023904	0	0	0	
60.716	24	19	49	26	1	-1499.997	-0.0004377686	4.583676	-0.0007731134	-0.0002559623	-0.000101286	0	0	0	
60.736	24	19	49	26	1	-1499.997	-0.0004509405	4.603986	-0.001154321	6.062801e-05	-9.968644e-05	0	0	0	
60.756	24	19	49	26	1	-1499.997	-0.0004679958	4.624872	-0.001220384	0.0005572942	-9.737843e-05	0	0	0	
60.78	24	19	49	26	1	-1499.996	-0.0004953375	4.650687	-0.0008117797	0.001713886	-9.602705e-05	0	0	0	
60.812	24	19	49	26	1	-1499.996	-0.0005449358	4.686364	0.0004361064	0.002190026	-0.0001018176	0	0	0	
60.832	24	19	49	26	1	-1499.996	-0.000580786	4.70938	0.001335375	0.0009684337	-0.0001118898	0	0	0	
60.852	24	19	49	26	1	-1499.995	-0.0006159396	4.73294	0.002125986	-0.00148854	-0.0001317379	0	0	0	
60.88	24	19	49	26	1	-1499.995	-0.0006723599	4.766829	0.002681954	-0.003091419	-0.0001545461	0	0	0	
60.904	24	19	49	26	1	-1499.995	-0.0007081108	4.791672	0.002413005	-0.003124673	-0.0001650768	0	0	0	
60.928	24	19	49	26	1	-1499.995	-0.0007523406	4.827331	0.001498803	-0.001886153	-0.0001653868	0	0	0	
60.952	24	19	49	26	1	-1499.994	-0.000783592	4.853421	0.0002204933	-0.001086679	-0.0001599376	0	0	0	
60.976	24	19	49	27	1	-1499.994	-0.0008183733	4.8854	-0.001160099	-0.001118114	-0.0001523913	0	0	0	
61	24	19	49	27	1	-1499.994	-0.0008607784	4.923621	-0.00223889	-0.001309623	-0.000149556	0	0	0	
61.032	24	19	49	27	1	-1499.993	-0.0008964389	4.968488	-0.00330853	-0.000196503	-0.000155031	0	0	0	
61.072	24	19	49	27	1	-1499.993	-0.0009431533	5.026312	-0.0027976	0.001467	-0.0001701284	0	0	0	
61.096	24	19	49	27	1	-1499.992	-0.000963788	5.061919	-0.001885685	0.00174706	-0.0001808577	0	0	0	
61.12	24	19	49	27	1	-1499.992	-0.0009752133	5.098199	-0.0008677344	0.00157325	-0.0001877656	0	0	0	
61.148	24	19	49	27	1	-1499.992	-0.000990537	5.14136	0.0006167578	0.0002709232	-0.0001956584	0	0	0	
61.164	24	19	49	27	1	-1499.991	-0.0009984879	5.166422	0.001390003	-0.0003008619	-0.000200538	0	0	0	
61.184	24	19	49	27	1	-1499.991	-0.001004311	5.198149	0.00202542	-0.0002106044	-0.0002049831	0	0	0	
61.212	24	19	49	27	1	-1499.991	-0.001005963	5.243302	0.002184633	0.0007748247	-0.0002089866	0	0	0	
61.244	24	19	49	27	1	-1499.99	-0.001021755	5.295938	0.00207846	0.001208539	-0.0002055868	0	0	0	
61.272	24	19	49	27	1	-1499.99	-0.001051289	5.33613	0.002087272	0.0003997441	-0.0001985472	0	0	0	
61.3	24	19	49	27	1	-1499.989	-0.001098428	5.390656	0.001699677	-0.0003963395	-0.0001901863	0	0	0	
61.324	24	19	49	27	1	-1499.989	-0.00113367	5.432237	0.0009774064	-0.0006375349	-0.0001795629	0	0	0	
61.348	24	19	49	27	1	-1499.988	-0.001171148	5.474396	0.0001329465	-0.0001728212	-0.0001658475	0	0	0	
61.376	24	19	49	27	1	-1499.988	-0.001213756	5.524301	-0.0008998796	0.001471125	-0.0001480179	0	0	0	
61.4	24	19	49	27	1	-1499.987	-0.001243031	5.567681	-0.001825326	0.002362465	-0.0001269684	0	0	0	
61.42	24	19	49	27	1	-1499.987	-0.001260442	5.60425	-0.002539404	0.002366932	-0.0001015686	0	0	0	
61.448	24	19	49	27	1	-1499.986	-0.001266595	5.65608	-0.003493105	0.0009063804	-6.092118e-05	0	0	0	
61.48	24	19	49	27	1	-1499.986	-0.001265006	5.716203	-0.003626856	-0.0009115567	-2.376886e-05	0	0	0	
61.512	24	19	49	28	1	-1499.985	-0.001263546	5.777253	-0.00216282	-0.001213055	3.283846e-06	0	0	0	
61.548	24	19	49	28	1	-1499.984	-0.00126406	5.847016	0.0001112852	-0.001181041	1.465354e-05	0	0	0	
61.58	24	19	49	28	1	-1499.984	-0.001254929	5.902054	0.002018428	-0.002422396	1.951697e-06	0	0	0	
61.6	24	19	49	28	1	-1499.983	-0.001253217	5.941772	0.003073923	-0.003002868	-1.12301e-05	0	0	0	
61.628	24	19	49	28	1	-1499.983	-0.001262979	6.006014	0.004124356	-0.001717991	-2.510359e-05	0	0	0	
61.652	24	19	49	28	1	-1499.982	-0.001271158	6.054744	0.004115527	0.0004392017	-3.842317e-05	0	0	0	
61.676	24	19	49	28	1	-1499.982	-0.001273239	6.103937	0.003047668	0.002002124	-6.108716e-05	0	0	0	
61.696	24	19	49	28	1	-1499.981	-0.001276723	6.145279	0.001722996	0.001883596	-8.261219e-05	0	0	0	
61.724	24	19	49	28	1	-1499.981	-0.001288026	6.203673	-0.0002756004	-0.0006393219	-0.0001143923	0	0	0	
61.744	24	19	49	28	1	-1499.98	-0.001295991	6.245746	-0.001681527	-0.002846001	-0.0001271156	0	0	0	
61.764	24	19	49	28	1	-1499.98	-0.001310256	6.288118	-0.002619957	-0.00414164	-0.0001338289	0	0	0	
61.788	24	19	49	28	1	-1499.979	-0.001330842	6.339353	-0.003105693	-0.003251692	-0.0001443944	0	0	0	
61.812	24	19	49	28	1	-1499.979	-0.001350481	6.391005	-0.002963458	-0.0001768089	-0.0001623966	0	0	0	
61.832	24	19	49	28	1	-1499.978	-0.001370223	6.434363	-0.00224276	0.002308356	-0.0001735627	0	0	0	
61.86	24	19	49	28	1	-1499.978	-0.001409777	6.495532	-0.0003034385	0.003214211	-0.0001743316	0	0	0	
61.884	24	19	49	28	1	-1499.977	-0.00144881	6.54839	0.00164326	0.002055197	-0.0001775077	0	0	0	
61.896	24	19	49	28	1	-1499.977	-0.001469162	6.574964	0.002548713	0.00120661	-0.0001817072	0	0	0	
61.924	24	19	49	28	1	-1499.976	-0.001517395	6.637339	0.004112323	-0.0008169817	-0.0002024543	0	0	0	
61.948	24	19	49	28	1	-1499.976	-0.001552072	6.691207	0.004336681	-0.001825463	-0.0002262229	0	0	0	
61.972	24	19	49	28	1	-1499.975	-0.001593982	6.745439	0.003925249	-0.001488069	-0.0002454251	0	0	0	
61.996	24	19	49	29	1	-1499.974	-0.001648461	6.800025	0.003146465	-0.0003710198	-0.0002608476	0	0	0	
62.024	24	19	49	29	1	-1499.974	-0.001722941	6.854958	0.002294739	0.0004616188	-0.0002742879	0	0	0	
62.048	24	19	49	29	1	-1499.973	-0.001812351	6.919482	0.0007726348	-0.0002269432	-0.0002853014	0	0	0	
62.072	24	19	49	29	1	-1499.973	-0.001867463	6.965848	-0.0006975848	-0.001436207	-0.0002962172	0	0	0	
62.088	24	19	49	29	1	-1499.972	-0.001925328	7.012443	-0.001721102	-0.002162351	-0.0003095589	0	0	0	
62.112	24	19	49	29	1	-1499.972	-0.00199202	7.068653	-0.003027928	-0.001949281	-0.0003373291	0	0	0	
62.128	24	19	49	29	1	-1499.971	-0.002030098	7.106302	-0.003778255	-0.001316754	-0.0003584323	0	0	0	
62.152	24	19	49	29	1	-1499.971	-0.002067626	7.153555	-0.004679123	0.0002039551	-0.0003885901	0	0	0	
62.168	24	19	49	29	1	-1499.97	-0.002093586	7.201022	-0.005070867	0.0005727859	-0.0004038114	0	0	0	
62.192	24	19	49	29	1	-1499.97	-0.002116312	7.25826	-0.005004332	-0.0006857428	-0.0004121005	0	0	0	
62.212	24	19	49	29	1	-1499.969	-0.002130185	7.306184	-0.004322846	-0.002517675	-0.0004097224	0	0	0	
62.236	24	19	49	29	1	-1499.969	-0.002140312	7.363957	-0.002911232	-0.003962452	-0.0004086148	0	0	0	
62.272	24	19	49	29	1	-1499.968	-0.00216116	7.441424	0.0004784407	-0.002776673	-0.0004071241	0	0	0	
62.308	24	19	49	29	1	-1499.967	-0.002181174	7.538937	0.003510707	0.001194313	-0.0004019398	0	0	0	
62.34	24	19	49	29	1	-1499.966	-0.00217828	7.617474	0.004320104	0.001301772	-0.0004166736	0	0	0	
62.376	24	19	49	29	1	-1499.965	-0.002173822	7.696469	0.003311956	-0.002063546	-0.0004493628	0	0	0	
62.404	24	19	49	29	1	-1499.964	-0.002157023	7.76595	0.001087335	-0.003006104	-0.0004621281	0	0	0	
62.428	24	19	49	29	1	-1499.964	-0.002152838	7.825765	-0.0006520522	-0.002063499	-0.0004676744	0	0	0	
62.456	24	19	49	29	1	-1499.963	-0.00216366	7.895839	-0.001966539	0.0004694112	-0.0004863603	0	0	0	
62.476	24	19	49	29	1	-1499.962	-0.002178876	7.956145	-0.002457825	0.002170978	-0.0005004826	0	0	0	
62.504	24	19	49	30	1	-1499.962	-0.00218855	8.026778	-0.002808169	0.002596501	-0.0005104315	0	0	0	
62.528	24	19	49	30	1	-1499.961	-0.00218371	8.087548	-0.002926846	0.002257733	-0.0005091185	0	0	0	
62.56	24	19	49	30	1	-1499.96	-0.002174806	8.168894	-0.002240267	0.0006948207	-0.0004944811	0	0	0	
62.588	24	19	49	30	1	-1499.959	-0.002159857	8.240364	-0.001188137	0.0001729884	-0.0004808732	0	0	0	
62.624	24	19	49	30	1	-1499.958	-0.002139403	8.332638	0.0005743958	0.001766179	-0.0004710652	0	0	0	
62.648	24	19	49	30	1	-1499.958	-0.002122133	8.394382	0.001550411	0.002393701	-0.0004663575	0	0	0	
62.668	24	19	49	30	1	-1499.957	-0.002108894	8.445969	0.002302311	0.001580821	-0.0004636028	0	0	0	
62.688	24	19	49	30	1	-1499.956	-0.002101447	8.497672	0.002727362	0.0002370967	-0.000465191	0	0	0	
62.712	24	19	49	30	1	-1499.956	-0.002099614	8.55987	0.00312794	-0.001862497	-0.0004771547	0	0	0	
62.736	24	19	49	30	1	-1499.955	-0.002106952	8.622231	0.003231294	-0.002691802	-0.0004887669	0	0	0	
62.752	24	19	49	30	1	-1499.955	-0.00211587	8.663894	0.003085802	-0.002538741	-0.0004969545	0	0	0	
62.784	24	19	49	30	1	-1499.954	-0.002137047	8.747425	0.002133233	-0.001140183	-0.0005067158	0	0	0	
62.816	24	19	49	30	1	-1499.953	-0.002173193	8.831215	0.0009658465	0.000881298	-0.0005171979	0	0	0	
62.848	24	19	49	30	1	-1499.952	-0.002215685	8.915258	-0.00028945	0.00105526	-0.0005543157	0	0	0	
62.868	24	19	49	30	1	-1499.951	-0.002237966	8.967907	-0.001181719	0.0002668823	-0.0005868276	0	0	0	
62.9	24	19	49	30	1	-1499.95	-0.002274709	9.052335	-0.002162884	-0.0003149961	-0.0006399794	0	0	0	
62.932	24	19	49	30	1	-1499.949	-0.002317355	9.136979	-0.002076742	-0.0006972973	-0.0007090286	0	0	0	
62.96	24	19	49	30	1	-1499.948	-0.00235918	9.21121	-0.001351506	-0.001298303	-0.0007539562	0	0	0	
62.98	24	19	49	30	1	-1499.947	-0.002381584	9.26432	-0.0007737706	-0.001768551	-0.0007849012	0	0	0	
62.996	24	19	49	30	1	-1499.947	-0.00239102	9.296221	-0.0004347691	-0.001762658	-0.0008068751	0	0	0	
63.016	24	19	49	31	1	-1499.946	-0.002392505	9.360097	-0.0004748953	-0.001516182	-0.0008328205	0	0	0	
63.04	24	19	49	31	1	-1499.945	-0.002378064	9.424067	-0.000877812	-0.0008603552	-0.0008573604	0	0	0	
63.056	24	19	49	31	1	-1499.945	-0.002367667	9.466765	-0.00112678	-0.0004991214	-0.0008732759	0	0	0	
63.08	24	19	49	31	1	-1499.944	-0.002341501	9.530886	-0.00152222	-0.0006652196	-0.0008870728	0	0	0	
63.096	24	19	49	31	1	-1499.944	-0.002318721	9.57368	-0.001835071	-0.001112135	-0.0009001744	0	0	0	
63.116	24	19	49	31	1	-1499.943	-0.002288782	9.627223	-0.002035522	-0.001497445	-0.0009183343	0	0	0	
63.136	24	19	49	31	1	-1499.942	-0.002259901	9.680818	-0.001908315	-0.001265467	-0.0009389314	0	0	0	
63.168	24	19	49	31	1	-1499.941	-0.002207375	9.766669	-0.001366621	-0.0004270151	-0.0009861793	0	0	0	
63.188	24	19	49	31	1	-1499.941	-0.002172063	9.809639	-0.001167175	-0.0004973463	-0.001024331	0	0	0	
63.208	24	19	49	31	1	-1499.94	-0.002106748	9.874147	-0.001163209	-0.001481013	-0.00106628	0	0	0	
63.228	24	19	49	31	1	-1499.939	-0.002048706	9.927953	-0.001067816	-0.00237044	-0.001109156	0	0	0	
63.256	24	19	49	31	1	-1499.938	-0.001970092	10.00335	-0.0005855258	-0.002832178	-0.001164234	0	0	0	
63.28	24	19	49	31	1	-1499.938	-0.001902555	10.06803	-2.74425e-05	-0.003203762	-0.001214199	0	0	0	
63.304	24	19	49	31	1	-1499.937	-0.001833583	10.13276	0.0005049608	-0.003796044	-0.001271001	0	0	0	
63.328	24	19	49	31	1	-1499.936	-0.001771743	10.18673	0.0007392509	-0.00384423	-0.001324359	0	0	0	
63.344	24	19	49	31	1	-1499.936	-0.001702838	10.24072	0.0006445699	-0.003076063	-0.001357296	0	0	0	
63.36	24	19	49	31	1	-1499.935	-0.001651089	10.28394	0.0006622515	-0.001623604	-0.001395696	0	0	0	
63.38	24	19	49	31	1	-1499.934	-0.001596217	10.33797	0.0008753858	-0.0009228955	-0.001424156	0	0	0	
63.4	24	19	49	31	1	-1499.934	-0.001547692	10.39203	0.001236237	-0.00128944	-0.001453621	0	0	0	
63.424	24	19	49	31	1	-1499.933	-0.001492428	10.45693	0.001561985	-0.002213456	-0.001484501	0	0	0	
63.448	24	19	49	32	1	-1499.933	-0.001446765	10.51103	0.001618919	-0.002143656	-0.0015108	0	0	0	
63.472	24	19	49	32	1	-1499.932	-0.001383018	10.58679	0.001379032	-0.001900977	-0.00153905	0	0	0	
63.496	24	19	49	32	1	-1499.931	-0.001333276	10.65174	0.001057636	-0.002223437	-0.001575517	0	0	0	
63.52	24	19	49	32	1	-1499.93	-0.001294208	10.71671	0.0009131433	-0.00256225	-0.001616511	0	0	0	
63.548	24	19	49	32	1	-1499.93	-0.001262801	10.79252	0.001043543	-0.0009875359	-0.001672354	0	0	0	
63.572	24	19	49	32	1	-1499.929	-0.001237472	10.85751	0.0009846639	-0.0004679785	-0.001711109	0	0	0	
63.608	24	19	49	32	1	-1499.928	-0.00120842	10.95498	0.0009159645	-0.000954009	-0.001777714	0	0	0	
63.636	24	19	49	32	1	-1499.927	-0.001200147	11.03078	0.00110529	-0.001846561	-0.001817332	0	0	0	
63.656	24	19	49	32	1	-1499.927	-0.001200946	11.07409	0.001345394	-0.001952578	-0.001841534	0	0	0	
63.676	24	19	49	32	1	-1499.926	-0.00120483	11.13904	0.001453618	-0.001217244	-0.001861692	0	0	0	
63.7	24	19	49	32	1	-1499.925	-0.001204335	11.20397	0.001208196	8.096299e-05	-0.001876116	0	0	0	
63.728	24	19	49	32	1	-1499.924	-0.001188901	11.27971	0.0001559325	-0.00016723	-0.001887228	0	0	0	
63.752	24	19	49	32	1	-1499.924	-0.001166478	11.3446	-0.001084854	-0.001064265	-0.001894648	0	0	0	
63.776	24	19	49	32	1	-1499.923	-0.00114768	11.40947	-0.001973249	-0.001270547	-0.001905297	0	0	0	
63.804	24	19	49	32	1	-1499.922	-0.001145719	11.4743	-0.0017498	-0.001082846	-0.001905925	0	0	0	
63.824	24	19	49	32	1	-1499.922	-0.001162721	11.5391	-0.0007684143	-0.0009724822	-0.001900389	0	0	0	
63.848	24	19	49	32	1	-1499.921	-0.001176292	11.60386	0.0004075659	-0.001111592	-0.001893408	0	0	0	
63.872	24	19	49	32	1	-1499.92	-0.001175075	11.66858	0.001023524	-0.001472457	-0.001881907	0	0	0	
63.896	24	19	49	32	1	-1499.92	-0.001159561	11.72248	0.0008301928	-0.001575804	-0.001858263	0	0	0	
63.916	24	19	49	32	1	-1499.919	-0.001134878	11.78712	0.0004238305	-0.001574414	-0.001839607	0	0	0	
63.936	24	19	49	33	1	-1499.918	-0.001118441	11.84095	0.0001097917	-0.001352025	-0.001820127	0	0	0	
63.956	24	19	49	33	1	-1499.918	-0.001104369	11.89474	-0.0001441622	-0.000937271	-0.00179476	0	0	0	
63.992	24	19	49	33	1	-1499.917	-0.001094237	11.98073	4.835291e-05	9.515124e-05	-0.001767091	0	0	0	
64.016	24	19	49	33	1	-1499.916	-0.001092428	12.04515	0.0003357182	0.001141997	-0.00175293	0	0	0	
64.04	24	19	49	33	1	-1499.915	-0.001085473	12.12023	0.0004641105	0.001264613	-0.001741257	0	0	0	
64.056	24	19	49	33	1	-1499.915	-0.001077957	12.16309	0.0003936288	0.0007027581	-0.001733447	0	0	0	
64.08	24	19	49	33	1	-1499.914	-0.001066141	12.21662	0.0001781951	-0.0006743953	-0.00172334	0	0	0	
64.1	24	19	49	33	1	-1499.913	-0.001060378	12.27009	0.0001730055	-0.002001786	-0.001719973	0	0	0	
64.116	24	19	49	33	1	-1499.913	-0.001053282	12.32352	0.0001195728	-0.002531202	-0.001715812	0	0	0	
64.14	24	19	49	33	1	-1499.912	-0.001055432	12.3769	0.0004650102	-0.002510174	-0.001699744	0	0	0	
64.156	24	19	49	33	1	-1499.912	-0.001065337	12.43022	0.0008527634	-0.002307751	-0.001687358	0	0	0	
64.18	24	19	49	33	1	-1499.911	-0.00107187	12.49414	0.001115219	-0.001950933	-0.001668909	0	0	0	
64.208	24	19	49	33	1	-1499.91	-0.001075554	12.56861	0.001040543	-0.00111216	-0.00166135	0	0	0	
64.236	24	19	49	33	1	-1499.909	-0.001051134	12.64296	-0.0002212692	-0.002275327	-0.00167243	0	0	0	
64.26	24	19	49	33	1	-1499.908	-0.00100909	12.7066	-0.001969455	-0.003389251	-0.001686929	0	0	0	
64.284	24	19	49	33	1	-1499.908	-0.0009577957	12.77014	-0.003637803	-0.002884424	-0.001704216	0	0	0	
64.3	24	19	49	33	1	-1499.907	-0.0009234457	12.81246	-0.004531974	-0.001023178	-0.001723613	0	0	0	
64.324	24	19	49	33	1	-1499.906	-0.0008602675	12.87585	-0.005146825	0.001573111	-0.001750129	0	0	0	
64.356	24	19	49	33	1	-1499.905	-0.0007508438	12.96022	-0.005459657	0.003730066	-0.001783742	0	0	0	
64.376	24	19	49	33	1	-1499.905	-0.0006806734	13.00235	-0.005425336	0.002280474	-0.001788089	0	0	0	
64.404	24	19	49	34	1	-1499.904	-0.0005134063	13.08646	-0.00488807	-0.001384388	-0.001784945	0	0	0	
64.436	24	19	49	34	1	-1499.903	-0.0003741669	13.1599	-0.00235353	-0.003935793	-0.001794445	0	0	0	
64.464	24	19	49	34	1	-1499.902	-0.0002344432	13.24367	0.001146388	-0.004188691	-0.001811483	0	0	0	
64.492	24	19	49	34	1	-1499.901	-0.0001216592	13.3168	0.00466922	-0.001827908	-0.001821053	0	0	0	
64.528	24	19	49	34	1	-1499.9	-7.251291e-06	13.41061	0.008390437	0.0002411782	-0.001821785	0	0	0	
64.568	24	19	49	34	1	-1499.899	0.0001086122	13.50416	0.008371634	0.001452421	-0.00181729	0	0	0	
64.604	24	19	49	34	1	-1499.898	0.0002214216	13.6078	0.005201434	0.0002971493	-0.001825195	0	0	0	
64.636	24	19	49	34	1	-1499.897	0.0002697929	13.69046	0.001870645	-0.0020956	-0.001820009	0	0	0	
64.656	24	19	49	34	1	-1499.896	0.0002900658	13.73171	-0.0004061832	-0.00375983	-0.001801424	0	0	0	
64.672	24	19	49	34	1	-1499.896	0.0003038421	13.7729	-0.001888382	-0.00474226	-0.001782958	0	0	0	
64.692	24	19	49	34	1	-1499.895	0.0003084078	13.83458	-0.003116148	-0.004824183	-0.001763647	0	0	0	
64.708	24	19	49	34	1	-1499.895	0.0002971752	13.87562	-0.003332248	-0.003776732	-0.001752036	0	0	0	
64.732	24	19	49	34	1	-1499.894	0.0002659296	13.93709	-0.002618087	-0.001414889	-0.001733425	0	0	0	
64.76	24	19	49	34	1	-1499.893	0.0002317081	14.00863	-0.001212979	-0.0003690227	-0.001703053	0	0	0	
64.772	24	19	49	34	1	-1499.893	0.000221497	14.03924	-0.0006335351	-0.0007738012	-0.001693423	0	0	0	
64.792	24	19	49	34	1	-1499.892	0.0002084615	14.09017	0.0002635593	-0.001785572	-0.001683268	0	0	0	
64.816	24	19	49	34	1	-1499.892	0.0001931488	14.141	0.001423811	-0.002829191	-0.001676395	0	0	0	
64.84	24	19	49	34	1	-1499.891	0.0001680403	14.21201	0.002415611	-0.003109189	-0.001673267	0	0	0	
64.864	24	19	49	34	1	-1499.89	0.0001566134	14.27271	0.002636952	-0.003031918	-0.001672452	0	0	0	
64.884	24	19	49	34	1	-1499.889	0.0001544112	14.32318	0.00206803	-0.002707536	-0.001674485	0	0	0	
64.912	24	19	49	35	1	-1499.889	0.0001594561	14.38362	0.0008455613	-0.002123987	-0.001688349	0	0	0	
64.932	24	19	49	35	1	-1499.888	0.0001603845	14.44391	-0.0001134691	-0.00141218	-0.001696787	0	0	0	
64.956	24	19	49	35	1	-1499.887	0.0001513668	14.50405	-0.0009104038	-0.0008797362	-0.001701587	0	0	0	
64.984	24	19	49	35	1	-1499.887	0.0001408019	14.56404	-0.001541908	-0.001506372	-0.001706876	0	0	0	
65.008	24	19	49	35	1	-1499.886	0.0001339311	14.63383	-0.001897019	-0.002337055	-0.001711769	0	0	0	
65.036	24	19	49	35	1	-1499.885	0.0001195965	14.69349	-0.001451183	-0.001785296	-0.001723849	0	0	0	
65.06	24	19	49	35	1	-1499.885	9.854182e-05	14.7629	-0.0006578004	-0.0020109	-0.001736636	0	0	0	
65.092	24	19	49	35	1	-1499.884	8.782097e-05	14.84197	0.0002463789	-0.002905276	-0.001755393	0	0	0	
65.128	24	19	49	35	1	-1499.883	9.465406e-05	14.93058	0.0004463147	-0.002712707	-0.001772587	0	0	0	
65.164	24	19	49	35	1	-1499.882	0.0001087514	15.00905	0.0002674754	-0.001661668	-0.001786857	0	0	0	
65.2	24	19	49	35	1	-1499.881	0.0001226497	15.09697	0.0001451809	-0.001872469	-0.001805828	0	0	0	
65.228	24	19	49	35	1	-1499.88	0.0001268663	15.1651	0.0002598908	-0.003347655	-0.001825288	0	0	0	
65.248	24	19	49	35	1	-1499.88	0.0001314528	15.22331	0.0002676143	-0.00459186	-0.001840348	0	0	0	
65.272	24	19	49	35	1	-1499.879	0.0001343031	15.28136	0.0003273242	-0.005019203	-0.001864842	0	0	0	
65.296	24	19	49	35	1	-1499.878	0.0001372508	15.33924	0.0003447635	-0.0041071	-0.001888893	0	0	0	
65.32	24	19	49	35	1	-1499.878	0.0001405608	15.38733	0.00026319	-0.001659991	-0.001908026	0	0	0	
65.344	24	19	49	35	1	-1499.877	0.0001547026	15.4449	-0.0002540604	0.0008646532	-0.001928397	0	0	0	
65.364	24	19	49	35	1	-1499.877	0.0001767211	15.50228	-0.0007921824	0.001380541	-0.001943	0	0	0	
65.384	24	19	49	35	1	-1499.876	0.0001937264	15.54997	-0.001161046	-3.159026e-06	-0.001955854	0	0	0	
65.412	24	19	49	35	1	-1499.876	0.000227391	15.61654	-0.001721354	-0.001526114	-0.001969366	0	0	0	
65.44	24	19	49	36	1	-1499.875	0.0002512471	15.67341	-0.001559994	-0.001586786	-0.001977844	0	0	0	
65.456	24	19	49	36	1	-1499.875	0.0002578791	15.72067	-0.0009024317	-0.001748531	-0.001979959	0	0	0	
65.48	24	19	49	36	1	-1499.874	0.0002556176	15.77721	0.0005251326	-0.001976789	-0.001973339	0	0	0	
65.508	24	19	49	36	1	-1499.873	0.0002576033	15.83357	0.001950102	-0.001659055	-0.001962772	0	0	0	
65.536	24	19	49	36	1	-1499.873	0.0002497779	15.90844	0.003191739	-0.001971115	-0.001961869	0	0	0	
65.568	24	19	49	36	1	-1499.872	0.0002560372	15.98298	0.003164976	-0.002754118	-0.00197433	0	0	0	
65.584	24	19	49	36	1	-1499.872	0.000268087	16.02012	0.002447547	-0.002772569	-0.001983486	0	0	0	
65.608	24	19	49	36	1	-1499.871	0.0002939886	16.07569	0.0007590128	-0.002522593	-0.001993703	0	0	0	
65.632	24	19	49	36	1	-1499.87	0.0003275075	16.13107	-0.001311706	-0.002538387	-0.001999896	0	0	0	
65.668	24	19	49	36	1	-1499.87	0.0003891707	16.21379	-0.004172811	-0.005127031	-0.001989229	0	0	0	
65.7	24	19	49	36	1	-1499.869	0.0004292838	16.28697	-0.004753473	-0.006156471	-0.001979063	0	0	0	
65.724	24	19	49	36	1	-1499.869	0.0004519291	16.33254	-0.004011936	-0.004573024	-0.001989703	0	0	0	
65.732	24	19	49	36	1	-1499.868	0.0004644438	16.35983	-0.003557705	-0.003896615	-0.001992833	0	0	0	
65.76	24	19	49	36	1	-1499.868	0.0004914688	16.42329	-0.001364116	-0.001354145	-0.001997639	0	0	0	
65.78	24	19	49	36	1	-1499.867	0.0005150308	16.45944	7.295511e-05	-0.0004299274	-0.001996668	0	0	0	
65.816	24	19	49	36	1	-1499.867	0.0006080552	16.54945	0.00157184	-0.001433676	-0.002000009	0	0	0	
65.84	24	19	49	36	1	-1499.866	0.0006630242	16.59425	0.001997344	-0.002323722	-0.002003381	0	0	0	
65.864	24	19	49	36	1	-1499.866	0.0007193928	16.65674	0.002680904	-0.003251335	-0.002007607	0	0	0	
65.884	24	19	49	36	1	-1499.866	0.000745853	16.69233	0.003118254	-0.003737116	-0.002009922	0	0	0	
65.92	24	19	49	36	1	-1499.865	0.0007823599	16.78092	0.003805967	-0.003536132	-0.002025578	0	0	0	
65.948	24	19	49	37	1	-1499.864	0.0007907076	16.84262	0.00381527	-0.002373359	-0.002037205	0	0	0	
65.972	24	19	49	37	1	-1499.864	0.0007966606	16.89529	0.003111991	-0.001646358	-0.002041713	0	0	0	
66	24	19	49	37	1	-1499.863	0.0008075602	16.95649	0.001460525	-0.0007380042	-0.002049536	0	0	0	
66.032	24	19	49	37	1	-1499.863	0.0008282449	17.02611	-0.001091438	0.0001311036	-0.002049878	0	0	0	
66.056	24	19	49	37	1	-1499.862	0.0008455679	17.06944	-0.002937111	0.0001524081	-0.002038405	0	0	0	
66.08	24	19	49	37	1	-1499.862	0.0008576988	17.12987	-0.003863776	-0.0005677819	-0.002010413	0	0	0	
66.104	24	19	49	37	1	-1499.862	0.0008735019	17.18145	-0.004285487	-0.001840341	-0.001971077	0	0	0	
66.128	24	19	49	37	1	-1499.861	0.0009025346	17.23283	-0.004283335	-0.002399272	-0.001942482	0	0	0	
66.16	24	19	49	37	1	-1499.861	0.0009487725	17.29252	-0.003598225	-0.002630451	-0.001897154	0	0	0	
66.184	24	19	49	37	1	-1499.86	0.001002167	17.34346	-0.002704939	-0.002837753	-0.001868806	0	0	0	
66.204	24	19	49	37	1	-1499.86	0.001054393	17.3942	-0.001480702	-0.003004236	-0.001846684	0	0	0	
66.228	24	19	49	37	1	-1499.86	0.001103925	17.44473	0.0003228086	-0.003271003	-0.001818844	0	0	0	
66.244	24	19	49	37	1	-1499.859	0.001137378	17.4783	0.001510619	-0.003501517	-0.001800973	0	0	0	
66.26	24	19	49	37	1	-1499.859	0.00117054	17.51178	0.002591157	-0.003508312	-0.001784319	0	0	0	
66.284	24	19	49	37	1	-1499.859	0.001224141	17.56183	0.003768718	-0.002083852	-0.001746738	0	0	0	
66.308	24	19	49	37	1	-1499.858	0.001283168	17.61168	0.003885565	-0.0008470918	-0.001711097	0	0	0	
66.344	24	19	49	37	1	-1499.858	0.001368371	17.68606	0.003032417	0.0004627917	-0.001650385	0	0	0	
66.368	24	19	49	37	1	-1499.857	0.001406923	17.72718	0.002128165	0.0007453606	-0.001615963	0	0	0	
66.392	24	19	49	37	1	-1499.857	0.001450201	17.78451	0.001172384	0.0007948023	-0.001582773	0	0	0	
66.404	24	19	49	37	1	-1499.857	0.001460624	17.80084	0.000692876	0.0008907235	-0.001569185	0	0	0	
66.424	24	19	49	38	1	-1499.856	0.001484568	17.84968	8.605674e-05	0.0005173746	-0.001552859	0	0	0	
66.444	24	19	49	38	1	-1499.856	0.001502555	17.89022	-0.0004885652	-0.0007415141	-0.001542989	0	0	0	
66.46	24	19	49	38	1	-1499.856	0.001522798	17.92255	-0.001097291	-0.002146456	-0.001538441	0	0	0	
66.484	24	19	49	38	1	-1499.855	0.001559868	17.97088	-0.002034545	-0.003912504	-0.001535126	0	0	0	
66.512	24	19	49	38	1	-1499.855	0.001607749	18.02699	-0.002775486	-0.003470416	-0.00153747	0	0	0	
66.536	24	19	49	38	1	-1499.854	0.001653096	18.07486	-0.002985572	-0.0008524503	-0.001551401	0	0	0	
66.556	24	19	49	38	1	-1499.854	0.001687711	18.1146	-0.002608892	0.0009189128	-0.001558717	0	0	0	
66.584	24	19	49	38	1	-1499.854	0.001727614	18.16998	-0.001212607	0.0007457608	-0.001550491	0	0	0	
66.604	24	19	49	38	1	-1499.853	0.001753174	18.20937	0.0001187277	-0.0005749799	-0.001542705	0	0	0	
66.628	24	19	49	38	1	-1499.853	0.001783839	18.24861	0.001471945	-0.002161478	-0.001540493	0	0	0	
66.648	24	19	49	38	1	-1499.853	0.001828897	18.2955	0.002166136	-0.002979502	-0.001537018	0	0	0	
66.684	24	19	49	38	1	-1499.852	0.001904981	18.36545	0.002465037	-0.002605871	-0.001523113	0	0	0	
66.712	24	19	49	38	1	-1499.852	0.001954859	18.41181	0.002028979	-0.00129975	-0.00150998	0	0	0	
66.732	24	19	49	38	1	-1499.851	0.002008527	18.45796	0.001301032	-0.0007827115	-0.001509576	0	0	0	
66.756	24	19	49	38	1	-1499.851	0.002057699	18.5039	0.0003922111	-0.001230331	-0.001512026	0	0	0	
66.792	24	19	49	38	1	-1499.85	0.002108551	18.57241	-0.0002550314	-0.00396763	-0.00151764	0	0	0	
66.824	24	19	49	38	1	-1499.85	0.002126976	18.62537	0.0001276137	-0.004276738	-0.001517372	0	0	0	
66.84	24	19	49	38	1	-1499.85	0.002132879	18.66302	0.000529384	-0.003369642	-0.00151465	0	0	0	
66.864	24	19	49	38	1	-1499.849	0.002122986	18.708	0.001604432	-0.001228243	-0.001507986	0	0	0	
66.892	24	19	49	38	1	-1499.849	0.002102707	18.76021	0.002787128	0.002034059	-0.001496955	0	0	0	
66.916	24	19	49	39	1	-1499.848	0.002095489	18.79733	0.002926083	0.002654341	-0.001491524	0	0	0	
66.936	24	19	49	39	1	-1499.848	0.002103442	18.84169	0.002155307	0.0009602368	-0.001493593	0	0	0	
66.964	24	19	49	39	1	-1499.848	0.002115389	18.89317	0.000636161	-0.002364859	-0.001506229	0	0	0	
66.992	24	19	49	39	1	-1499.847	0.002099184	18.94437	-7.136761e-05	-0.003904218	-0.001525392	0	0	0	
67.016	24	19	49	39	1	-1499.847	0.002082375	18.98803	-0.0005503221	-0.003806265	-0.001538544	0	0	0	
67.036	24	19	49	39	1	-1499.847	0.002072471	19.02425	-0.001002296	-0.002969413	-0.001549969	0	0	0	
67.056	24	19	49	39	1	-1499.846	0.002062354	19.06032	-0.001303856	-0.001874305	-0.001561815	0	0	0	
67.08	24	19	49	39	1	-1499.846	0.002052239	19.09624	-0.001411974	-0.001014741	-0.001579053	0	0	0	
67.112	24	19	49	39	1	-1499.845	0.002033613	19.16052	-0.001129837	-0.001314684	-0.001597943	0	0	0	
67.14	24	19	49	39	1	-1499.845	0.002029027	19.21019	-0.0008699264	-0.003094049	-0.00160507	0	0	0	
67.164	24	19	49	39	1	-1499.845	0.002014325	19.25254	-8.205798e-05	-0.003669063	-0.001616543	0	0	0	
67.184	24	19	49	39	1	-1499.844	0.001993302	19.28768	0.0009078647	-0.00291298	-0.001627233	0	0	0	
67.204	24	19	49	39	1	-1499.844	0.001971434	19.32267	0.001820437	-0.001193713	-0.001632108	0	0	0	
67.228	24	19	49	39	1	-1499.844	0.001952273	19.36446	0.002371068	0.0004446262	-0.001633776	0	0	0	
67.26	24	19	49	39	1	-1499.843	0.001932456	19.41987	0.002248359	0.0009722651	-0.001637499	0	0	0	
67.296	24	19	49	39	1	-1499.843	0.001899584	19.48175	0.001631451	-0.001457427	-0.001654079	0	0	0	
67.328	24	19	49	39	1	-1499.842	0.001865398	19.53636	0.0007071492	-0.003503808	-0.001667182	0	0	0	
67.36	24	19	49	39	1	-1499.842	0.001837655	19.58383	-0.0004410636	-0.003071296	-0.001665709	0	0	0	
67.376	24	19	49	39	1	-1499.842	0.001804967	19.61757	-0.0006137558	-0.00224817	-0.001662651	0	0	0	
67.404	24	19	49	39	1	-1499.841	0.001747653	19.66456	-0.0004296883	-0.001181576	-0.001661241	0	0	0	
67.428	24	19	49	40	1	-1499.841	0.001705362	19.7046	-0.0003923121	-0.0002744967	-0.001659455	0	0	0	
67.46	24	19	49	40	1	-1499.841	0.001650173	19.75767	-0.00023955	-0.0009144803	-0.001652062	0	0	0	
67.492	24	19	49	40	1	-1499.84	0.001599632	19.81036	-0.0001290128	-0.002222267	-0.001650402	0	0	0	
67.512	24	19	49	40	1	-1499.84	0.001574926	19.84311	-0.0002553706	-0.003513345	-0.001652052	0	0	0	
67.536	24	19	49	40	1	-1499.84	0.001560492	19.88221	-0.0008637648	-0.00468877	-0.001652557	0	0	0	
67.56	24	19	49	40	1	-1499.839	0.00155166	19.91464	-0.001375574	-0.00385033	-0.001660101	0	0	0	
67.58	24	19	49	40	1	-1499.839	0.001524825	19.95337	-0.001139025	-0.001493134	-0.00166964	0	0	0	
67.604	24	19	49	40	1	-1499.839	0.001494172	19.99189	-0.0005636181	0.0006063539	-0.001684197	0	0	0	
67.628	24	19	49	40	1	-1499.838	0.001468405	20.03021	-2.944907e-05	0.001053601	-0.001702679	0	0	0	
67.66	24	19	49	40	1	-1499.838	0.001428248	20.08097	0.0008972992	-0.0004477596	-0.001728447	0	0	0	
67.688	24	19	49	40	1	-1499.838	0.00138873	20.1188	0.001919416	-0.001465236	-0.001751513	0	0	0	
67.708	24	19	49	40	1	-1499.837	0.001335059	20.15642	0.002784749	-0.002166541	-0.001762742	0	0	0	
67.732	24	19	49	40	1	-1499.837	0.001271453	20.19384	0.003651132	-0.002615605	-0.001774299	0	0	0	
67.748	24	19	49	40	1	-1499.837	0.001226554	20.21867	0.003949694	-0.001818611	-0.001778181	0	0	0	
67.78	24	19	49	40	1	-1499.837	0.001151777	20.26191	0.003370335	0.0005614505	-0.001796639	0	0	0	
67.812	24	19	49	40	1	-1499.836	0.001076153	20.31708	0.001139457	0.001163746	-0.001818555	0	0	0	
67.848	24	19	49	40	1	-1499.836	0.0009884589	20.37179	-0.001318413	-0.0008567792	-0.001838808	0	0	0	
67.884	24	19	49	40	1	-1499.835	0.0008853316	20.42603	-0.002689092	-0.002689815	-0.001854557	0	0	0	
67.908	24	19	49	40	1	-1499.835	0.0008177361	20.46194	-0.003054274	-0.002840243	-0.001874712	0	0	0	
67.94	24	19	49	40	1	-1499.834	0.0007470363	20.5095	-0.003222243	-0.003628969	-0.001896251	0	0	0	
67.968	24	19	49	41	1	-1499.834	0.0007038445	20.55082	-0.003107134	-0.004015837	-0.001911237	0	0	0	
67.992	24	19	49	41	1	-1499.834	0.0006794116	20.58603	-0.002841682	-0.00309532	-0.001918574	0	0	0	
68.02	24	19	49	41	1	-1499.833	0.0006526726	20.62684	-0.001880882	-0.0002125686	-0.001933323	0	0	0	
68.048	24	19	49	41	1	-1499.833	0.0006170572	20.66739	-0.0001225165	0.001072768	-0.001947941	0	0	0	
68.088	24	19	49	41	1	-1499.833	0.0005719619	20.71913	0.002303586	-0.001626021	-0.001969939	0	0	0	
68.116	24	19	49	41	1	-1499.832	0.0005512196	20.76475	0.002796149	-0.003783494	-0.00197556	0	0	0	
68.132	24	19	49	41	1	-1499.832	0.0005412712	20.78176	0.002892693	-0.00444387	-0.00197249	0	0	0	
68.152	24	19	49	41	1	-1499.832	0.0005254759	20.81564	0.002544299	-0.004502654	-0.001964781	0	0	0	
68.176	24	19	49	41	1	-1499.832	0.0005197317	20.8493	0.001391632	-0.003329851	-0.00194916	0	0	0	
68.216	24	19	49	41	1	-1499.831	0.0005060009	20.89943	-0.0007663892	-0.001484675	-0.001930002	0	0	0	
68.252	24	19	49	41	1	-1499.831	0.0004917136	20.94911	-0.002354359	-0.00227443	-0.001914522	0	0	0	
68.288	24	19	49	41	1	-1499.83	0.0004721316	21.00378	-0.002839526	-0.001410381	-0.001901573	0	0	0	
68.32	24	19	49	41	1	-1499.83	0.0004642015	21.04174	-0.002512063	-0.000982001	-0.0018938	0	0	0	
68.344	24	19	49	41	1	-1499.83	0.0004621184	21.07405	-0.001858303	-0.001945181	-0.001881042	0	0	0	
68.352	24	19	49	41	1	-1499.83	0.0004632689	21.09014	-0.001466191	-0.002231309	-0.00187266	0	0	0	
68.372	24	19	49	41	1	-1499.829	0.0004666377	21.11684	-0.000859331	-0.002302555	-0.00185814	0	0	0	
68.4	24	19	49	41	1	-1499.829	0.0004641415	21.15398	0.000601335	-0.001697288	-0.001832853	0	0	0	
68.416	24	19	49	41	1	-1499.829	0.0004551419	21.17509	0.001660397	-0.00127506	-0.001823228	0	0	0	
68.44	24	19	49	41	1	-1499.829	0.0004349405	21.20659	0.003203787	-0.001102391	-0.001808335	0	0	0	
68.456	24	19	49	41	1	-1499.829	0.00042259	21.22748	0.003884525	-0.001380537	-0.00179762	0	0	0	
68.476	24	19	49	42	1	-1499.828	0.0004073201	21.25347	0.004275009	-0.002020088	-0.001789239	0	0	0	
68.504	24	19	49	42	1	-1499.828	0.0003968112	21.28964	0.003536549	-0.003106852	-0.001788725	0	0	0	
68.524	24	19	49	42	1	-1499.828	0.0003859604	21.31531	0.002561603	-0.003431588	-0.001792143	0	0	0	
68.556	24	19	49	42	1	-1499.828	0.0003631327	21.35102	0.0006689011	-0.003002144	-0.001806835	0	0	0	
68.576	24	19	49	42	1	-1499.828	0.0003518332	21.37637	-0.0008661741	-0.002019376	-0.001819241	0	0	0	
68.596	24	19	49	42	1	-1499.827	0.0003378219	21.40661	-0.002209997	-0.001211806	-0.001830504	0	0	0	
68.624	24	19	49	42	1	-1499.827	0.0003139431	21.43667	-0.003171839	-0.001876838	-0.001832343	0	0	0	
68.656	24	19	49	42	1	-1499.827	0.0002638642	21.47644	-0.002596196	-0.003381477	-0.001822517	0	0	0	
68.68	24	19	49	42	1	-1499.827	0.0002102214	21.51097	-0.001336434	-0.002652588	-0.001810274	0	0	0	
68.704	24	19	49	42	1	-1499.827	0.0001691373	21.54036	9.20154e-06	-0.0009812448	-0.001808256	0	0	0	
68.732	24	19	49	42	1	-1499.826	0.000133611	21.5744	0.001153398	0.001768328	-0.001814471	0	0	0	
68.756	24	19	49	42	1	-1499.826	0.0001147277	21.60339	0.001530593	0.002334583	-0.001830525	0	0	0	
68.78	24	19	49	42	1	-1499.826	0.0001030555	21.63218	0.001387167	0.0005462253	-0.001849264	0	0	0	
68.8	24	19	49	42	1	-1499.826	9.586499e-05	21.65604	0.0009867349	-0.001578483	-0.001861731	0	0	0	
68.816	24	19	49	42	1	-1499.826	8.962953e-05	21.67503	0.0005904487	-0.002953925	-0.001870436	0	0	0	
68.84	24	19	49	42	1	-1499.825	8.93076e-05	21.70336	-0.0003866599	-0.003424207	-0.001882061	0	0	0	
68.868	24	19	49	42	1	-1499.825	8.865522e-05	21.73617	-0.001407838	-0.00177573	-0.001900941	0	0	0	
68.896	24	19	49	42	1	-1499.825	8.050917e-05	21.76874	-0.001805401	-0.0006347957	-0.001914016	0	0	0	
68.92	24	19	49	42	1	-1499.825	6.609748e-05	21.79645	-0.001517158	-0.000627585	-0.001910059	0	0	0	
68.952	24	19	49	42	1	-1499.824	4.246939e-05	21.83311	-0.0005471938	-0.0003329533	-0.001903811	0	0	0	
68.98	24	19	49	43	1	-1499.824	2.003985e-05	21.86492	0.0005320911	0.0006570033	-0.001910204	0	0	0	
68.996	24	19	49	43	1	-1499.824	8.996356e-06	21.88298	0.00104858	0.00118925	-0.001914811	0	0	0	
69.032	24	19	49	43	1	-1499.824	-3.093916e-05	21.91886	0.002591142	0.001121466	-0.001933588	0	0	0	
69.052	24	19	49	43	1	-1499.823	-7.970346e-05	21.94555	0.003567644	0.0002877436	-0.001948814	0	0	0	
69.072	24	19	49	43	1	-1499.823	-0.0001141645	21.96325	0.004090099	-0.001057943	-0.001962841	0	0	0	
69.092	24	19	49	43	1	-1499.823	-0.0001550154	21.98965	0.003795545	-0.002379979	-0.001976642	0	0	0	
69.124	24	19	49	43	1	-1499.823	-0.0002123825	22.02456	0.002474868	-0.002545327	-0.001980145	0	0	0	
69.144	24	19	49	43	1	-1499.822	-0.0002615634	22.04623	0.001660085	-0.001560896	-0.001971339	0	0	0	
69.176	24	19	49	43	1	-1499.822	-0.0003570889	22.08065	0.000529783	0.00111541	-0.001957206	0	0	0	
69.2	24	19	49	43	1	-1499.822	-0.0004207787	22.102	-0.0002741714	0.001819338	-0.001946511	0	0	0	
69.236	24	19	49	43	1	-1499.821	-0.0005492271	22.14435	-0.00129515	-0.0007816877	-0.001948474	0	0	0	
69.276	24	19	49	43	1	-1499.821	-0.0007001916	22.18621	-0.001035771	-0.002897074	-0.001972318	0	0	0	
69.312	24	19	49	43	1	-1499.821	-0.0008359602	22.21935	0.0002911451	-0.001932525	-0.002005547	0	0	0	
69.34	24	19	49	43	1	-1499.82	-0.0009651273	22.2481	0.00160924	-0.0006357596	-0.002041226	0	0	0	
69.364	24	19	49	43	1	-1499.82	-0.001077755	22.27255	0.002543338	-0.000559984	-0.002076828	0	0	0	
69.376	24	19	49	43	1	-1499.82	-0.001159584	22.28876	0.003017599	-0.0006530343	-0.002095579	0	0	0	
69.388	24	19	49	43	1	-1499.82	-0.001221639	22.30087	0.003353686	-0.000883272	-0.002113452	0	0	0	
69.412	24	19	49	43	1	-1499.819	-0.001339696	22.32495	0.003342946	-0.001706054	-0.002146841	0	0	0	
69.436	24	19	49	43	1	-1499.819	-0.001450897	22.34886	0.002482357	-0.002722008	-0.002179743	0	0	0	
69.464	24	19	49	43	1	-1499.819	-0.001586968	22.37654	0.001126902	-0.002986909	-0.002200986	0	0	0	
69.48	24	19	49	44	1	-1499.819	-0.001659679	22.39225	2.766635e-05	-0.002166304	-0.002208733	0	0	0	
69.512	24	19	49	44	1	-1499.818	-0.001794659	22.42346	-0.00243107	0.0004316568	-0.002231296	0	0	0	
69.532	24	19	49	44	1	-1499.818	-0.001876876	22.44281	-0.003674772	0.00107851	-0.002238069	0	0	0	
69.552	24	19	49	44	1	-1499.818	-0.001966642	22.46205	-0.004170903	-1.521608e-06	-0.002238417	0	0	0	
69.576	24	19	49	44	1	-1499.818	-0.002081357	22.48499	-0.003797114	-0.002602479	-0.002231972	0	0	0	
69.616	24	19	49	44	1	-1499.817	-0.002280051	22.52284	-0.001444719	-0.004105307	-0.002227926	0	0	0	
69.652	24	19	49	44	1	-1499.817	-0.002423975	22.55653	0.0001964821	-0.003132898	-0.002223878	0	0	0	
69.684	24	19	49	44	1	-1499.816	-0.002545731	22.58616	0.001405102	-0.001462889	-0.002216435	0	0	0	
69.724	24	19	49	44	1	-1499.816	-0.00270112	22.61916	0.002963361	-0.0001493704	-0.002205309	0	0	0	
69.748	24	19	49	44	1	-1499.816	-0.002832073	22.64456	0.003489652	0.0001791456	-0.002203869	0	0	0	
69.768	24	19	49	44	1	-1499.815	-0.002908582	22.65898	0.003521401	-0.0003384903	-0.002204893	0	0	0	
69.792	24	19	49	44	1	-1499.815	-0.003046703	22.68404	0.003063259	-0.0009654699	-0.00220171	0	0	0	
69.808	24	19	49	44	1	-1499.815	-0.003122363	22.69826	0.00231596	-0.001189136	-0.002193909	0	0	0	
69.836	24	19	49	44	1	-1499.815	-0.003268208	22.72297	0.001048812	-0.001312001	-0.00218022	0	0	0	
69.864	24	19	49	44	1	-1499.814	-0.003440964	22.74747	0.0004339401	-0.001774212	-0.002168	0	0	0	
69.904	24	19	49	44	1	-1499.814	-0.003686391	22.78208	-0.0006124257	-0.005119009	-0.002151664	0	0	0	
69.932	24	19	49	44	1	-1499.814	-0.003867438	22.80606	-0.0008711246	-0.005800878	-0.002141977	0	0	0	
69.96	24	19	49	44	1	-1499.814	-0.004061131	22.82983	-0.0004773539	-0.002489297	-0.002142318	0	0	0	
69.984	24	19	49	44	1	-1499.813	-0.004225267	22.85004	-9.28045e-05	0.0001748731	-0.00215049	0	0	0	
70	24	19	49	44	1	-1499.813	-0.004301408	22.86009	-0.0001185961	0.0009394023	-0.002157109	0	0	0	
70.024	24	19	49	45	1	-1499.813	-0.004467841	22.88339	-0.0004395518	0.0005586162	-0.002161708	0	0	0	
70.06	24	19	49	45	1	-1499.813	-0.004669452	22.91305	-0.00110538	-0.001975454	-0.002169622	0	0	0	
70.092	24	19	49	45	1	-1499.812	-0.004847057	22.93913	-0.001363448	-0.00315029	-0.002191039	0	0	0	
70.112	24	19	49	45	1	-1499.812	-0.004964877	22.95529	-0.0009538197	-0.002530711	-0.002219296	0	0	0	
70.136	24	19	49	45	1	-1499.812	-0.005119058	22.97454	-7.45574e-05	-0.001542607	-0.002235666	0	0	0	
70.156	24	19	49	45	1	-1499.812	-0.005263466	22.99047	0.001316881	-0.00068492	-0.002246467	0	0	0	
70.18	24	19	49	45	1	-1499.812	-0.005404923	23.0063	0.002591875	-0.0008289927	-0.002261686	0	0	0	
70.192	24	19	49	45	1	-1499.811	-0.005512493	23.01888	0.002928548	-0.001713324	-0.002269677	0	0	0	
70.212	24	19	49	45	1	-1499.811	-0.005637785	23.03452	0.002879127	-0.003538024	-0.002283774	0	0	0	
70.24	24	19	49	45	1	-1499.811	-0.005809837	23.05624	0.002072506	-0.004017927	-0.002300449	0	0	0	
70.264	24	19	49	45	1	-1499.811	-0.005943255	23.07469	0.0001421477	-0.003140209	-0.002318608	0	0	0	
70.284	24	19	49	45	1	-1499.811	-0.006045072	23.08996	-0.001261738	-0.002417697	-0.002327157	0	0	0	
70.312	24	19	49	45	1	-1499.811	-0.00616033	23.10815	-0.003683517	-0.00132625	-0.002339048	0	0	0	
70.324	24	19	49	45	1	-1499.81	-0.006231004	23.12019	-0.004610807	-0.001112468	-0.002343758	0	0	0	
70.34	24	19	49	45	1	-1499.81	-0.006301644	23.13217	-0.005490764	-0.001341422	-0.002349958	0	0	0	
70.364	24	19	49	45	1	-1499.81	-0.006410798	23.15002	-0.005774284	-0.002044415	-0.002356157	0	0	0	
70.4	24	19	49	45	1	-1499.81	-0.006556922	23.1736	-0.0042447	-0.003115453	-0.002344338	0	0	0	
70.428	24	19	49	45	1	-1499.81	-0.006715045	23.19693	-0.001366105	-0.002312664	-0.002335108	0	0	0	
70.452	24	19	49	45	1	-1499.81	-0.006837217	23.21426	0.001509932	-0.0007253337	-0.002330201	0	0	0	
70.484	24	19	49	45	1	-1499.809	-0.006983101	23.23714	0.004252908	-4.538484e-05	-0.00232865	0	0	0	
70.512	24	19	49	46	1	-1499.809	-0.00709049	23.25695	0.00483691	-0.001227823	-0.00233281	0	0	0	
70.536	24	19	49	46	1	-1499.809	-0.007152116	23.27099	0.003681943	-0.002602418	-0.002332094	0	0	0	
70.56	24	19	49	46	1	-1499.809	-0.007223608	23.29047	0.001435484	-0.003468887	-0.002332246	0	0	0	
70.58	24	19	49	46	2	-1499.809	-0.007280154	23.30426	-0.0004659001	-0.002590565	-0.002337925	0	0	0	
70.608	24	19	49	46	2	-1499.809	-0.007369905	23.32342	-0.002616474	-0.0009187398	-0.002354075	0	0	0	
70.628	24	19	49	46	2	-1499.809	-0.007451002	23.33702	-0.003181834	0.000633224	-0.002518679	0	0	0	
70.652	24	19	49	46	2	-1499.808	-0.00777603	23.35388	0.004436744	0.01856526	-0.003812919	0	0	0	
70.672	24	19	49	46	2	-1499.807	-0.008354411	23.3687	0.02464006	0.05607084	-0.00592879	0	0	0	
70.708	24	19	49	46	2	-1499.804	-0.01017518	23.39731	0.06483553	0.1032533	-0.009101349	0	0	0	
70.732	24	19	49	46	2	-1499.802	-0.01197716	23.41774	0.0970139	0.1160694	-0.01316791	0	0	0	
70.76	24	19	49	46	2	-1499.8	-0.01469335	23.44297	0.1294366	0.1022422	-0.02331536	0	0	0	
70.788	24	19	49	46	2	-1499.797	-0.01758046	23.4658	0.1397325	0.08411018	-0.03341245	0	0	0	
70.812	24	19	49	46	2	-1499.793	-0.02166867	23.49388	0.1364296	0.07355066	-0.04335263	0	0	0	
70.828	24	19	49	46	2	-1499.79	-0.02438083	23.51063	0.1275035	0.07332681	-0.04938982	0	0	0	
70.86	24	19	49	46	2	-1499.785	-0.02982263	23.54116	0.09908006	0.08499639	-0.06081921	0	0	0	
70.88	24	19	49	46	2	-1499.779	-0.03520407	23.56855	0.07876373	0.09411504	-0.06841504	0	0	0	
70.912	24	19	49	46	2	-1499.771	-0.04337374	23.60684	0.05064465	0.1011136	-0.08197601	0	0	0	
70.924	24	19	49	46	2	-1499.768	-0.0467161	23.62173	0.04311098	0.1005218	-0.08741009	0	0	0	
70.948	24	19	49	46	2	-1499.761	-0.05383564	23.65234	0.03469462	0.09601307	-0.09856192	0	0	0	
70.972	24	19	49	46	2	-1499.753	-0.06151231	23.68407	0.03638901	0.09058474	-0.1117735	0	0	0	
70.996	24	19	49	47	2	-1499.745	-0.06973097	23.71688	0.044169	0.08980838	-0.1212107	0	0	0	
71.012	24	19	49	47	2	-1499.74	-0.07550826	23.73935	0.05323453	0.09151201	-0.128697	0	0	0	
71.04	24	19	49	47	2	-1499.729	-0.08618481	23.77977	0.07178993	0.09762907	-0.1416219	0	0	0	
71.06	24	19	49	47	2	-1499.721	-0.09424798	23.80949	0.08434807	0.101953	-0.1508181	0	0	0	
71.092	24	19	49	47	2	-1499.707	-0.1079118	23.85849	0.09798953	0.1051438	-0.1657843	0	0	0	
71.112	24	19	49	47	2	-1499.699	-0.1151048	23.88365	0.1006811	0.1044329	-0.1753613	0	0	0	
71.132	24	19	49	47	2	-1499.69	-0.1244472	23.91572	0.09849105	0.1026481	-0.1849948	0	0	0	
71.16	24	19	49	47	2	-1499.674	-0.1402413	23.96847	0.08839444	0.1005554	-0.1983103	0	0	0	
71.184	24	19	49	47	2	-1499.661	-0.1527953	24.0092	0.0756559	0.1004915	-0.209422	0	0	0	
71.204	24	19	49	47	2	-1499.65	-0.1637246	24.04392	0.06425191	0.1016423	-0.2184821	0	0	0	
71.224	24	19	49	47	2	-1499.639	-0.1750726	24.07933	0.05378603	0.1033957	-0.2274062	0	0	0	
71.244	24	19	49	47	2	-1499.627	-0.1868288	24.11544	0.04554259	0.1051239	-0.2362274	0	0	0	
71.264	24	19	49	47	2	-1499.615	-0.198982	24.15223	0.04040596	0.1064126	-0.2449515	0	0	0	
71.304	24	19	49	47	2	-1499.589	-0.2244426	24.22784	0.04053005	0.1073249	-0.2620881	0	0	0	
71.328	24	19	49	47	2	-1499.573	-0.2404434	24.27447	0.04627037	0.1074078	-0.2721409	0	0	0	
71.352	24	19	49	47	2	-1499.556	-0.256982	24.32205	0.05428494	0.1078671	-0.2819802	0	0	0	
71.372	24	19	49	47	2	-1499.542	-0.2711739	24.36241	0.06119662	0.1085903	-0.2900102	0	0	0	
71.388	24	19	49	47	2	-1499.53	-0.2827963	24.39515	0.06604021	0.1093338	-0.2963266	0	0	0	
71.404	24	19	49	47	2	-1499.518	-0.2946588	24.42831	0.06973829	0.1100605	-0.3025573	0	0	0	
71.444	24	19	49	47	2	-1499.486	-0.3253817	24.51295	0.07213725	0.1113751	-0.3177849	0	0	0	
71.464	24	19	49	48	2	-1499.47	-0.3413242	24.55621	0.06947565	0.1117114	-0.3252209	0	0	0	
71.484	24	19	49	48	2	-1499.454	-0.3576614	24.60009	0.06474836	0.1119063	-0.3325318	0	0	0	
71.504	24	19	49	48	2	-1499.436	-0.3743977	24.64459	0.05871451	0.1120383	-0.3397057	0	0	0	
71.524	24	19	49	48	2	-1499.419	-0.3915343	24.6897	0.05222043	0.1122293	-0.3467346	0	0	0	
71.556	24	19	49	48	2	-1499.394	-0.4161947	24.7539	0.04295808	0.1128104	-0.3576709	0	0	0	
71.576	24	19	49	48	2	-1499.372	-0.437946	24.80989	0.03892075	0.1133444	-0.3643162	0	0	0	
71.604	24	19	49	48	2	-1499.349	-0.4602541	24.86674	0.0363697	0.1141689	-0.3733833	0	0	0	
71.632	24	19	49	48	2	-1499.318	-0.4908505	24.94388	0.03749747	0.1149439	-0.3821779	0	0	0	
71.66	24	19	49	48	2	-1499.294	-0.5144294	25.00272	0.04142665	0.1155518	-0.3907064	0	0	0	
71.68	24	19	49	48	2	-1499.27	-0.538545	25.0624	0.04506303	0.1158533	-0.3966444	0	0	0	
71.704	24	19	49	48	2	-1499.245	-0.5631971	25.1229	0.04929453	0.1161309	-0.4036019	0	0	0	
71.74	24	19	49	48	2	-1499.21	-0.5969065	25.20485	0.05333567	0.1166383	-0.413692	0	0	0	
71.764	24	19	49	48	2	-1499.179	-0.6271969	25.27771	0.05362077	0.1171223	-0.4201906	0	0	0	
71.788	24	19	49	48	2	-1499.152	-0.6537549	25.34103	0.0513394	0.1178059	-0.4275458	0	0	0	
71.812	24	19	49	48	2	-1499.125	-0.6808638	25.40512	0.04830542	0.1182636	-0.4326606	0	0	0	
71.84	24	19	49	48	2	-1499.092	-0.7131889	25.48087	0.04301512	0.1187277	-0.4396344	0	0	0	
71.864	24	19	49	48	2	-1499.063	-0.7414952	25.54663	0.03849947	0.1189658	-0.4454426	0	0	0	
71.904	24	19	49	48	2	-1499.014	-0.7898967	25.6579	0.03318596	0.1193558	-0.4547794	0	0	0	
71.94	24	19	49	48	2	-1498.973	-0.8297094	25.74839	0.03206724	0.1199658	-0.462818	0	0	0	
71.972	24	19	49	48	2	-1498.932	-0.8704828	25.84016	0.03388999	0.1206742	-0.4696749	0	0	0	
72.012	24	19	49	49	2	-1498.878	-0.9227889	25.95662	0.03807897	0.1214901	-0.4778811	0	0	0	
72.052	24	19	49	49	2	-1498.824	-0.9765766	26.07497	0.04151355	0.1219983	-0.4857229	0	0	0	
72.072	24	19	49	49	2	-1498.79	-1.009563	26.14687	0.04216974	0.1222076	-0.4895081	0	0	0	
72.092	24	19	49	49	2	-1498.761	-1.037462	26.20728	0.04192063	0.1224238	-0.4932034	0	0	0	
72.116	24	19	49	49	2	-1498.727	-1.071434	26.28037	0.04045878	0.1227036	-0.4975209	0	0	0	
72.136	24	19	49	49	2	-1498.697	-1.100158	26.34177	0.03846905	0.1229696	-0.5010257	0	0	0	
72.156	24	19	49	49	2	-1498.668	-1.129256	26.4036	0.03606724	0.1232482	-0.504446	0	0	0	
72.18	24	19	49	49	2	-1498.638	-1.158731	26.46586	0.03308291	0.1236063	-0.5084385	0	0	0	
72.2	24	19	49	49	2	-1498.601	-1.194595	26.54114	0.0308727	0.1238909	-0.511675	0	0	0	
72.228	24	19	49	49	2	-1498.558	-1.237114	26.62972	0.02869896	0.1242433	-0.5160721	0	0	0	
72.244	24	19	49	49	2	-1498.533	-1.261738	26.6807	0.02807998	0.1243993	-0.5185177	0	0	0	
72.268	24	19	49	49	2	-1498.494	-1.299117	26.75765	0.02805668	0.1246045	-0.5220939	0	0	0	
72.3	24	19	49	49	2	-1498.443	-1.349784	26.86114	0.02945803	0.1249251	-0.526695	0	0	0	
72.332	24	19	49	49	2	-1498.39	-1.401392	26.96563	0.03171089	0.1253613	-0.5311208	0	0	0	
72.364	24	19	49	49	2	-1498.336	-1.45394	27.07108	0.03374374	0.1258949	-0.5353696	0	0	0	
72.392	24	19	49	49	2	-1498.289	-1.500688	27.16413	0.03461787	0.1262767	-0.5389538	0	0	0	
72.42	24	19	49	49	2	-1498.24	-1.548154	27.25788	0.03431417	0.1265217	-0.5424266	0	0	0	
72.46	24	19	49	49	2	-1498.17	-1.617211	27.393	0.03204041	0.1267298	-0.5472041	0	0	0	
72.5	24	19	49	49	2	-1498.098	-1.687741	27.52949	0.02873868	0.1269567	-0.5517626	0	0	0	
72.528	24	19	49	49	2	-1498.046	-1.737988	27.62583	0.02669032	0.1272541	-0.5548235	0	0	0	
72.552	24	19	49	50	2	-1498.002	-1.781629	27.70892	0.02551618	0.1276074	-0.5573629	0	0	0	
72.588	24	19	49	50	2	-1497.941	-1.840636	27.82041	0.02506347	0.1281208	-0.561024	0	0	0	
72.608	24	19	49	50	2	-1497.903	-1.877987	27.89049	0.02546151	0.1283643	-0.5629856	0	0	0	
72.624	24	19	49	50	2	-1497.873	-1.908129	27.94678	0.02603942	0.1285404	-0.5645177	0	0	0	
72.64	24	19	49	50	2	-1497.834	-1.946133	28.0174	0.02676732	0.1287144	-0.5660172	0	0	0	
72.66	24	19	49	50	2	-1497.802	-1.976797	28.07411	0.02774401	0.1289081	-0.5678489	0	0	0	
72.68	24	19	49	50	2	-1497.763	-2.015452	28.14525	0.02863217	0.1290859	-0.569634	0	0	0	
72.704	24	19	49	50	2	-1497.707	-2.070176	28.24533	0.02935961	0.1292636	-0.5717203	0	0	0	
72.736	24	19	49	50	2	-1497.642	-2.133584	28.36037	0.02946323	0.1294452	-0.5744156	0	0	0	
72.772	24	19	49	50	2	-1497.568	-2.206024	28.4906	0.02835029	0.129724	-0.577328	0	0	0	
72.812	24	19	49	50	2	-1497.484	-2.287888	28.63629	0.02618252	0.1301255	-0.5804182	0	0	0	
72.848	24	19	49	50	2	-1497.408	-2.362802	28.76826	0.02427359	0.130478	-0.5830657	0	0	0	
72.876	24	19	49	50	2	-1497.347	-2.421874	28.87145	0.02328576	0.1307371	-0.585044	0	0	0	
72.904	24	19	49	50	2	-1497.286	-2.481651	28.97508	0.02294745	0.1309798	-0.5869523	0	0	0	
72.916	24	19	49	50	2	-1497.26	-2.507485	29.01964	0.02300906	0.131067	-0.5877488	0	0	0	
72.952	24	19	49	50	2	-1497.18	-2.585759	29.15377	0.02379246	0.1313094	-0.5900624	0	0	0	
72.976	24	19	49	50	2	-1497.126	-2.638584	29.24357	0.02459137	0.1314645	-0.5915478	0	0	0	
73	24	19	49	50	2	-1497.071	-2.691922	29.33368	0.02535987	0.131642	-0.5929879	0	0	0	
73.024	24	19	49	50	2	-1497.016	-2.745772	29.42407	0.02591434	0.131876	-0.5943837	0	0	0	
73.052	24	19	49	50	2	-1496.951	-2.809246	29.52989	0.02611448	0.1321528	-0.5959625	0	0	0	
73.076	24	19	49	51	2	-1496.895	-2.864205	29.62088	0.0258493	0.132304	-0.5972782	0	0	0	
73.096	24	19	49	51	2	-1496.848	-2.910394	29.69692	0.02534768	0.1323684	-0.5983473	0	0	0	
73.12	24	19	49	51	2	-1496.791	-2.96629	29.78839	0.02451274	0.1324438	-0.5995947	0	0	0	
73.144	24	19	49	51	2	-1496.733	-3.022698	29.88012	0.02356795	0.1325938	-0.6008036	0	0	0	
73.168	24	19	49	51	2	-1496.675	-3.079619	29.97209	0.02268325	0.1328371	-0.6019758	0	0	0	
73.192	24	19	49	51	2	-1496.616	-3.137049	30.0643	0.02200695	0.1331146	-0.6031102	0	0	0	
73.22	24	19	49	51	2	-1496.557	-3.194989	30.15673	0.0215979	0.1333927	-0.6043885	0	0	0	
73.244	24	19	49	51	2	-1496.497	-3.253435	30.24938	0.02160324	0.1335587	-0.6054448	0	0	0	
73.272	24	19	49	51	2	-1496.416	-3.332151	30.37325	0.02196453	0.1336973	-0.6066352	0	0	0	
73.296	24	19	49	51	2	-1496.365	-3.381805	30.45086	0.02246666	0.1338217	-0.6076208	0	0	0	
73.316	24	19	49	51	2	-1496.314	-3.431811	30.52859	0.02292138	0.133951	-0.6084195	0	0	0	
73.34	24	19	49	51	2	-1496.252	-3.49228	30.62205	0.02339555	0.1341378	-0.6093505	0	0	0	
73.36	24	19	49	51	2	-1496.19	-3.553254	30.7157	0.02365441	0.1343218	-0.6101022	0	0	0	
73.384	24	19	49	51	2	-1496.127	-3.614733	30.80952	0.02373029	0.134549	-0.6109774	0	0	0	
73.404	24	19	49	51	2	-1496.074	-3.666349	30.88783	0.02359003	0.1347076	-0.6116864	0	0	0	
73.428	24	19	49	51	2	-1496.01	-3.728749	30.98196	0.02320748	0.1348252	-0.6125165	0	0	0	
73.448	24	19	49	51	2	-1495.957	-3.781134	31.06051	0.02275775	0.1348755	-0.6131905	0	0	0	
73.472	24	19	49	51	2	-1495.892	-3.844455	31.15492	0.02213702	0.1349317	-0.6139748	0	0	0	
73.496	24	19	49	51	2	-1495.826	-3.90828	31.24947	0.02143795	0.1350434	-0.614851	0	0	0	
73.516	24	19	49	51	2	-1495.771	-3.96185	31.32837	0.02111749	0.1351382	-0.6153331	0	0	0	
73.532	24	19	49	52	2	-1495.738	-3.99416	31.37575	0.02088894	0.1352561	-0.6158009	0	0	0	
73.56	24	19	49	52	2	-1495.65	-4.08093	31.50225	0.02074294	0.1354825	-0.6165876	0	0	0	
73.596	24	19	49	52	2	-1495.548	-4.179608	31.64483	0.02100391	0.1357514	-0.6175405	0	0	0	
73.636	24	19	49	52	2	-1495.435	-4.290565	31.80352	0.02163114	0.1360321	-0.6185398	0	0	0	
73.676	24	19	49	52	2	-1495.32	-4.402901	31.9625	0.02216817	0.1362522	-0.6194895	0	0	0	
73.708	24	19	49	52	2	-1495.238	-4.482356	32.07393	0.02229564	0.1363385	-0.6202255	0	0	0	
73.732	24	19	49	52	2	-1495.156	-4.562485	32.18547	0.02217407	0.1364208	-0.6207593	0	0	0	
73.772	24	19	49	52	2	-1495.05	-4.6665	32.32902	0.02164939	0.1367244	-0.6216088	0	0	0	
73.796	24	19	49	52	2	-1494.966	-4.748172	32.44078	0.02123813	0.1369327	-0.6220934	0	0	0	
73.816	24	19	49	52	2	-1494.918	-4.795143	32.50468	0.02089736	0.1370694	-0.6224827	0	0	0	
73.848	24	19	49	52	2	-1494.821	-4.889741	32.63254	0.02048281	0.1371889	-0.6230781	0	0	0	
73.872	24	19	49	52	2	-1494.735	-4.973233	32.74448	0.02031716	0.1372292	-0.6235727	0	0	0	
73.9	24	19	49	52	2	-1494.649	-5.057394	32.85648	0.02036286	0.1373457	-0.624042	0	0	0	
73.924	24	19	49	52	2	-1494.587	-5.11792	32.9365	0.02050107	0.1374809	-0.6243611	0	0	0	
73.944	24	19	49	52	2	-1494.512	-5.191	33.03255	0.0207016	0.1376449	-0.6246675	0	0	0	
73.964	24	19	49	52	2	-1494.449	-5.252274	33.11261	0.02092847	0.1377979	-0.6249627	0	0	0	
74	24	19	49	52	2	-1494.335	-5.363422	33.25673	0.02127808	0.1379951	-0.6254729	0	0	0	
74.024	24	19	49	52	2	-1494.259	-5.43813	33.35283	0.02139052	0.1380787	-0.6257985	0	0	0	
74.056	24	19	49	52	2	-1494.156	-5.5385	33.48096	0.02136873	0.1381553	-0.6262151	0	0	0	
74.08	24	19	49	52	2	-1494.078	-5.614347	33.57705	0.02118359	0.1382337	-0.6265603	0	0	0	
74.104	24	19	49	53	2	-1494	-5.69068	33.67314	0.0209794	0.1383534	-0.626797	0	0	0	
74.128	24	19	49	53	2	-1493.921	-5.767501	33.7692	0.02070444	0.1385405	-0.6270699	0	0	0	
74.156	24	19	49	53	2	-1493.829	-5.85774	33.88125	0.02039367	0.1387492	-0.6273751	0	0	0	
74.18	24	19	49	53	2	-1493.762	-5.922599	33.96126	0.02019305	0.1388789	-0.6276281	0	0	0	
74.204	24	19	49	53	2	-1493.668	-6.013967	34.07324	0.0200918	0.1389262	-0.6278685	0	0	0	
74.224	24	19	49	53	2	-1493.601	-6.079632	34.1532	0.02009377	0.1389368	-0.6280578	0	0	0	
74.248	24	19	49	53	2	-1493.533	-6.145633	34.23312	0.02019463	0.138957	-0.6282739	0	0	0	
74.264	24	19	49	53	2	-1493.465	-6.211969	34.31301	0.02030827	0.1389943	-0.6284127	0	0	0	
74.284	24	19	49	53	2	-1493.411	-6.26528	34.3769	0.02047596	0.1390918	-0.6285779	0	0	0	
74.304	24	19	49	53	2	-1493.342	-6.33222	34.45673	0.02064555	0.1392306	-0.6287348	0	0	0	
74.332	24	19	49	53	2	-1493.231	-6.440017	34.58437	0.02083622	0.1393861	-0.6289463	0	0	0	
74.36	24	19	49	53	2	-1493.134	-6.535038	34.69596	0.02092133	0.1394493	-0.6291496	0	0	0	
74.396	24	19	49	53	2	-1493.008	-6.658165	34.8393	0.02081234	0.1394991	-0.6294199	0	0	0	
74.424	24	19	49	53	2	-1492.909	-6.754676	34.95066	0.02063138	0.1395989	-0.6295684	0	0	0	
74.452	24	19	49	53	2	-1492.809	-6.851838	35.06192	0.02037657	0.1398109	-0.6297285	0	0	0	
74.48	24	19	49	53	2	-1492.708	-6.949651	35.17306	0.0201472	0.1400499	-0.6298737	0	0	0	
74.516	24	19	49	53	2	-1492.578	-7.076364	35.31577	0.01998219	0.1402486	-0.6300362	0	0	0	
74.556	24	19	49	53	2	-1492.433	-7.218409	35.47407	0.02001693	0.1402645	-0.630198	0	0	0	
74.58	24	19	49	53	2	-1492.345	-7.304269	35.56892	0.02012302	0.1402259	-0.6302844	0	0	0	
74.604	24	19	49	53	2	-1492.256	-7.390603	35.66366	0.02026058	0.1402245	-0.6303675	0	0	0	
74.628	24	19	49	54	2	-1492.167	-7.477411	35.75829	0.02040196	0.1403114	-0.6304477	0	0	0	
74.656	24	19	49	54	2	-1492.062	-7.579286	35.86853	0.02054397	0.1405187	-0.6305369	0	0	0	
74.688	24	19	49	54	2	-1491.957	-7.681804	35.97861	0.02063841	0.1407128	-0.6306298	0	0	0	
74.72	24	19	49	54	2	-1491.821	-7.814554	36.11989	0.02063973	0.140803	-0.6307127	0	0	0	
74.752	24	19	49	54	2	-1491.699	-7.933442	36.24522	0.02053672	0.1408621	-0.6307876	0	0	0	
74.776	24	19	49	54	2	-1491.607	-8.023158	36.33906	0.02042056	0.1408975	-0.6308377	0	0	0	
74.796	24	19	49	54	2	-1491.545	-8.083229	36.40154	0.02031383	0.1409348	-0.6308735	0	0	0	
74.816	24	19	49	54	2	-1491.452	-8.173727	36.49514	0.02021549	0.1410046	-0.6309031	0	0	0	
74.836	24	19	49	54	2	-1491.374	-8.2495	36.57302	0.02013833	0.1411125	-0.630924	0	0	0	
74.86	24	19	49	54	2	-1491.28	-8.340858	36.66635	0.02008411	0.1412389	-0.6309433	0	0	0	
74.892	24	19	49	54	2	-1491.17	-8.448031	36.77503	0.02007831	0.1413743	-0.6309612	0	0	0	
74.908	24	19	49	54	2	-1491.091	-8.524972	36.85252	0.02011368	0.1414152	-0.6309696	0	0	0	
74.936	24	19	49	54	2	-1490.98	-8.633233	36.96083	0.02021752	0.1414188	-0.630983	0	0	0	
74.96	24	19	49	54	2	-1490.884	-8.726532	37.05348	0.02032255	0.1414157	-0.630989	0	0	0	
74.988	24	19	49	54	2	-1490.772	-8.835969	37.16136	0.02043488	0.1414699	-0.6309904	0	0	0	
75.008	24	19	49	54	2	-1490.691	-8.914526	37.23827	0.02049037	0.1415434	-0.6309868	0	0	0	
75.028	24	19	49	54	2	-1490.61	-8.993404	37.31507	0.02052024	0.141643	-0.6309813	0	0	0	
75.052	24	19	49	54	2	-1490.529	-9.072605	37.39173	0.02052738	0.1417728	-0.6309711	0	0	0	
75.072	24	19	49	54	2	-1490.431	-9.16807	37.48356	0.02051015	0.1418583	-0.6309599	0	0	0	
75.1	24	19	49	54	2	-1490.316	-9.280029	37.59047	0.02045449	0.1419021	-0.6309392	0	0	0	
75.124	24	19	49	55	2	-1490.233	-9.360383	37.66667	0.02038345	0.1419016	-0.6309114	0	0	0	
75.144	24	19	49	55	2	-1490.134	-9.457232	37.75793	0.02032424	0.1418983	-0.630881	0	0	0	
75.184	24	19	49	55	2	-1489.967	-9.619671	37.90961	0.0202724	0.1420184	-0.6307986	0	0	0	
75.228	24	19	49	55	2	-1489.782	-9.799832	38.07581	0.02030055	0.1422296	-0.630704	0	0	0	
75.268	24	19	49	55	2	-1489.612	-9.964948	38.2263	0.02036258	0.1422012	-0.6306048	0	0	0	
75.288	24	19	49	55	2	-1489.527	-10.04798	38.30134	0.02040124	0.1421437	-0.6305545	0	0	0	
75.316	24	19	49	55	2	-1489.407	-10.16476	38.40614	0.02043618	0.1421526	-0.6304792	0	0	0	
75.356	24	19	49	55	2	-1489.234	-10.33267	38.55534	0.02043373	0.1423472	-0.6303613	0	0	0	
75.4	24	19	49	55	2	-1489.043	-10.51883	38.71877	0.02039011	0.1424915	-0.6302284	0	0	0	
75.424	24	19	49	55	2	-1488.938	-10.62102	38.80759	0.02038749	0.142507	-0.6301614	0	0	0	
75.456	24	19	49	55	2	-1488.797	-10.75797	38.92568	0.02042171	0.1424913	-0.6300713	0	0	0	
75.496	24	19	49	55	2	-1488.62	-10.93029	39.0727	0.02049722	0.142493	-0.6299537	0	0	0	
75.516	24	19	49	55	2	-1488.53	-11.01692	39.14598	0.0205362	0.1424863	-0.6298897	0	0	0	
75.536	24	19	49	55	2	-1488.441	-11.10386	39.21908	0.02056576	0.1424924	-0.6298212	0	0	0	
75.564	24	19	49	55	2	-1488.315	-11.22611	39.32116	0.0205905	0.1425481	-0.6297158	0	0	0	
75.604	24	19	49	55	2	-1488.135	-11.40182	39.4664	0.02061778	0.1428127	-0.6295239	0	0	0	
75.628	24	19	49	55	2	-1488.026	-11.50784	39.55322	0.02061512	0.142935	-0.6294291	0	0	0	
75.66	24	19	49	55	2	-1487.88	-11.6499	39.66859	0.02059549	0.1430064	-0.629279	0	0	0	
75.688	24	19	49	55	2	-1487.751	-11.77485	39.76917	0.02057225	0.1429495	-0.6291482	0	0	0	
75.708	24	19	49	55	2	-1487.659	-11.86448	39.84081	0.02054939	0.1428897	-0.6290538	0	0	0	
75.732	24	19	49	56	2	-1487.548	-11.97244	39.92654	0.02052329	0.1428548	-0.6289382	0	0	0	
75.748	24	19	49	56	2	-1487.473	-12.04466	39.98355	0.02051713	0.1428625	-0.6288589	0	0	0	
75.756	24	19	49	56	2	-1487.436	-12.08084	40.01201	0.02051788	0.1428717	-0.6288184	0	0	0	
75.78	24	19	49	56	2	-1487.324	-12.1897	40.09723	0.02053998	0.1429445	-0.6286965	0	0	0	
75.804	24	19	49	56	2	-1487.231	-12.28075	40.16804	0.02058687	0.143021	-0.6285741	0	0	0	
75.832	24	19	49	56	2	-1487.099	-12.40874	40.26686	0.02066506	0.1430253	-0.6284268	0	0	0	
75.86	24	19	49	56	2	-1486.948	-12.55575	40.37936	0.02075567	0.1429804	-0.6282742	0	0	0	
75.88	24	19	49	56	2	-1486.853	-12.64803	40.44943	0.02084215	0.142987	-0.6281385	0	0	0	
75.9	24	19	49	56	2	-1486.757	-12.74062	40.51932	0.02089392	0.1430259	-0.6280454	0	0	0	
75.92	24	19	49	56	2	-1486.662	-12.83352	40.58901	0.02093808	0.1431019	-0.6279288	0	0	0	
75.944	24	19	49	56	2	-1486.547	-12.9454	40.67239	0.0209607	0.1431928	-0.6277882	0	0	0	
75.972	24	19	49	56	2	-1486.431	-13.05772	40.7555	0.02092175	0.1432648	-0.6276201	0	0	0	
75.996	24	19	49	56	2	-1486.315	-13.17048	40.83833	0.020837	0.1432479	-0.6274762	0	0	0	
76.02	24	19	49	56	2	-1486.179	-13.30259	40.93461	0.02073884	0.1431555	-0.6273349	0	0	0	
76.044	24	19	49	56	2	-1486.062	-13.4163	41.01684	0.02065783	0.1430749	-0.627193	0	0	0	
76.072	24	19	49	56	2	-1485.925	-13.54952	41.11241	0.02061185	0.1431058	-0.6270173	0	0	0	
76.092	24	19	49	56	2	-1485.827	-13.64504	41.18043	0.02062255	0.1432209	-0.6268628	0	0	0	
76.116	24	19	49	56	2	-1485.708	-13.76007	41.26181	0.02065699	0.1433209	-0.6267336	0	0	0	
76.148	24	19	49	56	2	-1485.55	-13.91412	41.36985	0.02074758	0.1433566	-0.6265253	0	0	0	
76.172	24	19	49	56	2	-1485.43	-14.03016	41.45055	0.02083639	0.1432929	-0.6263685	0	0	0	
76.196	24	19	49	57	2	-1485.33	-14.1272	41.51758	0.0209366	0.1432329	-0.6262129	0	0	0	
76.216	24	19	49	57	2	-1485.23	-14.22453	41.5844	0.02102834	0.1432353	-0.6260826	0	0	0	
76.24	24	19	49	57	2	-1485.089	-14.36131	41.67761	0.02111911	0.1432871	-0.625921	0	0	0	
76.252	24	19	49	57	2	-1485.049	-14.4005	41.70417	0.02114757	0.1433255	-0.6258386	0	0	0	
76.276	24	19	49	57	2	-1484.927	-14.51835	41.78365	0.02116837	0.1434018	-0.6256707	0	0	0	
76.3	24	19	49	57	2	-1484.785	-14.6564	41.87599	0.02114758	0.1434581	-0.6254986	0	0	0	
76.316	24	19	49	57	2	-1484.704	-14.73554	41.92858	0.0211195	0.1434755	-0.6253819	0	0	0	
76.336	24	19	49	57	2	-1484.602	-14.83474	41.99413	0.0210742	0.1434658	-0.6252084	0	0	0	
76.36	24	19	49	57	2	-1484.479	-14.95418	42.07251	0.02103684	0.1434277	-0.6250644	0	0	0	
76.4	24	19	49	57	2	-1484.273	-15.1542	42.20247	0.02099678	0.1433155	-0.6247748	0	0	0	
76.424	24	19	49	57	2	-1484.148	-15.27478	42.28004	0.02100747	0.1433133	-0.6245675	0	0	0	
76.456	24	19	49	57	2	-1483.982	-15.43623	42.383	0.02105324	0.1433536	-0.6243559	0	0	0	
76.48	24	19	49	57	2	-1483.857	-15.55782	42.45987	0.0211098	0.1433661	-0.6241681	0	0	0	
76.508	24	19	49	57	2	-1483.71	-15.70021	42.54916	0.02118536	0.1433576	-0.623911	0	0	0	
76.528	24	19	49	57	2	-1483.626	-15.78184	42.59999	0.02122128	0.1433672	-0.6237822	0	0	0	
76.552	24	19	49	57	2	-1483.478	-15.92514	42.68862	0.02126293	0.143399	-0.6235557	0	0	0	
76.596	24	19	49	57	2	-1483.266	-16.13087	42.8145	0.02127153	0.1434209	-0.6232317	0	0	0	
76.628	24	19	49	57	2	-1483.074	-16.31703	42.92706	0.02127539	0.1433331	-0.6229668	0	0	0	
76.656	24	19	49	57	2	-1482.924	-16.46249	43.01411	0.02129233	0.1432385	-0.6227291	0	0	0	
76.692	24	19	49	57	2	-1482.731	-16.65035	43.12542	0.02131485	0.1432783	-0.622414	0	0	0	
76.72	24	19	49	58	2	-1482.58	-16.79712	43.21149	0.02134646	0.143399	-0.6221655	0	0	0	
76.744	24	19	49	58	2	-1482.449	-16.92338	43.28493	0.02138376	0.1434372	-0.6219554	0	0	0	
76.788	24	19	49	58	2	-1482.232	-17.13475	43.40662	0.02145824	0.1433143	-0.6215772	0	0	0	
76.824	24	19	49	58	2	-1482.012	-17.34729	43.52742	0.02150143	0.1431842	-0.6212631	0	0	0	
76.86	24	19	49	58	2	-1481.814	-17.53957	43.63539	0.02153717	0.1431641	-0.6209358	0	0	0	
76.888	24	19	49	58	2	-1481.659	-17.68977	43.71887	0.02155271	0.1431937	-0.6206801	0	0	0	
76.916	24	19	49	58	2	-1481.504	-17.84054	43.80191	0.02155121	0.1431865	-0.6204213	0	0	0	
76.944	24	19	49	58	2	-1481.348	-17.99188	43.88451	0.02152956	0.1431923	-0.620161	0	0	0	
76.988	24	19	49	58	2	-1481.124	-18.20906	44.00174	0.0215092	0.1432096	-0.6197573	0	0	0	
77.016	24	19	49	58	2	-1480.944	-18.38364	44.09488	0.02152794	0.1431911	-0.6195008	0	0	0	
77.036	24	19	49	58	2	-1480.831	-18.49313	44.1528	0.02155756	0.1431696	-0.6193177	0	0	0	
77.056	24	19	49	58	2	-1480.718	-18.6029	44.21049	0.02159874	0.1431459	-0.6191326	0	0	0	
77.076	24	19	49	58	2	-1480.604	-18.71296	44.26795	0.02164268	0.143122	-0.6189479	0	0	0	
77.1	24	19	49	58	2	-1480.49	-18.8233	44.32519	0.0216942	0.143111	-0.6187239	0	0	0	
77.124	24	19	49	58	2	-1480.353	-18.9561	44.39357	0.0217442	0.1431173	-0.6184931	0	0	0	
77.152	24	19	49	58	2	-1480.17	-19.1338	44.48423	0.02180365	0.1431292	-0.6182166	0	0	0	
77.172	24	19	49	58	2	-1480.055	-19.24523	44.5406	0.02183398	0.1431047	-0.6180175	0	0	0	
77.196	24	19	49	58	2	-1479.917	-19.37933	44.60794	0.02186061	0.1430418	-0.6177814	0	0	0	
77.216	24	19	49	58	2	-1479.801	-19.49139	44.6638	0.02187874	0.1429717	-0.6175851	0	0	0	
77.236	24	19	49	58	2	-1479.685	-19.60373	44.71943	0.02188993	0.1429267	-0.6173858	0	0	0	
77.256	24	19	49	59	2	-1479.592	-19.69381	44.76378	0.02189743	0.1429149	-0.6171831	0	0	0	
77.28	24	19	49	59	2	-1479.452	-19.82927	44.83002	0.02190769	0.1429358	-0.616934	0	0	0	
77.308	24	19	49	59	2	-1479.265	-20.01053	44.91782	0.02192431	0.1429188	-0.6166366	0	0	0	
77.34	24	19	49	59	2	-1479.077	-20.1925	45.00504	0.02194019	0.1428486	-0.6162943	0	0	0	
77.364	24	19	49	59	2	-1478.936	-20.32946	45.07007	0.02196176	0.1427803	-0.616039	0	0	0	
77.392	24	19	49	59	2	-1478.771	-20.48975	45.14552	0.02200459	0.1427249	-0.6157423	0	0	0	
77.416	24	19	49	59	2	-1478.652	-20.60459	45.19913	0.02204781	0.1427183	-0.6154848	0	0	0	
77.456	24	19	49	59	2	-1478.414	-20.83511	45.30567	0.02213296	0.1427964	-0.6150494	0	0	0	
77.496	24	19	49	59	2	-1478.151	-21.08997	45.42179	0.02220402	0.142793	-0.6146157	0	0	0	
77.536	24	19	49	59	2	-1477.91	-21.32284	45.52638	0.02224273	0.1426446	-0.6141782	0	0	0	
77.568	24	19	49	59	2	-1477.717	-21.50994	45.6094	0.02225054	0.1425475	-0.6138252	0	0	0	
77.592	24	19	49	59	2	-1477.596	-21.62724	45.66098	0.02226356	0.1425242	-0.6135579	0	0	0	
77.624	24	19	49	59	2	-1477.377	-21.83908	45.75325	0.02228254	0.1425528	-0.6131977	0	0	0	
77.652	24	19	49	59	2	-1477.206	-22.00447	45.8245	0.0222946	0.1426064	-0.6128772	0	0	0	
77.688	24	19	49	59	2	-1476.986	-22.21791	45.91544	0.0223323	0.1425537	-0.612422	0	0	0	
77.716	24	19	49	59	2	-1476.814	-22.38454	45.98565	0.02235756	0.1424419	-0.6121533	0	0	0	
77.74	24	19	49	59	2	-1476.691	-22.50389	46.03552	0.02238319	0.14237	-0.6118848	0	0	0	
77.768	24	19	49	59	2	-1476.518	-22.67145	46.10496	0.02241087	0.1423479	-0.6115582	0	0	0	
77.796	24	19	49	59	2	-1476.319	-22.86361	46.18375	0.0224332	0.1423666	-0.6112181	0	0	0	
77.824	24	19	49	59	2	-1476.17	-23.00819	46.24246	0.02245662	0.1423461	-0.610873	0	0	0	
77.848	24	19	50	0	2	-1476.02	-23.15316	46.30084	0.02249253	0.1422741	-0.6105707	0	0	0	
77.872	24	19	50	0	2	-1475.845	-23.32279	46.36852	0.02254897	0.1422066	-0.6102646	0	0	0	
77.892	24	19	50	0	2	-1475.719	-23.44429	46.41659	0.02260254	0.1421745	-0.6100107	0	0	0	
77.916	24	19	50	0	2	-1475.568	-23.59045	46.47397	0.02265244	0.1421653	-0.6097045	0	0	0	
77.932	24	19	50	0	2	-1475.467	-23.6881	46.51203	0.02267804	0.1421896	-0.6095	0	0	0	
77.956	24	19	50	0	2	-1475.315	-23.83492	46.56885	0.0227069	0.1422161	-0.6091938	0	0	0	
77.98	24	19	50	0	2	-1475.163	-23.98212	46.62534	0.02272593	0.142166	-0.6088841	0	0	0	
78.004	24	19	50	0	2	-1475.011	-24.12971	46.68149	0.0227453	0.1420551	-0.608572	0	0	0	
78.028	24	19	50	0	2	-1474.883	-24.25301	46.72804	0.02277239	0.141923	-0.6082552	0	0	0	
78.044	24	19	50	0	2	-1474.755	-24.37657	46.77435	0.02279121	0.1418434	-0.6080407	0	0	0	
78.068	24	19	50	0	2	-1474.627	-24.50041	46.82043	0.02282349	0.1417827	-0.6077122	0	0	0	
78.096	24	19	50	0	2	-1474.448	-24.67423	46.88456	0.0228775	0.14178	-0.6073248	0	0	0	
78.132	24	19	50	0	2	-1474.19	-24.92347	46.97538	0.02292948	0.1417656	-0.6068241	0	0	0	
78.16	24	19	50	0	2	-1474.009	-25.09858	47.03841	0.02288145	0.1416941	-0.6064338	0	0	0	
78.188	24	19	50	0	2	-1473.827	-25.27421	47.10098	0.02282592	0.1416653	-0.6060379	0	0	0	
78.212	24	19	50	0	2	-1473.671	-25.42517	47.15425	0.02278424	0.1416766	-0.6056978	0	0	0	
78.236	24	19	50	0	2	-1473.515	-25.57652	47.20719	0.02275964	0.1417055	-0.605354	0	0	0	
78.256	24	19	50	0	2	-1473.384	-25.70294	47.25104	0.02278333	0.1417611	-0.6050659	0	0	0	
78.28	24	19	50	0	2	-1473.227	-25.85499	47.30335	0.02287284	0.1418529	-0.6047189	0	0	0	
78.32	24	19	50	0	2	-1472.964	-26.10926	47.38979	0.02302822	0.141776	-0.6041427	0	0	0	
78.344	24	19	50	1	2	-1472.805	-26.26232	47.4412	0.02295628	0.1413771	-0.6038043	0	0	0	
78.372	24	19	50	1	2	-1472.647	-26.41576	47.49228	0.02267233	0.1407949	-0.6034058	0	0	0	
78.408	24	19	50	1	2	-1472.408	-26.64663	47.56826	0.02226931	0.140658	-0.6028765	0	0	0	
78.44	24	19	50	1	2	-1472.168	-26.87833	47.64348	0.02156983	0.1404517	-0.6024283	0	0	0	
78.46	24	19	50	1	2	-1472.034	-27.00742	47.68495	0.02101412	0.1402417	-0.6021026	0	0	0	
78.476	24	19	50	1	2	-1471.927	-27.11086	47.71795	0.02066318	0.140002	-0.6019457	0	0	0	
78.5	24	19	50	1	2	-1471.766	-27.26633	47.76717	0.01996816	0.1394794	-0.6016342	0	0	0	
78.516	24	19	50	1	2	-1471.659	-27.37018	47.7998	0.01951048	0.1391216	-0.6014263	0	0	0	
78.54	24	19	50	1	2	-1471.497	-27.52623	47.84846	0.0186511	0.1383406	-0.6011222	0	0	0	
78.564	24	19	50	1	2	-1471.362	-27.65653	47.88875	0.01752071	0.1372834	-0.6008293	0	0	0	
78.584	24	19	50	1	2	-1471.2	-27.81319	47.93679	0.01632118	0.1362621	-0.6005951	0	0	0	
78.604	24	19	50	1	2	-1471.064	-27.944	47.97656	0.01519806	0.1356346	-0.6003535	0	0	0	
78.624	24	19	50	1	2	-1470.928	-28.07505	48.01609	0.01419628	0.1353985	-0.6001032	0	0	0	
78.644	24	19	50	1	2	-1470.792	-28.20632	48.05538	0.01331628	0.135328	-0.5998461	0	0	0	
78.664	24	19	50	1	2	-1470.655	-28.33781	48.09443	0.01262451	0.1352793	-0.5995804	0	0	0	
78.684	24	19	50	1	2	-1470.519	-28.46952	48.13325	0.01212443	0.1350822	-0.5993128	0	0	0	
78.708	24	19	50	1	2	-1470.354	-28.62785	48.17951	0.01188609	0.1347695	-0.5989941	0	0	0	
78.732	24	19	50	1	2	-1470.217	-28.76002	48.21781	0.01154118	0.1337978	-0.5986902	0	0	0	
78.752	24	19	50	1	2	-1470.052	-28.91888	48.26345	0.01116268	0.1327738	-0.5984398	0	0	0	
78.772	24	19	50	1	2	-1469.914	-29.05149	48.30122	0.01062799	0.1317976	-0.5981879	0	0	0	
78.796	24	19	50	2	2	-1469.775	-29.1843	48.33875	0.009756835	0.1309468	-0.5978804	0	0	0	
78.824	24	19	50	2	2	-1469.554	-29.39719	48.39829	0.008465041	0.1303963	-0.5975208	0	0	0	
78.856	24	19	50	2	2	-1469.331	-29.61056	48.45722	0.006731162	0.1299081	-0.5970967	0	0	0	
78.88	24	19	50	2	2	-1469.164	-29.7709	48.50102	0.005706663	0.1298275	-0.5967655	0	0	0	
78.908	24	19	50	2	2	-1468.968	-29.95832	48.55167	0.005188752	0.1301176	-0.5963628	0	0	0	
78.928	24	19	50	2	2	-1468.828	-30.0924	48.58756	0.00507114	0.1300754	-0.5960735	0	0	0	
78.964	24	19	50	2	2	-1468.575	-30.33416	48.65157	0.004673845	0.1285638	-0.5955667	0	0	0	
78.984	24	19	50	2	2	-1468.434	-30.46869	48.6868	0.004111599	0.1271391	-0.5952912	0	0	0	
79.008	24	19	50	2	2	-1468.208	-30.6843	48.74266	0.003204389	0.1259695	-0.5948427	0	0	0	
79.008	24	19	50	2	2	-1467.982	-30.90033	48.79791	0.001742886	0.1255099	-0.5943991	0	0	0	
79.008	24	19	50	2	2	-1467.783	-31.08963	48.84575	-0.0005528037	0.1242013	-0.5940249	0	0	0	
79.008	24	19	50	2	2	-1467.583	-31.2792	48.89311	-0.003480008	0.1225791	-0.5935815	0	0	0	
79.008	24	19	50	2	2	-1467.297	-31.55049	48.95995	-0.006480721	0.1212102	-0.5930616	0	0	0	
79.008	24	19	50	2	2	-1467.068	-31.76792	49.01272	-0.007533641	0.1216364	-0.5925649	0	0	0	
79.008	24	19	50	2	2	-1466.838	-31.98572	49.06486	-0.006546782	0.1230165	-0.5919572	0	0	0	
79.008	24	19	50	2	2	-1466.607	-32.20385	49.11638	-0.004050487	0.1238778	-0.5913724	0	0	0	
79.008	24	19	50	2	2	-1466.404	-32.39496	49.16096	-0.002189865	0.1232909	-0.5909219	0	0	0	
79.008	24	19	50	2	2	-1466.172	-32.61366	49.21132	-0.0006952299	0.1211288	-0.5902529	0	0	0	
79.008	24	19	50	2	2	-1465.998	-32.77789	49.24869	-0.0005234795	0.120515	-0.5898947	0	0	0	
79.008	24	19	50	2	2	-1465.823	-32.94231	49.28572	-0.001012179	0.1205706	-0.5894822	0	0	0	
79.008	24	19	50	3	2	-1465.56	-33.18925	49.34061	-0.003695159	0.120245	-0.5889012	0	0	0	
79.008	24	19	50	3	2	-1465.413	-33.32657	49.37077	-0.006125123	0.1192208	-0.5885899	0	0	0	
79.008	24	19	50	3	2	-1465.208	-33.51899	49.4126	-0.009904895	0.1174475	-0.5881571	0	0	0	
79.008	24	19	50	3	2	-1465.031	-33.6841	49.44808	-0.01270786	0.1165514	-0.5877777	0	0	0	
79.008	24	19	50	3	2	-1464.736	-33.95961	49.50645	-0.01551187	0.1163394	-0.5871195	0	0	0	
79.008	24	19	50	3	2	-1464.528	-34.15271	49.54673	-0.01534557	0.1169915	-0.5865568	0	0	0	
79.008	24	19	50	3	2	-1464.261	-34.40125	49.59784	-0.01339934	0.1173341	-0.5859525	0	0	0	
79.008	24	19	50	3	2	-1464.082	-34.56709	49.63148	-0.01147209	0.1169002	-0.5854818	0	0	0	
79.008	24	19	50	3	2	-1463.873	-34.76072	49.6703	-0.009656031	0.1156615	-0.5849328	0	0	0	
79.008	24	19	50	3	2	-1463.634	-34.98216	49.7141	-0.009713205	0.1131431	-0.5842541	0	0	0	
79.008	24	19	50	3	2	-1463.364	-35.23149	49.76266	-0.01215008	0.1116199	-0.5836809	0	0	0	
79.008	24	19	50	3	2	-1463.153	-35.42555	49.7999	-0.01581833	0.1107543	-0.583195	0	0	0	
79.008	24	19	50	3	2	-1462.911	-35.64746	49.8419	-0.0209293	0.1096078	-0.5826308	0	0	0	
79.008	24	19	50	3	2	-1462.73	-35.81398	49.87302	-0.02425917	0.1090935	-0.5821887	0	0	0	
79.008	24	19	50	3	2	-1462.548	-35.98057	49.9038	-0.02687995	0.1086656	-0.5816485	0	0	0	
79.008	24	19	50	3	2	-1462.366	-36.1472	49.93426	-0.02848208	0.1073526	-0.5811512	0	0	0	
79.008	24	19	50	3	2	-1462.183	-36.31384	49.96439	-0.02993202	0.1048512	-0.580614	0	0	0	
79.008	24	19	50	3	2	-1461.939	-36.53606	50.00407	-0.03093809	0.1025493	-0.5799891	0	0	0	
79.008	24	19	50	3	2	-1461.694	-36.75831	50.04317	-0.03162984	0.1013944	-0.5793132	0	0	0	
79.008	24	19	50	3	2	-1461.387	-37.03612	50.09123	-0.0320913	0.1015885	-0.578515	0	0	0	
79.008	24	19	50	4	2	-1461.203	-37.20278	50.11965	-0.03262827	0.101185	-0.5780211	0	0	0	
79.008	24	19	50	4	2	-1460.956	-37.42492	50.15704	-0.03386932	0.09966636	-0.5773298	0	0	0	
79.008	24	19	50	4	2	-1460.77	-37.59149	50.18471	-0.03508372	0.09840603	-0.5768101	0	0	0	
79.008	24	19	50	4	2	-1460.584	-37.75801	50.21207	-0.03713345	0.09674324	-0.5762083	0	0	0	
79.008	24	19	50	4	2	-1460.336	-37.97997	50.24807	-0.03918404	0.09630785	-0.5755675	0	0	0	
79.008	24	19	50	4	2	-1460.024	-38.2573	50.29231	-0.04097887	0.09625626	-0.5748408	0	0	0	
79.008	24	19	50	4	2	-1459.775	-38.47898	50.3271	-0.0429241	0.09429504	-0.5740976	0	0	0	
79.008	24	19	50	4	2	-1459.524	-38.70048	50.36134	-0.04557097	0.09120664	-0.5731909	0	0	0	
79.008	24	19	50	4	2	-1459.21	-38.97713	50.4034	-0.04766113	0.09020721	-0.5723523	0	0	0	
79.008	24	19	50	4	2	-1458.926	-39.22585	50.44055	-0.05009045	0.08927546	-0.5714192	0	0	0	
79.008	24	19	50	4	2	-1458.642	-39.4742	50.47704	-0.05315606	0.08651823	-0.5704827	0	0	0	
79.008	24	19	50	4	2	-1458.388	-39.69471	50.50892	-0.05493658	0.08551923	-0.5697965	0	0	0	
79.008	24	19	50	4	2	-1458.198	-39.85992	50.53249	-0.0558437	0.08581633	-0.5691637	0	0	0	
79.008	24	19	50	4	2	-1457.911	-40.10746	50.5673	-0.05593068	0.08634254	-0.5684339	0	0	0	
79.008	24	19	50	4	2	-1457.592	-40.382	50.60522	-0.05626357	0.08441147	-0.5673863	0	0	0	
79.008	24	19	50	4	2	-1457.272	-40.656	50.64236	-0.0577323	0.0813683	-0.5662692	0	0	0	
79.008	24	19	50	4	2	-1457.047	-40.84749	50.66789	-0.05927794	0.0804742	-0.5655589	0	0	0	
79.008	24	19	50	4	2	-1456.854	-41.0114	50.68948	-0.0609812	0.08020551	-0.5649948	0	0	0	
79.008	24	19	50	4	2	-1456.596	-41.22958	50.71783	-0.06383004	0.07935563	-0.5642147	0	0	0	
79.008	24	19	50	4	2	-1456.337	-41.44738	50.7457	-0.06617319	0.0786298	-0.5634318	0	0	0	
79.008	24	19	50	5	2	-1456.111	-41.63761	50.76968	-0.06777912	0.07770426	-0.5627124	0	0	0	
79.008	24	19	50	5	2	-1455.883	-41.82749	50.7933	-0.06915203	0.07625531	-0.5618501	0	0	0	
79.008	24	19	50	5	2	-1455.688	-41.99	50.81325	-0.06933463	0.07605506	-0.5613521	0	0	0	
79.008	24	19	50	5	2	-1455.493	-42.15226	50.83293	-0.0691172	0.07616313	-0.5606821	0	0	0	
79.008	24	19	50	5	2	-1455.264	-42.34124	50.85556	-0.06866202	0.07616196	-0.5601015	0	0	0	
79.008	24	19	50	5	2	-1455.068	-42.50294	50.87468	-0.06803188	0.07605945	-0.559512	0	0	0	
79.008	24	19	50	5	2	-1454.838	-42.69124	50.89665	-0.0677952	0.0752316	-0.558784	0	0	0	
79.008	24	19	50	5	2	-1454.641	-42.85233	50.91521	-0.06853439	0.07370256	-0.5580253	0	0	0	
79.008	24	19	50	5	2	-1454.411	-43.0399	50.93653	-0.07006247	0.07225645	-0.5573782	0	0	0	
79.008	24	19	50	5	2	-1454.411	-43.0399	50.93653	-0.07034027	0.07210171	-0.5572776	0	0	0	
79.008	24	19	50	5	2	-1454.411	-43.0399	50.93653	-0.07034027	0.07210171	-0.5572776	0	0	0	
79.008	24	19	50	5	2	-1454.411	-43.0399	50.93653	-0.07034027	0.07210171	-0.5572776	0	0	0	
79.008	24	19	50	5	2	-1454.411	-43.0399	50.93653	-0.07034027	0.07210171	-0.5572776	0	0	0	
79.008	24	19	50	5	2	-1454.411	-43.0399	50.93653	-0.07034027	0.07210171	-0.5572776	0	0	0	
79.008	24	19	50	5	2	-1454.411	-43.0399	50.93653	-0.07034027	0.07210171	-0.5572776	0	0	0	
79.008	24	19	50	5	2	-1454.411	-43.0399	50.93653	-0.07034027	0.07210171	-0.5572776	0	0	0	
79.008	24	19	50	5	2	-1454.411	-43.0399	50.93653	-0.07034027	0.07210171	-0.5572776	0	0	0	
79.008	24	19	50	5	2	-1454.411	-43.0399	50.93653	-0.07034027	0.07210171	-0.5572776	0	0	0	
79.008	24	19	50	5	2	-1454.411	-43.0399	50.93653	-0.07034027	0.07210171	-0.5572776	0	0	0	
79.008	24	19	50	5	2	-1454.411	-43.0399	50.93653	-0.07034027	0.07210171	-0.5572776	0	0	0	
79.008	24	19	50	6	2	-1454.411	-43.0399	50.93653	-0.07034027	0.07210171	-0.5572776	0	0	0	
79.008	24	19	50	6	2	-1454.411	-43.0399	50.93653	-0.07034027	0.07210171	-0.5572776	0	0	0	
79.008	24	19	50	6	2	-1454.411	-43.0399	50.93653	-0.07034027	0.07210171	-0.5572776	0	0	0	
79.008	24	19	50	6	2	-1454.411	-43.0399	50.93653	-0.07034027	0.07210171	-0.5572776	0	0	0	
79.008	24	19	50	6	2	-1454.411	-43.0399	50.93653	-0.07034027	0.07210171	-0.5572776	0	0	0	
79.008	24	19	50	6	2	-1454.411	-43.0399	50.93653	-0.07034027	0.07210171	-0.5572776	0	0	0	
79.008	24	19	50	6	2	-1454.411	-43.0399	50.93653	-0.07034027	0.07210171	-0.5572776	0	0	0	
79.008	24	19	50	6	2	-1454.411	-43.0399	50.93653	-0.07034027	0.07210171	-0.5572776	0	0	0	
79.008	24	19	50	6	2	-1454.411	-43.0399	50.93653	-0.07034027	0.07210171	-0.5572776	0	0	0	
79.008	24	19	50	6	2	-1454.411	-43.0399	50.93653	-0.07034027	0.07210171	-0.5572776	0	0	0	
79.008	24	19	50	6	2	-1454.411	-43.0399	50.93653	-0.07034027	0.07210171	-0.5572776	0	0	0	
79.008	24	19	50	6	2	-1454.411	-43.0399	50.93653	-0.07034027	0.07210171	-0.5572776	0	0	0	
79.008	24	19	50	6	2	-1454.411	-43.0399	50.93653	-0.07034027	0.07210171	-0.5572776	0	0	0	
79.008	24	19	50	6	2	-1454.411	-43.0399	50.93653	-0.07034027	0.07210171	-0.5572776	0	0	0	
79.008	24	19	50	6	2	-1454.411	-43.0399	50.93653	-0.07034027	0.07210171	-0.5572776	0	0	0	
79.008	24	19	50	6	2	-1454.411	-43.0399	50.93653	-0.07034027	0.07210171	-0.5572776	0	0	0	
79.008	24	19	50	6	2	-1454.411	-43.0399	50.93653	-0.07034027	0.07210171	-0.5572776	0	0	0	
79.008	24	19	50	6	2	-1454.411	-43.0399	50.93653	-0.07034027	0.07210171	-0.5572776	0	0	0	
79.008	24	19	50	6	2	-1454.411	-43.0399	50.93653	-0.07034027	0.07210171	-0.5572776	0	0	0	
79.008	24	19	50	6	2	-1454.411	-43.0399	50.93653	-0.07034027	0.07210171	-0.5572776	0	0	0	
79.008	24	19	50	7	2	-1454.411	-43.0399	50.93653	-0.07034027	0.07210171	-0.5572776	0	0	0	
79.008	24	19	50	7	2	-1454.411	-43.0399	50.93653	-0.07034027	0.07210171	-0.5572776	0	0	0	
79.008	24	19	50	7	2	-1454.411	-43.0399	50.93653	-0.07034027	0.07210171	-0.5572776	0	0	0	
79.008	24	19	50	7	2	-1454.411	-43.0399	50.93653	-0.07034027	0.07210171	-0.5572776	0	0	0	
79.008	24	19	50	7	2	-1454.411	-43.0399	50.93653	-0.07034027	0.07210171	-0.5572776	0	0	0	
79.008	24	19	50	7	2	-1454.411	-43.0399	50.93653	-0.07034027	0.07210171	-0.5572776	0	0	0	
79.008	24	19	50	7	2	-1454.411	-43.0399	50.93653	-0.07034027	0.07210171	-0.5572776	0	0	0	
79.008	24	19	50	7	2	-1454.411	-43.0399	50.93653	-0.07034027	0.07210171	-0.5572776	0	0	0	
79.008	24	19	50	7	2	-1454.411	-43.0399	50.93653	-0.07034027	0.07210171	-0.5572776	0	0	0	
79.008	24	19	50	7	2	-1454.411	-43.0399	50.93653	-0.07034027	0.07210171	-0.5572776	0	0	0	
79.008	24	19	50	7	2	-1454.411	-43.0399	50.93653	-0.07034027	0.07210171	-0.5572776	0	0	0	
79.008	24	19	50	7	2	-1454.411	-43.0399	50.93653	-0.07034027	0.07210171	-0.5572776	0	0	0	
79.008	24	19	50	7	2	-1454.411	-43.0399	50.93653	-0.07034027	0.07210171	-0.5572776	0	0	0	
79.008	24	19	50	7	2	-1454.411	-43.0399	50.93653	-0.07034027	0.07210171	-0.5572776	0	0	0	
79.008	24	19	50	7	2	-1454.411	-43.0399	50.93653	-0.07034027	0.07210171	-0.5572776	0	0	0	
79.008	24	19	50	7	2	-1454.411	-43.0399	50.93653	-0.07034027	0.07210171	-0.5572776	0	0	0	
79.008	24	19	50	7	2	-1454.411	-43.0399	50.93653	-0.07034027	0.07210171	-0.5572776	0	0	0	
79.008	24	19	50	7	2	-1454.411	-43.0399	50.93653	-0.07034027	0.07210171	-0.5572776	0	0	0	
79.008	24	19	50	7	2	-1454.411	-43.0399	50.93653	-0.07034027	0.07210171	-0.5572776	0	0	0	
79.008	24	19	50	7	2	-1454.411	-43.0399	50.93653	-0.07034027	0.07210171	-0.5572776	0	0	0	
79.008	24	19	50	8	2	-1454.411	-43.0399	50.93653	-0.07034027	0.07210171	-0.5572776	0	0	0	
79.008	24	19	50	8	2	-1454.411	-43.0399	50.93653	-0.07034027	0.07210171	-0.5572776	0	0	0	
79.008	24	19	50	8	2	-1454.411	-43.0399	50.93653	-0.07034027	0.07210171	-0.5572776	0	0	0	
79.008	24	19	50	8	2	-1454.411	-43.0399	50.93653	-0.07034027	0.07210171	-0.5572776	0	0	0	
79.008	24	19	50	8	2	-1454.411	-43.0399	50.93653	-0.07034027	0.07210171	-0.5572776	0	0	0	
79.008	24	19	50	8	2	-1454.411	-43.0399	50.93653	-0.07034027	0.07210171	-0.5572776	0	0	0	
79.008	24	19	50	8	2	-1454.411	-43.0399	50.93653	-0.07034027	0.07210171	-0.5572776	0	0	0	
79.008	24	19	50	8	2	-1454.411	-43.0399	50.93653	-0.07034027	0.07210171	-0.5572776	0	0	0	
79.008	24	19	50	8	2	-1454.411	-43.0399	50.93653	-0.07034027	0.07210171	-0.5572776	0	0	0	
79.008	24	19	50	8	2	-1454.411	-43.0399	50.93653	-0.07034027	0.07210171	-0.5572776	0	0	0	
79.008	24	19	50	8	2	-1454.411	-43.0399	50.93653	-0.07034027	0.07210171	-0.5572776	0	0	0	
79.008	24	19	50	8	2	-1454.411	-43.0399	50.93653	-0.07034027	0.07210171	-0.5572776	0	0	0	
79.008	24	19	50	8	2	-1454.411	-43.0399	50.93653	-0.07034027	0.07210171	-0.5572776	0	0	0	
79.008	24	19	50	8	2	-1454.411	-43.0399	50.93653	-0.07034027	0.07210171	-0.5572776	0	0	0	
79.008	24	19	50	8	2	-1454.411	-43.0399	50.93653	-0.07034027	0.07210171	-0.5572776	0	0	0	
79.008	24	19	50	8	2	-1454.411	-43.0399	50.93653	-0.07034027	0.07210171	-0.5572776	0	0	0	
79.008	24	19	50	8	2	-1454.411	-43.0399	50.93653	-0.07034027	0.07210171	-0.5572776	0	0	0	
79.008	24	19	50	8	2	-1454.411	-43.0399	50.93653	-0.07034027	0.07210171	-0.5572776	0	0	0	
79.008	24	19	50	8	2	-1454.411	-43.0399	50.93653	-0.07034027	0.07210171	-0.5572776	0	0	0	
79.008	24	19	50	8	2	-1454.411	-43.0399	50.93653	-0.07034027	0.07210171	-0.5572776	0	0	0	
79.008	24	19	50	9	2	-1454.411	-43.0399	50.93653	-0.07034027	0.07210171	-0.5572776	0	0	0	
79.008	24	19	50	9	2	-1454.411	-43.0399	50.93653	-0.07034027	0.07210171	-0.5572776	0	0	0	
79.008	24	19	50	9	2	-1454.411	-43.0399	50.93653	-0.07034027	0.07210171	-0.5572776	0	0	0	
79.008	24	19	50	9	2	-1454.411	-43.0399	50.93653	-0.07034027	0.07210171	-0.5572776	0	0	0	
79.008	24	19	50	9	2	-1454.411	-43.0399	50.93653	-0.07034027	0.07210171	-0.5572776	0	0	0	
79.008	24	19	50	9	2	-1454.411	-43.0399	50.93653	-0.07034027	0.07210171	-0.5572776	0	0	0	
79.008	24	19	50	9	2	-1454.411	-43.0399	50.93653	-0.07034027	0.07210171	-0.5572776	0	0	0	
79.008	24	19	50	9	2	-1454.411	-43.0399	50.93653	-0.07034027	0.07210171	-0.5572776	0	0	0	
79.008	24	19	50	9	2	-1454.411	-43.0399	50.93653	-0.07034027	0.07210171	-0.5572776	0	0	0	
79.008	24	19	50	9	2	-1454.411	-43.0399	50.93653	-0.07034027	0.07210171	-0.5572776	0	0	0	
79.008	24	19	50	9	2	-1454.411	-43.0399	50.93653	-0.07034027	0.07210171	-0.5572776	0	0	0	
79.008	24	19	50	9	2	-1454.411	-43.0399	50.93653	-0.07034027	0.07210171	-0.5572776	0	0	0	
79.008	24	19	50	9	2	-1454.411	-43.0399	50.93653	-0.07034027	0.07210171	-0.5572776	0	0	0	
79.008	24	19	50	9	2	-1454.411	-43.0399	50.93653	-0.07034027	0.07210171	-0.5572776	0	0	0	
79.008	24	19	50	9	2	-1454.411	-43.0399	50.93653	-0.07034027	0.07210171	-0.5572776	0	0	0	
79.008	24	19	50	9	2	-1454.411	-43.0399	50.93653	-0.07034027	0.07210171	-0.5572776	0	0	0	
79.008	24	19	50	9	2	-1454.411	-43.0399	50.93653	-0.07034027	0.07210171	-0.5572776	0	0	0	
79.008	24	19	50	9	2	-1454.411	-43.0399	50.93653	-0.07034027	0.07210171	-0.5572776	0	0	0	
79.008	24	19	50	9	2	-1454.411	-43.0399	50.93653	-0.07034027	0.07210171	-0.5572776	0	0	0	
79.008	24	19	50	9	2	-1454.411	-43.0399	50.93653	-0.07034027	0.07210171	-0.5572776	0	0	0	
79.008	24	19	50	10	2	-1454.411	-43.0399	50.93653	-0.07034027	0.07210171	-0.5572776	0	0	0	
79.008	24	19	50	10	2	-1454.411	-43.0399	50.93653	-0.07034027	0.07210171	-0.5572776	0	0	0	
79.008	24	19	50	10	2	-1454.411	-43.0399	50.93653	-0.07034027	0.07210171	-0.5572776	0	0	0	
79.008	24	19	50	10	2	-1454.411	-43.0399	50.93653	-0.07034027	0.07210171	-0.5572776	0	0	0	
79.008	24	19	50	10	2	-1454.411	-43.0399	50.93653	-0.07034027	0.07210171	-0.5572776	0	0	0	
79.008	24	19	50	10	2	-1454.411	-43.0399	50.93653	-0.07034027	0.07210171	-0.5572776	0	0	0	
79.008	24	19	50	10	2	-1454.411	-43.0399	50.93653	-0.07034027	0.07210171	-0.5572776	0	0	0	
79.008	24	19	50	10	2	-1454.411	-43.0399	50.93653	-0.07034027	0.07210171	-0.5572776	0	0	0	
79.008	24	19	50	10	2	-1454.411	-43.0399	50.93653	-0.07034027	0.07210171	-0.5572776	0	0	0	
79.008	24	19	50	10	2	-1454.411	-43.0399	50.93653	-0.07034027	0.07210171	-0.5572776	0	0	0	
79.008	24	19	50	10	2	-1454.411	-43.0399	50.93653	-0.07034027	0.07210171	-0.5572776	0	0	0	
79.008	24	19	50	10	2	-1454.411	-43.0399	50.93653	-0.07034027	0.07210171	-0.5572776	0	0	0	
79.008	24	19	50	10	2	-1454.411	-43.0399	50.93653	-0.07034027	0.07210171	-0.5572776	0	0	0	
79.008	24	19	50	10	2	-1454.411	-43.0399	50.93653	-0.07034027	0.07210171	-0.5572776	0	0	0	
79.008	24	19	50	10	2	-1454.411	-43.0399	50.93653	-0.07034027	0.07210171	-0.5572776	0	0	0	
79.008	24	19	50	10	2	-1454.411	-43.0399	50.93653	-0.07034027	0.07210171	-0.5572776	0	0	0	
79.008	24	19	50	10	2	-1454.411	-43.0399	50.93653	-0.07034027	0.07210171	-0.5572776	0	0	0	
79.008	24	19	50	10	2	-1454.411	-43.0399	50.93653	-0.07034027	0.07210171	-0.5572776	0	0	0	
79.008	24	19	50	10	2	-1454.411	-43.0399	50.93653	-0.07034027	0.07210171	-0.5572776	0	0	0	
79.008	24	19	50	10	2	-1454.411	-43.0399	50.93653	-0.07034027	0.07210171	-0.5572776	0	0	0	
79.008	24	19	50	11	2	-1454.411	-43.0399	50.93653	-0.07034027	0.07210171	-0.5572776	0	0	0	
79.008	24	19	50	11	2	-1454.411	-43.0399	50.93653	-0.07034027	0.07210171	-0.5572776	0	0	0	
79.008	24	19	50	11	2	-1454.411	-43.0399	50.93653	-0.07034027	0.07210171	-0.5572776	0	0	0	
79.008	24	19	50	11	2	-1454.411	-43.0399	50.93653	-0.07034027	0.07210171	-0.5572776	0	0	0	
79.008	24	19	50	11	2	-1454.411	-43.0399	50.93653	-0.07034027	0.07210171	-0.5572776	0	0	0	
79.008	24	19	50	11	2	-1454.411	-43.0399	50.93653	-0.07034027	0.07210171	-0.5572776	0	0	0	
79.008	24	19	50	11	2	-1454.411	-43.0399	50.93653	-0.07034027	0.07210171	-0.5572776	0	0	0	
79.008	24	19	50	11	2	-1454.411	-43.0399	50.93653	-0.07034027	0.07210171	-0.5572776	0	0	0	
79.008	24	19	50	11	2	-1454.411	-43.0399	50.93653	-0.07034027	0.07210171	-0.5572776	0	0	0	
79.008	24	19	50	11	2	-1454.411	-43.0399	50.93653	-0.07034027	0.07210171	-0.5572776	0	0	0	
79.008	24	19	50	11	2	-1454.411	-43.0399	50.93653	-0.07034027	0.07210171	-0.5572776	0	0	0	
79.008	24	19	50	11	2	-1454.411	-43.0399	50.93653	-0.07034027	0.07210171	-0.5572776	0	0	0	
79.008	24	19	50	11	2	-1454.411	-43.0399	50.93653	-0.07034027	0.07210171	-0.5572776	0	0	0	
79.008	24	19	50	11	2	-1454.411	-43.0399	50.93653	-0.07034027	0.07210171	-0.5572776	0	0	0	
79.008	24	19	50	11	2	-1454.411	-43.0399	50.93653	-0.07034027	0.07210171	-0.5572776	0	0	0	
79.008	24	19	50	11	2	-1454.411	-43.0399	50.93653	-0.07034027	0.07210171	-0.5572776	0	0	0	
79.008	24	19	50	11	2	-1454.411	-43.0399	50.93653	-0.07034027	0.07210171	-0.5572776	0	0	0	
79.008	24	19	50	11	2	-1454.411	-43.0399	50.93653	-0.07034027	0.07210171	-0.5572776	0	0	0	
79.008	24	19	50	11	2	-1454.411	-43.0399	50.93653	-0.07034027	0.07210171	-0.5572776	0	0	0	
79.008	24	19	50	11	2	-1454.411	-43.0399	50.93653	-0.07034027	0.07210171	-0.5572776	0	0	0	
79.008	24	19	50	12	2	-1454.411	-43.0399	50.93653	-0.07034027	0.07210171	-0.5572776	0	0	0	
79.008	24	19	50	12	2	-1454.411	-43.0399	50.93653	-0.07034027	0.07210171	-0.5572776	0	0	0	
79.008	24	19	50	12	2	-1454.411	-43.0399	50.93653	-0.07034027	0.07210171	-0.5572776	0	0	0	
79.008	24	19	50	12	2	-1454.411	-43.0399	50.93653	-0.07034027	0.07210171	-0.5572776	0	0	0	
79.008	24	19	50	12	2	-1454.411	-43.0399	50.93653	-0.07034027	0.07210171	-0.5572776	0	0	0	
79.008	24	19	50	12	2	-1454.411	-43.0399	50.93653	-0.07034027	0.07210171	-0.5572776	0	0	0	
79.008	24	19	50	12	2	-1454.411	-43.0399	50.93653	-0.07034027	0.07210171	-0.5572776	0	0	0	
79.008	24	19	50	12	2	-1454.411	-43.0399	50.93653	-0.07034027	0.07210171	-0.5572776	0	0	0	
79.008	24	19	50	12	2	-1454.411	-43.0399	50.93653	-0.07034027	0.07210171	-0.5572776	0	0	0	
79.008	24	19	50	12	2	-1454.411	-43.0399	50.93653	-0.07034027	0.07210171	-0.5572776	0	0	0	
79.008	24	19	50	12	2	-1454.411	-43.0399	50.93653	-0.07034027	0.07210171	-0.5572776	0	0	0	
79.008	24	19	50	12	2	-1454.411	-43.0399	50.93653	-0.07034027	0.07210171	-0.5572776	0	0	0	
79.008	24	19	50	12	2	-1454.411	-43.0399	50.93653	-0.07034027	0.07210171	-0.5572776	0	0	0	
79.008	24	19	50	12	2	-1454.411	-43.0399	50.93653	-0.07034027	0.07210171	-0.5572776	0	0	0	
79.008	24	19	50	12	2	-1454.411	-43.0399	50.93653	-0.07034027	0.07210171	-0.5572776	0	0	0	
79.008	24	19	50	12	2	-1454.411	-43.0399	50.93653	-0.07034027	0.07210171	-0.5572776	0	0	0	
79.008	24	19	50	12	2	-1454.411	-43.0399	50.93653	-0.07034027	0.07210171	-0.5572776	0	0	0	
79.008	24	19	50	12	2	-1454.411	-43.0399	50.93653	-0.07034027	0.07210171	-0.5572776	0	0	0	
79.008	24	19	50	12	2	-1454.411	-43.0399	50.93653	-0.07034027	0.07210171	-0.5572776	0	0	0	
79.008	24	19	50	12	2	-1454.411	-43.0399	50.93653	-0.07034027	0.07210171	-0.5572776	0	0	0	
79.008	24	19	50	13	2	-1454.411	-43.0399	50.93653	-0.07034027	0.07210171	-0.5572776	0	0	0	
79.008	24	19	50	13	2	-1454.411	-43.0399	50.93653	-0.07034027	0.07210171	-0.5572776	0	0	0	
79.008	24	19	50	13	2	-1454.411	-43.0399	50.93653	-0.07034027	0.07210171	-0.5572776	0	0	0	
79.008	24	19	50	13	2	-1454.411	-43.0399	50.93653	-0.07034027	0.07210171	-0.5572776	0	0	0	
79.008	24	19	50	13	2	-1454.411	-43.0399	50.93653	-0.07034027	0.07210171	-0.5572776	0	0	0	
79.008	24	19	50	13	2	-1454.411	-43.0399	50.93653	-0.07034027	0.07210171	-0.5572776	0	0	0	
79.008	24	19	50	13	2	-1454.411	-43.0399	50.93653	-0.07034027	0.07210171	-0.5572776	0	0	0	
79.008	24	19	50	13	2	-1454.411	-43.0399	50.93653	-0.07034027	0.07210171	-0.5572776	0	0	0	
79.008	24	19	50	13	2	-1454.411	-43.0399	50.93653	-0.07034027	0.07210171	-0.5572776	0	0	0	
79.008	24	19	50	13	2	-1454.411	-43.0399	50.93653	-0.07034027	0.07210171	-0.5572776	0	0	0	
79.008	24	19	50	13	2	-1454.411	-43.0399	50.93653	-0.07034027	0.07210171	-0.5572776	0	0	0	
79.008	24	19	50	13	2	-1454.411	-43.0399	50.93653	-0.07034027	0.07210171	-0.5572776	0	0	0	
79.008	24	19	50	13	2	-1454.411	-43.0399	50.93653	-0.07034027	0.07210171	-0.5572776	0	0	0	
79.008	24	19	50	13	2	-1454.411	-43.0399	50.93653	-0.07034027	0.07210171	-0.5572776	0	0	0	
79.008	24	19	50	13	2	-1454.411	-43.0399	50.93653	-0.07034027	0.07210171	-0.5572776	0	0	0	
79.008	24	19	50	13	2	-1454.411	-43.0399	50.93653	-0.07034027	0.07210171	-0.5572776	0	0	0	
79.008	24	19	50	13	2	-1454.411	-43.0399	50.93653	-0.07034027	0.07210171	-0.5572776	0	0	0	
79.008	24	19	50	13	2	-1454.411	-43.0399	50.93653	-0.07034027	0.07210171	-0.5572776	0	0	0	
79.008	24	19	50	13	2	-1454.411	-43.0399	50.93653	-0.07034027	0.07210171	-0.5572776	0	0	0	
79.008	24	19	50	13	2	-1454.411	-43.0399	50.93653	-0.07034027	0.07210171	-0.5572776	0	0	0	
79.008	24	19	50	14	2	-1454.411	-43.0399	50.93653	-0.07034027	0.07210171	-0.5572776	0	0	0	
79.008	24	19	50	14	2	-1454.411	-43.0399	50.93653	-0.07034027	0.07210171	-0.5572776	0	0	0	
79.008	24	19	50	14	2	-1454.411	-43.0399	50.93653	-0.07034027	0.07210171	-0.5572776	0	0	0	
