time	day	hour	min	sec	control_state	uav_pos_x	uav_pos_y	uav_pos_z	uav_roll	uav_pitch	uav_yaw	uav_vel_x	uav_vel_y	uav_vel_z	
0	24	19	15	10	0	0	0	0	0	0	0	0	0	0	
0	24	19	15	10	1	-1500	-1.523239e-06	4.234999	0	0	0	0	0	0	
0.036	24	19	15	10	1	-1500	-1.523239e-06	4.234999	0	0	0	0	0	0	
0.084	24	19	15	10	1	-1500	5.707423e-07	4.235011	0	0	0	0	0	0	
0.128	24	19	15	10	1	-1500	2.356915e-06	4.235109	0	0	0	0	0	0	
0.172	24	19	15	10	1	-1500	9.106743e-06	4.235275	0	0	0	0	0	0	
0.216	24	19	15	10	1	-1500	1.490973e-06	4.235381	0	0	0	0	0	0	
0.264	24	19	15	10	1	-1499.999	-2.719393e-05	4.235481	0	0	0	0	0	0	
0.3	24	19	15	10	1	-1499.999	-4.401229e-05	4.235546	0	0	0	0	0	0	
0.328	24	19	15	11	1	-1499.999	-6.768431e-05	4.235626	0	0	0	0	0	0	
0.372	24	19	15	11	1	-1499.999	-0.0001722791	4.235747	0	0	0	0	0	0	
0.404	24	19	15	11	1	-1499.998	-0.0002673914	4.235826	0	0	0	0	0	0	
0.44	24	19	15	11	1	-1499.998	-0.0004307494	4.235915	0	0	0	0	0	0	
0.48	24	19	15	11	1	-1499.998	-0.0006136565	4.235988	0	0	0	0	0	0	
0.52	24	19	15	11	1	-1499.997	-0.000795879	4.236061	0	0	0	0	0	0	
0.564	24	19	15	11	1	-1499.997	-0.0009816801	4.2361	0	0	0	0	0	0	
0.592	24	19	15	11	1	-1499.996	-0.001086721	4.2361	0	0	0	0	0	0	
0.636	24	19	15	11	1	-1499.996	-0.001210575	4.236118	0	0	0	0	0	0	
0.668	24	19	15	11	1	-1499.995	-0.001287378	4.236148	-0.0002458652	0.002240823	-0.003140183	0	0	0	
0.708	24	19	15	11	1	-1499.995	-0.001389682	4.236519	0.002244696	-0.0001431472	-0.003306599	0	0	0	
0.748	24	19	15	11	1	-1499.994	-0.001533192	4.239402	0.003403457	0.001003356	-0.003427385	0	0	0	
0.78	24	19	15	11	1	-1499.994	-0.001694254	4.244063	0.003926528	0.001373668	-0.003489798	0	0	0	
0.812	24	19	15	11	1	-1499.993	-0.001903372	4.250845	0.004050748	0.001043942	-0.003525781	0	0	0	
0.852	24	19	15	11	1	-1499.992	-0.002233204	4.262313	0.003512604	0.0009962174	-0.003572823	0	0	0	
0.896	24	19	15	11	1	-1499.991	-0.002672935	4.278734	0.002693707	-0.0001256983	-0.0036019	0	0	0	
0.924	24	19	15	11	1	-1499.99	-0.002987119	4.291283	0.002219949	-0.0009972436	-0.003611871	0	0	0	
0.952	24	19	15	11	1	-1499.989	-0.003322095	4.30546	0.001926892	-0.001681725	-0.003618042	0	0	0	
0.98	24	19	15	11	1	-1499.989	-0.00362353	4.318911	0.002248139	-0.002267124	-0.0036211	0	0	0	
1.02	24	19	15	11	1	-1499.987	-0.004216675	4.346657	0.002954477	-0.00201502	-0.003630864	0	0	0	
1.06	24	19	15	12	1	-1499.986	-0.004812304	4.375329	0.002624743	-0.002853809	-0.003649615	0	0	0	
1.1	24	19	15	12	1	-1499.985	-0.005391351	4.40394	0.001994837	-0.00442985	-0.003670504	0	0	0	
1.132	24	19	15	12	1	-1499.984	-0.005999392	4.435221	0.001229968	-0.003944303	-0.003696375	0	0	0	
1.176	24	19	15	12	1	-1499.983	-0.006766316	4.477103	-4.606588e-05	-0.004750002	-0.003713758	0	0	0	
1.22	24	19	15	12	1	-1499.982	-0.007530712	4.522995	-0.001520911	-0.0075912	-0.003720492	0	0	0	
1.264	24	19	15	12	1	-1499.981	-0.008262078	4.572905	-0.002086249	-0.00500476	-0.003739174	0	0	0	
1.304	24	19	15	12	1	-1499.98	-0.008884569	4.621732	-0.002544866	-0.003284293	-0.003764769	0	0	0	
1.344	24	19	15	12	1	-1499.979	-0.009458107	4.673843	-0.002623188	-0.003905476	-0.003777525	0	0	0	
1.388	24	19	15	12	1	-1499.978	-0.01003118	4.734989	-0.002152073	-0.004508622	-0.003795422	0	0	0	
1.428	24	19	15	12	1	-1499.977	-0.01050909	4.794074	-0.001997021	-0.00287025	-0.003808865	0	0	0	
1.472	24	19	15	12	1	-1499.976	-0.01099072	4.862892	-0.001828963	-0.001615034	-0.0038085	0	0	0	
1.512	24	19	15	12	1	-1499.975	-0.01139199	4.928916	-0.001179683	-0.0007511852	-0.003812426	0	0	0	
1.556	24	19	15	12	1	-1499.973	-0.01180694	5.005352	-0.0005788515	0.0008695002	-0.003810438	0	0	0	
1.6	24	19	15	12	1	-1499.972	-0.01217198	5.078314	-0.0006699353	0.000556438	-0.003789836	0	0	0	
1.636	24	19	15	12	1	-1499.971	-0.0125262	5.154584	-0.0004393688	-0.0005531004	-0.003765808	0	0	0	
1.68	24	19	15	12	1	-1499.97	-0.01290701	5.242337	-0.0003327591	0.00020474	-0.00376786	0	0	0	
1.724	24	19	15	12	1	-1499.968	-0.01328275	5.334107	5.037558e-05	0.001423656	-0.003782208	0	0	0	
1.768	24	19	15	12	1	-1499.967	-0.0136621	5.42991	0.0003783154	-0.0006291537	-0.003775421	0	0	0	
1.812	24	19	15	12	1	-1499.965	-0.01405298	5.529754	0.0007828317	-0.002372139	-0.003761168	0	0	0	
1.856	24	19	15	12	1	-1499.963	-0.01446487	5.633639	0.001434936	-0.002367834	-0.003744209	0	0	0	
1.9	24	19	15	13	1	-1499.962	-0.01491073	5.74154	0.001434012	-0.003189209	-0.003732533	0	0	0	
1.936	24	19	15	13	1	-1499.96	-0.01530197	5.832784	0.001315197	-0.0030274	-0.003714407	0	0	0	
1.968	24	19	15	13	1	-1499.959	-0.01566795	5.916097	0.0006792949	-0.003246645	-0.003696563	0	0	0	
2.012	24	19	15	13	1	-1499.957	-0.0161857	6.033849	-0.0003767809	-0.003227244	-0.003697118	0	0	0	
2.052	24	19	15	13	1	-1499.956	-0.01665192	6.143855	-0.0005679095	-0.0009904422	-0.003698912	0	0	0	
2.1	24	19	15	13	1	-1499.954	-0.01720193	6.279175	0.0007717346	-0.0005131781	-0.003684717	0	0	0	
2.144	24	19	15	13	1	-1499.952	-0.01772561	6.406048	0.002632156	-0.002477075	-0.003649449	0	0	0	
2.184	24	19	15	13	1	-1499.95	-0.01825184	6.523491	0.003514726	-0.002208521	-0.003580937	0	0	0	
2.228	24	19	15	13	1	-1499.949	-0.0188409	6.642722	0.00288029	-0.002011037	-0.003487328	0	0	0	
2.268	24	19	15	13	1	-1499.947	-0.01948387	6.763567	0.001889653	-0.00701615	-0.003415089	0	0	0	
2.308	24	19	15	13	1	-1499.945	-0.02016295	6.885874	0.001042238	-0.007709123	-0.003365492	0	0	0	
2.348	24	19	15	13	1	-1499.944	-0.02093224	7.0219	-9.272759e-05	-0.003164561	-0.0033202	0	0	0	
2.388	24	19	15	13	1	-1499.942	-0.02163059	7.146743	-0.001459133	-0.004968133	-0.003273026	0	0	0	
2.436	24	19	15	13	1	-1499.94	-0.02243528	7.297789	-0.002529178	-0.007792345	-0.003230908	0	0	0	
2.484	24	19	15	13	1	-1499.938	-0.02317894	7.449924	-0.00327253	-0.005385019	-0.003202459	0	0	0	
2.532	24	19	15	13	1	-1499.937	-0.02384494	7.602948	-0.003700367	-0.005549452	-0.003175887	0	0	0	
2.58	24	19	15	13	1	-1499.935	-0.02442431	7.756646	-0.003364025	-0.006461275	-0.003168263	0	0	0	
2.628	24	19	15	13	1	-1499.934	-0.02492551	7.910867	-0.00243223	-0.004530321	-0.003162806	0	0	0	
2.66	24	19	15	13	1	-1499.933	-0.02522715	8.01391	-0.002334703	-0.005699792	-0.003156764	0	0	0	
2.708	24	19	15	13	1	-1499.931	-0.02563419	8.168635	-0.003307136	-0.008005724	-0.003159696	0	0	0	
2.76	24	19	15	14	1	-1499.93	-0.02596929	8.32342	-0.004510404	-0.00820932	-0.003166056	0	0	0	
2.808	24	19	15	14	1	-1499.928	-0.02622098	8.491011	-0.005288334	-0.001771861	-0.003203496	0	0	0	
2.856	24	19	15	14	1	-1499.927	-0.02633309	8.645481	-0.005155123	-0.004731807	-0.003197832	0	0	0	
2.904	24	19	15	14	1	-1499.926	-0.02633067	8.79964	-0.004819651	-0.004975648	-0.00322847	0	0	0	
2.956	24	19	15	14	1	-1499.924	-0.02622197	8.953366	-0.004440344	-0.0009457426	-0.003256457	0	0	0	
3	24	19	15	14	1	-1499.923	-0.02602	9.106603	-0.002709559	-0.002716009	-0.003271032	0	0	0	
3.052	24	19	15	14	1	-1499.922	-0.02573532	9.271983	-0.001356643	-0.00402491	-0.003301042	0	0	0	
3.1	24	19	15	14	1	-1499.92	-0.02544573	9.423967	-0.001287071	-0.006518136	-0.003334092	0	0	0	
3.152	24	19	15	14	1	-1499.919	-0.0251332	9.57524	-0.002389747	-0.003960506	-0.003375635	0	0	0	
3.2	24	19	15	14	1	-1499.918	-0.02474847	9.738268	-0.001970916	-0.004686423	-0.003371755	0	0	0	
3.244	24	19	15	14	1	-1499.916	-0.02439085	9.875479	-0.0003357129	-0.003643544	-0.003381499	0	0	0	
3.292	24	19	15	14	1	-1499.915	-0.0240022	10.02437	0.001224405	-0.005144492	-0.003420631	0	0	0	
3.34	24	19	15	14	1	-1499.914	-0.02364718	10.17233	0.002036872	-0.004939984	-0.003465898	0	0	0	
3.388	24	19	15	14	1	-1499.913	-0.02336735	10.30708	0.001080121	-0.001149518	-0.003509706	0	0	0	
3.432	24	19	15	14	1	-1499.912	-0.0230971	10.45308	0.0003121103	-0.003841836	-0.003537633	0	0	0	
3.484	24	19	15	14	1	-1499.91	-0.02282603	10.61006	0.001079551	-0.005751037	-0.003567613	0	0	0	
3.532	24	19	15	14	1	-1499.909	-0.02260944	10.7538	0.001995166	-0.003891936	-0.003594886	0	0	0	
3.584	24	19	15	14	1	-1499.908	-0.02244417	10.8964	0.001785119	-0.004584454	-0.003621128	0	0	0	
3.632	24	19	15	14	1	-1499.906	-0.02231944	11.04967	0.001046755	-0.004332658	-0.003645191	0	0	0	
3.68	24	19	15	14	1	-1499.905	-0.02223771	11.18999	0.0004616738	-0.008316203	-0.00363995	0	0	0	
3.724	24	19	15	15	1	-1499.904	-0.02217875	11.31761	-0.000425443	-0.007302409	-0.003579736	0	0	0	
3.776	24	19	15	15	1	-1499.903	-0.02211303	11.45571	-0.001848015	-0.006854412	-0.003540438	0	0	0	
3.824	24	19	15	15	1	-1499.902	-0.02200685	11.604	-0.002776929	-0.004592658	-0.003544925	0	0	0	
3.872	24	19	15	15	1	-1499.901	-0.02185613	11.73966	-0.002107401	-0.006522149	-0.003558281	0	0	0	
3.92	24	19	15	15	1	-1499.9	-0.02166921	11.87412	0.0003819797	-0.004028072	-0.003565708	0	0	0	
3.968	24	19	15	15	1	-1499.9	-0.02149589	12.00735	0.001452748	-0.002431524	-0.003564879	0	0	0	
4.016	24	19	15	15	1	-1499.899	-0.02136166	12.13936	0.001271292	-0.003851175	-0.003567359	0	0	0	
4.064	24	19	15	15	1	-1499.898	-0.02126581	12.27013	0.001871276	-0.003112976	-0.003554839	0	0	0	
4.108	24	19	15	15	1	-1499.897	-0.02122079	12.38887	0.002692912	-0.008014644	-0.003572293	0	0	0	
4.156	24	19	15	15	1	-1499.896	-0.0212358	12.51723	0.003065182	-0.004636067	-0.003568594	0	0	0	
4.196	24	19	15	15	1	-1499.895	-0.02130509	12.62324	0.002383171	-0.006166132	-0.00358019	0	0	0	
4.24	24	19	15	15	1	-1499.895	-0.02142967	12.73888	0.0008811054	-0.01005939	-0.003584711	0	0	0	
4.28	24	19	15	15	1	-1499.894	-0.02155122	12.83274	0.0007261664	-0.008179311	-0.003588211	0	0	0	
4.32	24	19	15	15	1	-1499.894	-0.02171838	12.94648	0.0020416	-0.004987215	-0.003601903	0	0	0	
4.368	24	19	15	15	1	-1499.893	-0.02192582	13.05914	0.002662559	-0.004244664	-0.003600343	0	0	0	
4.404	24	19	15	15	1	-1499.893	-0.02216086	13.16064	0.002833727	-0.004197781	-0.003596717	0	0	0	
4.444	24	19	15	15	1	-1499.892	-0.02244333	13.26125	0.00264593	-0.001578666	-0.003594273	0	0	0	
4.488	24	19	15	15	1	-1499.892	-0.02280287	13.37091	0.0007358493	-0.002931198	-0.003597679	0	0	0	
4.536	24	19	15	15	1	-1499.891	-0.02321817	13.48937	-0.00142083	0.00119031	-0.003622059	0	0	0	
4.576	24	19	15	15	1	-1499.89	-0.02354668	13.58715	-0.003352137	-0.0005195557	-0.003621882	0	0	0	
4.624	24	19	15	16	1	-1499.89	-0.02385254	13.69377	-0.004448868	-0.003809291	-0.003616086	0	0	0	
4.668	24	19	15	16	1	-1499.889	-0.02410016	13.80897	-0.003708376	-0.004747569	-0.003623245	0	0	0	
4.712	24	19	15	16	1	-1499.888	-0.02424629	13.90408	-0.003105371	-0.004356344	-0.003635005	0	0	0	
4.752	24	19	15	16	1	-1499.888	-0.02435577	14.00774	-0.003266368	-0.004791775	-0.003643139	0	0	0	
4.8	24	19	15	16	1	-1499.887	-0.02441409	14.11971	-0.002873205	-0.00200594	-0.003662778	0	0	0	
4.844	24	19	15	16	1	-1499.886	-0.02441898	14.22133	-0.001618383	0.004187981	-0.003679673	0	0	0	
4.888	24	19	15	16	1	-1499.885	-0.02440079	14.32201	-0.0001363281	0.001493185	-0.00367548	0	0	0	
4.932	24	19	15	16	1	-1499.884	-0.02438714	14.4217	0.0006091086	-0.003665947	-0.003678552	0	0	0	
4.98	24	19	15	16	1	-1499.883	-0.02439255	14.52937	0.001149447	-0.001656587	-0.003699575	0	0	0	
5.024	24	19	15	16	1	-1499.882	-0.02442598	14.62708	0.002037773	-0.003865135	-0.003695071	0	0	0	
5.068	24	19	15	16	1	-1499.881	-0.02450118	14.72382	0.002810326	-0.007640535	-0.003696716	0	0	0	
5.116	24	19	15	16	1	-1499.88	-0.0246475	14.82824	0.002982853	-0.008203302	-0.00367938	0	0	0	
5.164	24	19	15	16	1	-1499.879	-0.0248442	14.92297	0.001898689	-0.007933976	-0.003660434	0	0	0	
5.204	24	19	15	16	1	-1499.879	-0.02508371	15.01678	0.0009439507	-0.01137353	-0.003651058	0	0	0	
5.252	24	19	15	16	1	-1499.878	-0.02537076	15.11805	-0.0006379939	-0.008491214	-0.003647559	0	0	0	
5.296	24	19	15	16	1	-1499.877	-0.0256049	15.20161	-0.002097599	-0.004387353	-0.00366506	0	0	0	
5.34	24	19	15	16	1	-1499.877	-0.02585119	15.30096	-0.002120597	-0.003843753	-0.003677087	0	0	0	
5.388	24	19	15	16	1	-1499.876	-0.02605574	15.39926	-0.001942433	-0.003446099	-0.003675603	0	0	0	
5.436	24	19	15	16	1	-1499.876	-0.0262245	15.49651	-0.001146855	-0.007320135	-0.003671965	0	0	0	
5.48	24	19	15	16	1	-1499.875	-0.02635028	15.57674	0.0004298756	-0.005222301	-0.00369165	0	0	0	
5.524	24	19	15	17	1	-1499.875	-0.02649874	15.66413	0.001564476	-0.003829445	-0.003705379	0	0	0	
5.556	24	19	15	17	1	-1499.874	-0.02664396	15.73499	0.001664969	-0.006113096	-0.003727824	0	0	0	
5.6	24	19	15	17	1	-1499.874	-0.02685422	15.82085	0.001899246	-0.007321041	-0.003774451	0	0	0	
5.648	24	19	15	17	1	-1499.873	-0.02712977	15.91359	0.002857539	-0.005736198	-0.003811074	0	0	0	
5.684	24	19	15	17	1	-1499.873	-0.02734889	15.97485	0.00372929	-0.006106044	-0.00383676	0	0	0	
5.712	24	19	15	17	1	-1499.873	-0.02757101	16.02806	0.004782684	-0.008364082	-0.003862597	0	0	0	
5.756	24	19	15	17	1	-1499.873	-0.02803927	16.1185	0.005435407	-0.005418439	-0.003855453	0	0	0	
5.804	24	19	15	17	1	-1499.872	-0.02862742	16.20795	0.004182022	-0.004146639	-0.003822321	0	0	0	
5.844	24	19	15	17	1	-1499.872	-0.02918717	16.2818	0.002057386	-0.005784034	-0.00380144	0	0	0	
5.888	24	19	15	17	1	-1499.872	-0.02984115	16.36226	0.000274502	-0.003140985	-0.00377487	0	0	0	
5.932	24	19	15	17	1	-1499.872	-0.03044235	16.43473	-0.001996248	-0.00245182	-0.00373896	0	0	0	
5.976	24	19	15	17	1	-1499.871	-0.03107488	16.51367	-0.002883981	-0.005538869	-0.003703961	0	0	0	
6.008	24	19	15	17	1	-1499.871	-0.03155567	16.57763	-0.002725042	-0.007372331	-0.003709276	0	0	0	
6.056	24	19	15	17	1	-1499.871	-0.03214632	16.66207	-0.002087029	-0.005978502	-0.003699934	0	0	0	
6.104	24	19	15	17	1	-1499.871	-0.03269073	16.74559	-0.001985078	-0.005288795	-0.003686763	0	0	0	
6.14	24	19	15	17	1	-1499.871	-0.03307223	16.80763	-0.002290006	-0.007028488	-0.0036753	0	0	0	
6.18	24	19	15	17	1	-1499.871	-0.03346477	16.87596	-0.002756199	-0.00719296	-0.003671918	0	0	0	
6.228	24	19	15	17	1	-1499.871	-0.03388065	16.95711	-0.004142686	-0.007260102	-0.003682034	0	0	0	
6.272	24	19	15	17	1	-1499.871	-0.03416128	17.02406	-0.005267737	-0.007247867	-0.003678999	0	0	0	
6.316	24	19	15	17	1	-1499.871	-0.03439594	17.10361	-0.005530943	-0.006131435	-0.003684215	0	0	0	
6.364	24	19	15	18	1	-1499.871	-0.03450913	17.17573	-0.004736406	-0.008274545	-0.0036716	0	0	0	
6.408	24	19	15	18	1	-1499.871	-0.03453689	17.25361	-0.003486568	-0.004933123	-0.003690245	0	0	0	
6.452	24	19	15	18	1	-1499.871	-0.03450361	17.3179	-0.002690305	-0.004326864	-0.00369902	0	0	0	
6.496	24	19	15	18	1	-1499.872	-0.03441415	17.39427	-0.001606142	-0.004330447	-0.00369937	0	0	0	
6.544	24	19	15	18	1	-1499.872	-0.03429416	17.46978	-0.0005261727	-0.0004717339	-0.003720203	0	0	0	
6.592	24	19	15	18	1	-1499.872	-0.03417795	17.53823	-0.001054047	-0.0006487196	-0.00374099	0	0	0	
6.632	24	19	15	18	1	-1499.872	-0.03404989	17.60595	-0.001616323	-0.002519732	-0.003746633	0	0	0	
6.676	24	19	15	18	1	-1499.872	-0.03389787	17.67296	-0.002474395	-0.001949721	-0.003755371	0	0	0	
6.724	24	19	15	18	1	-1499.872	-0.03368725	17.74532	-0.003473689	0.001031778	-0.00375506	0	0	0	
6.768	24	19	15	18	1	-1499.872	-0.03346075	17.80504	-0.003484204	-0.00171181	-0.003734566	0	0	0	
6.808	24	19	15	18	1	-1499.872	-0.03315672	17.87012	-0.003041254	-0.0008540739	-0.003723017	0	0	0	
6.852	24	19	15	18	1	-1499.872	-0.03280312	17.93454	-0.002744982	0.001998217	-0.003737911	0	0	0	
6.9	24	19	15	18	1	-1499.871	-0.03237001	18.00406	-0.001224459	0.000293823	-0.003719717	0	0	0	
6.948	24	19	15	18	1	-1499.871	-0.03191927	18.07283	0.001035235	-0.004266072	-0.003722868	0	0	0	
6.996	24	19	15	18	1	-1499.871	-0.03149654	18.14091	0.00171403	-0.001704234	-0.003717077	0	0	0	
7.04	24	19	15	18	1	-1499.87	-0.03114925	18.20264	0.001344984	-0.003049807	-0.003736863	0	0	0	
7.06	24	19	15	18	1	-1499.87	-0.03100307	18.2305	0.0006645172	-0.002529641	-0.003738133	0	0	0	
7.104	24	19	15	18	1	-1499.869	-0.03072175	18.28585	-0.0002270707	-0.001543751	-0.003725091	0	0	0	
7.14	24	19	15	18	1	-1499.869	-0.0304402	18.34071	-0.001291842	-0.005379841	-0.003721212	0	0	0	
7.184	24	19	15	18	1	-1499.868	-0.03011431	18.40049	-0.001587906	-0.007622701	-0.003736131	0	0	0	
7.22	24	19	15	19	1	-1499.868	-0.0298304	18.44894	-0.001579741	-0.006800463	-0.003758724	0	0	0	
7.244	24	19	15	19	1	-1499.868	-0.02963249	18.48101	-0.001446972	-0.008252036	-0.003775242	0	0	0	
7.284	24	19	15	19	1	-1499.868	-0.02928887	18.53404	-0.001461433	-0.01112829	-0.003799969	0	0	0	
7.332	24	19	15	19	1	-1499.867	-0.028852	18.59703	-0.001975118	-0.005968248	-0.003843563	0	0	0	
7.372	24	19	15	19	1	-1499.867	-0.02850157	18.6438	-0.001735895	-0.006890578	-0.003856939	0	0	0	
7.404	24	19	15	19	1	-1499.867	-0.02813321	18.69017	-0.001309832	-0.009488913	-0.00387049	0	0	0	
7.452	24	19	15	19	1	-1499.867	-0.02762352	18.75136	-0.0004863889	-0.006937189	-0.003886139	0	0	0	
7.492	24	19	15	19	1	-1499.867	-0.02719571	18.80183	0.001014785	-0.004358007	-0.003903242	0	0	0	
7.544	24	19	15	19	1	-1499.867	-0.02667131	18.86678	0.002300568	-0.003762012	-0.003905365	0	0	0	
7.592	24	19	15	19	1	-1499.867	-0.02624303	18.92608	0.00101025	-0.002356119	-0.003870191	0	0	0	
7.644	24	19	15	19	1	-1499.867	-0.02581112	18.9896	-0.0008934298	-0.005393682	-0.003846996	0	0	0	
7.692	24	19	15	19	1	-1499.867	-0.02540127	19.04752	-0.002523791	-0.007548488	-0.003836727	0	0	0	
7.74	24	19	15	19	1	-1499.867	-0.02494492	19.10482	-0.003577649	-0.007252903	-0.003852776	0	0	0	
7.792	24	19	15	19	1	-1499.867	-0.02442135	19.16147	-0.001554339	-0.003865974	-0.003903624	0	0	0	
7.836	24	19	15	19	1	-1499.867	-0.02386511	19.21757	0.0008445887	-0.003272021	-0.003934321	0	0	0	
7.884	24	19	15	19	1	-1499.867	-0.02332919	19.27309	0.002306754	-0.002016142	-0.003956227	0	0	0	
7.932	24	19	15	19	1	-1499.867	-0.02285065	19.32798	0.003890611	-0.002609941	-0.003985165	0	0	0	
7.984	24	19	15	19	1	-1499.867	-0.02246164	19.38225	0.004944823	-0.0007072863	-0.004023907	0	0	0	
8.028	24	19	15	19	1	-1499.867	-0.02220624	19.4315	0.005964669	0.000506951	-0.004067108	0	0	0	
8.072	24	19	15	19	1	-1499.867	-0.02205742	19.48465	0.00545459	-0.0009984768	-0.004084532	0	0	0	
8.12	24	19	15	20	1	-1499.867	-0.02203166	19.53285	0.00386428	-0.003093989	-0.004109534	0	0	0	
8.168	24	19	15	20	1	-1499.866	-0.02209224	19.58486	0.00247892	-0.001291845	-0.00414965	0	0	0	
8.208	24	19	15	20	1	-1499.866	-0.02220292	19.63199	0.002263822	-0.0009797308	-0.004188491	0	0	0	
8.252	24	19	15	20	1	-1499.866	-0.02235822	19.67868	0.001985919	-0.004737031	-0.004232995	0	0	0	
8.304	24	19	15	20	1	-1499.865	-0.02257197	19.72909	0.001315089	-0.004870509	-0.004248707	0	0	0	
8.352	24	19	15	20	1	-1499.865	-0.022839	19.78304	0.0003323732	-0.004114489	-0.004243542	0	0	0	
8.4	24	19	15	20	1	-1499.864	-0.02309542	19.83222	-0.0007515013	-0.003640787	-0.004254427	0	0	0	
8.448	24	19	15	20	1	-1499.864	-0.02333615	19.88082	-0.00218151	-0.005619725	-0.004271094	0	0	0	
8.496	24	19	15	20	1	-1499.864	-0.0235337	19.92885	-0.002551051	-0.006457243	-0.004285985	0	0	0	
8.548	24	19	15	20	1	-1499.863	-0.0236746	19.9763	-0.003791707	-0.004933321	-0.004297743	0	0	0	
8.596	24	19	15	20	1	-1499.863	-0.02373516	20.02708	-0.005359411	-0.00323929	-0.004311765	0	0	0	
8.64	24	19	15	20	1	-1499.863	-0.02368251	20.0696	-0.004602414	-0.001010624	-0.0043248	0	0	0	
8.692	24	19	15	20	1	-1499.862	-0.02351205	20.11932	-0.003233421	-0.003267617	-0.004310988	0	0	0	
8.74	24	19	15	20	1	-1499.862	-0.0233013	20.16098	-0.002635698	-0.007868216	-0.004278851	0	0	0	
8.784	24	19	15	20	1	-1499.862	-0.02304333	20.20223	-0.001755274	-0.005148911	-0.004259467	0	0	0	
8.832	24	19	15	20	1	-1499.861	-0.02270004	20.25046	-0.0001287092	-0.00334593	-0.004232505	0	0	0	
8.88	24	19	15	20	1	-1499.861	-0.0223818	20.29445	0.001179788	-0.003015153	-0.004197393	0	0	0	
8.932	24	19	15	20	1	-1499.86	-0.02206634	20.34154	0.000363103	-0.002575483	-0.004187923	0	0	0	
8.972	24	19	15	20	1	-1499.86	-0.02183479	20.37739	-0.0009079811	-0.001604366	-0.004173729	0	0	0	
9.024	24	19	15	20	1	-1499.86	-0.02154332	20.41999	-0.0005025118	-0.002175439	-0.004172405	0	0	0	
9.068	24	19	15	21	1	-1499.859	-0.02124282	20.46212	0.0003633559	0.0002037022	-0.004160168	0	0	0	
9.12	24	19	15	21	1	-1499.859	-0.02095036	20.50378	-0.0004995467	-0.0005233288	-0.004125791	0	0	0	
9.164	24	19	15	21	1	-1499.858	-0.02065347	20.545	-0.0006493967	-0.008296321	-0.004073347	0	0	0	
9.216	24	19	15	21	1	-1499.857	-0.02033979	20.58582	-0.001498969	-0.005244095	-0.004027262	0	0	0	
9.264	24	19	15	21	1	-1499.857	-0.01996663	20.62958	-0.001428903	-0.008727416	-0.003971898	0	0	0	
9.312	24	19	15	21	1	-1499.856	-0.01962468	20.6662	-0.001013414	-0.01149234	-0.003897929	0	0	0	
9.352	24	19	15	21	1	-1499.856	-0.01926422	20.70242	-0.001483859	-0.008016638	-0.00384664	0	0	0	
9.404	24	19	15	21	1	-1499.856	-0.01880417	20.74477	-0.001705847	-0.006268017	-0.003776163	0	0	0	
9.452	24	19	15	21	1	-1499.856	-0.0183477	20.78338	-0.0004838297	-0.009277957	-0.003697765	0	0	0	
9.504	24	19	15	21	1	-1499.856	-0.01784179	20.82468	3.065106e-05	-0.01053142	-0.003642538	0	0	0	
9.552	24	19	15	21	1	-1499.856	-0.017378	20.86237	0.00109255	-0.00598566	-0.003606047	0	0	0	
9.596	24	19	15	21	1	-1499.856	-0.01697346	20.89655	0.001994413	-0.004483482	-0.003593763	0	0	0	
9.644	24	19	15	21	1	-1499.856	-0.01657442	20.93341	0.001391197	-0.004603971	-0.003579976	0	0	0	
9.692	24	19	15	21	1	-1499.856	-0.01620881	20.96988	-0.0003723348	-0.004464252	-0.003558226	0	0	0	
9.74	24	19	15	21	1	-1499.856	-0.01587094	21.00295	-0.0009696318	-0.003339111	-0.003538347	0	0	0	
9.788	24	19	15	21	1	-1499.856	-0.01545195	21.04157	-4.633659e-05	-0.002408073	-0.003519183	0	0	0	
9.836	24	19	15	21	1	-1499.856	-0.01506264	21.0768	0.0001955909	-0.004860343	-0.003461439	0	0	0	
9.888	24	19	15	21	1	-1499.857	-0.01467918	21.11167	0.0001524058	-0.002892072	-0.00340215	0	0	0	
9.924	24	19	15	21	1	-1499.857	-0.01436334	21.14049	-6.262335e-05	-0.001293514	-0.003383404	0	0	0	
9.972	24	19	15	21	1	-1499.857	-0.01398094	21.17471	-0.001913685	-0.002977538	-0.003374377	0	0	0	
10.016	24	19	15	22	1	-1499.857	-0.01359589	21.20572	-0.003370796	-0.001361953	-0.003383772	0	0	0	
10.064	24	19	15	22	1	-1499.856	-0.01310862	21.23915	-0.002974497	0.001143724	-0.00342036	0	0	0	
10.108	24	19	15	22	1	-1499.856	-0.0126034	21.26943	-0.002988305	-0.002677796	-0.003439214	0	0	0	
10.156	24	19	15	22	1	-1499.856	-0.01199009	21.30208	-0.003114469	-0.004192697	-0.003476462	0	0	0	
10.204	24	19	15	22	1	-1499.856	-0.01136925	21.33167	-0.002747775	-0.004193044	-0.003523621	0	0	0	
10.24	24	19	15	22	1	-1499.856	-0.0107608	21.35833	-0.002494832	-0.003983615	-0.003566659	0	0	0	
10.28	24	19	15	22	1	-1499.855	-0.01011564	21.38476	-0.001758124	-0.004993748	-0.003587696	0	0	0	
10.32	24	19	15	22	1	-1499.855	-0.009513726	21.40835	0.0001063454	-0.008322921	-0.003587491	0	0	0	
10.36	24	19	15	22	1	-1499.855	-0.008780612	21.43694	0.001918488	-0.006217526	-0.003596338	0	0	0	
10.404	24	19	15	22	1	-1499.855	-0.008091477	21.46525	0.004851206	-0.004903168	-0.003610564	0	0	0	
10.448	24	19	15	22	1	-1499.855	-0.00749232	21.49325	0.00541504	-0.004199899	-0.003583108	0	0	0	
10.48	24	19	15	22	1	-1499.855	-0.007121658	21.51343	0.004956324	-0.005235318	-0.003575427	0	0	0	
10.52	24	19	15	22	1	-1499.855	-0.006728259	21.53844	0.003902961	-0.008225078	-0.003589046	0	0	0	
10.568	24	19	15	22	1	-1499.855	-0.006335227	21.56816	0.002664943	-0.005055128	-0.003608608	0	0	0	
10.612	24	19	15	22	1	-1499.855	-0.006029356	21.59515	0.002386002	-0.001712349	-0.00363686	0	0	0	
10.652	24	19	15	22	1	-1499.854	-0.005790705	21.61948	0.002620031	-0.003907711	-0.003670377	0	0	0	
10.692	24	19	15	22	1	-1499.854	-0.005592659	21.64362	0.002494756	-0.005818642	-0.003687264	0	0	0	
10.74	24	19	15	22	1	-1499.854	-0.005404882	21.67238	0.00236656	-0.002267721	-0.003668433	0	0	0	
10.784	24	19	15	22	1	-1499.854	-0.005278073	21.69846	0.002744951	-0.003573587	-0.003666282	0	0	0	
10.832	24	19	15	22	1	-1499.854	-0.005200874	21.72427	0.003487966	-0.004867794	-0.003654459	0	0	0	
10.876	24	19	15	23	1	-1499.854	-0.005187712	21.75213	0.004448363	-0.006929105	-0.003645321	0	0	0	
10.924	24	19	15	23	1	-1499.854	-0.005266808	21.77967	0.004016697	-0.006779106	-0.00361603	0	0	0	
10.972	24	19	15	23	1	-1499.854	-0.005431785	21.80695	0.002932178	-0.006103746	-0.003570649	0	0	0	
11.02	24	19	15	23	1	-1499.854	-0.005659086	21.83394	0.001761882	-0.005805154	-0.003506213	0	0	0	
11.064	24	19	15	23	1	-1499.854	-0.005875721	21.85613	4.060341e-05	-0.006209456	-0.003442994	0	0	0	
11.104	24	19	15	23	1	-1499.854	-0.006111615	21.88026	-0.002031517	-0.00801628	-0.003372761	0	0	0	
11.148	24	19	15	23	1	-1499.855	-0.00630898	21.90413	-0.002776546	-0.007867752	-0.003313383	0	0	0	
11.196	24	19	15	23	1	-1499.855	-0.006461896	21.92988	-0.001464621	-0.009824235	-0.003282273	0	0	0	
11.232	24	19	15	23	1	-1499.855	-0.006546859	21.949	-0.000112642	-0.006775563	-0.003270378	0	0	0	
11.268	24	19	15	23	1	-1499.855	-0.006624836	21.96796	-2.669023e-05	-0.00111194	-0.003259706	0	0	0	
11.308	24	19	15	23	1	-1499.856	-0.006699171	21.98673	-0.0006979155	-0.001149677	-0.003238274	0	0	0	
11.348	24	19	15	23	1	-1499.856	-0.006775152	22.00945	-0.0008427994	-0.003431023	-0.003245781	0	0	0	
11.392	24	19	15	23	1	-1499.856	-0.006826975	22.02989	-0.0004402026	-0.003063256	-0.003268851	0	0	0	
11.436	24	19	15	23	1	-1499.857	-0.006874371	22.05419	-6.287306e-05	-0.005123857	-0.003303999	0	0	0	
11.48	24	19	15	23	1	-1499.857	-0.006907309	22.07425	-2.948458e-05	-0.002620676	-0.003334888	0	0	0	
11.524	24	19	15	23	1	-1499.857	-0.006941724	22.09808	-0.0003680115	-0.001442659	-0.003370657	0	0	0	
11.568	24	19	15	23	1	-1499.857	-0.006962435	22.11967	-0.0002603071	-0.004329489	-0.003390855	0	0	0	
11.612	24	19	15	23	1	-1499.857	-0.006973696	22.14104	3.79262e-05	-0.00183999	-0.003402123	0	0	0	
11.652	24	19	15	23	1	-1499.857	-0.006981807	22.16028	0.0006264058	-0.002737736	-0.003414467	0	0	0	
11.7	24	19	15	23	1	-1499.857	-0.00700113	22.18317	0.001616619	-0.00524647	-0.003407402	0	0	0	
11.748	24	19	15	24	1	-1499.858	-0.007049235	22.20584	0.002159113	-0.002598183	-0.003391907	0	0	0	
11.788	24	19	15	24	1	-1499.858	-0.007121671	22.2245	0.00317711	-0.001801984	-0.003399574	0	0	0	
11.836	24	19	15	24	1	-1499.858	-0.007266303	22.24662	0.003267315	-0.003918585	-0.003431821	0	0	0	
11.884	24	19	15	24	1	-1499.858	-0.007477122	22.26854	0.002030594	-0.004699174	-0.003451244	0	0	0	
11.928	24	19	15	24	1	-1499.858	-0.007706259	22.28844	5.732072e-05	-0.001886454	-0.003456214	0	0	0	
11.972	24	19	15	24	1	-1499.858	-0.007914812	22.30638	-0.0009421658	-0.004399759	-0.003444269	0	0	0	
12.012	24	19	15	24	1	-1499.858	-0.008122289	22.32595	-0.00150265	-0.002685968	-0.003443845	0	0	0	
12.056	24	19	15	24	1	-1499.857	-0.008280981	22.3436	-0.002319747	-0.003443524	-0.003445891	0	0	0	
12.096	24	19	15	24	1	-1499.857	-0.008408738	22.36284	-0.003475759	-0.004652779	-0.003463332	0	0	0	
12.144	24	19	15	24	1	-1499.857	-0.008466503	22.38186	-0.004778557	-0.004605327	-0.00346943	0	0	0	
12.184	24	19	15	24	1	-1499.857	-0.008431763	22.40067	-0.004764155	-0.004887418	-0.003469569	0	0	0	
12.228	24	19	15	24	1	-1499.857	-0.008303806	22.41922	-0.003957528	-0.004665717	-0.003463953	0	0	0	
12.252	24	19	15	24	1	-1499.857	-0.008199565	22.42925	-0.003622463	-0.00288232	-0.003466278	0	0	0	
12.3	24	19	15	24	1	-1499.857	-0.007928017	22.44914	-0.002546456	-0.003519661	-0.003438942	0	0	0	
12.344	24	19	15	24	1	-1499.857	-0.007653312	22.46558	-0.0009547144	-0.002611459	-0.003419461	0	0	0	
12.384	24	19	15	24	1	-1499.857	-0.007358057	22.48187	0.000688836	-0.005749394	-0.00340233	0	0	0	
12.42	24	19	15	24	1	-1499.857	-0.007067602	22.49805	0.002083818	-0.008047913	-0.003376702	0	0	0	
12.448	24	19	15	24	1	-1499.857	-0.006905694	22.50769	0.002263845	-0.007189081	-0.003350168	0	0	0	
12.488	24	19	15	24	1	-1499.857	-0.006638504	22.52521	0.002480168	-0.006170071	-0.003317358	0	0	0	
12.536	24	19	15	24	1	-1499.857	-0.006413314	22.54249	0.003032435	-0.002541253	-0.003277463	0	0	0	
12.584	24	19	15	25	1	-1499.857	-0.006227544	22.56112	0.003817771	-0.004213265	-0.003278489	0	0	0	
12.624	24	19	15	25	1	-1499.857	-0.006124199	22.57804	0.003223331	-0.005059494	-0.003295588	0	0	0	
12.668	24	19	15	25	1	-1499.857	-0.006076235	22.59482	0.002246191	-0.002447358	-0.003282665	0	0	0	
12.716	24	19	15	25	1	-1499.857	-0.0060661	22.61144	0.001312262	-0.001466138	-0.003264715	0	0	0	
12.76	24	19	15	25	1	-1499.856	-0.006078005	22.62942	0.001469483	-0.003463493	-0.003253724	0	0	0	
12.808	24	19	15	25	1	-1499.856	-0.006112933	22.64721	0.0007195407	-0.004527099	-0.003253034	0	0	0	
12.852	24	19	15	25	1	-1499.856	-0.0061534	22.66331	0.0006441646	-0.005876864	-0.003242777	0	0	0	
12.9	24	19	15	25	1	-1499.856	-0.006204609	22.68065	0.001384033	-0.004930121	-0.003221739	0	0	0	
12.94	24	19	15	25	1	-1499.856	-0.006263193	22.69498	0.0011037	-0.004411673	-0.003208188	0	0	0	
12.984	24	19	15	25	1	-1499.856	-0.006337674	22.71061	-0.001195918	-0.003058295	-0.003223104	0	0	0	
13.028	24	19	15	25	1	-1499.856	-0.006382365	22.72608	-0.004013648	-0.001360769	-0.003266547	0	0	0	
13.076	24	19	15	25	1	-1499.856	-0.006349829	22.74136	-0.005890521	-0.003347406	-0.003293541	0	0	0	
13.12	24	19	15	25	1	-1499.855	-0.006184184	22.75784	-0.006589988	-0.003347106	-0.003299785	0	0	0	
13.168	24	19	15	25	1	-1499.855	-0.005898034	22.77281	-0.006217583	-0.004808197	-0.003267072	0	0	0	
13.208	24	19	15	25	1	-1499.855	-0.005489362	22.78767	-0.004717129	-0.004100671	-0.003270439	0	0	0	
13.252	24	19	15	25	1	-1499.855	-0.004984425	22.80241	-0.002903749	-0.001763814	-0.003277847	0	0	0	
13.3	24	19	15	25	1	-1499.855	-0.004365035	22.81835	-0.002097826	-0.004143673	-0.003259315	0	0	0	
13.344	24	19	15	25	1	-1499.854	-0.003752631	22.83277	-0.001395851	-0.004107441	-0.003245256	0	0	0	
13.384	24	19	15	25	1	-1499.854	-0.003168776	22.84574	-0.00125163	-0.004976305	-0.003226487	0	0	0	
13.428	24	19	15	25	1	-1499.854	-0.002500269	22.85987	-0.001665027	-0.006227504	-0.003187774	0	0	0	
13.476	24	19	15	26	1	-1499.854	-0.001731006	22.87509	-0.002139924	-0.004864321	-0.003136481	0	0	0	
13.524	24	19	15	26	1	-1499.853	-0.0009138977	22.89022	-0.0007629516	-0.001510168	-0.003115521	0	0	0	
13.572	24	19	15	26	1	-1499.853	-7.614854e-05	22.90519	0.0008183123	-0.001610678	-0.003083293	0	0	0	
13.612	24	19	15	26	1	-1499.853	0.0006106665	22.91757	0.002865886	-0.001490148	-0.003072832	0	0	0	
13.66	24	19	15	26	1	-1499.852	0.001382375	22.93228	0.00357399	-0.001060014	-0.003083848	0	0	0	
13.7	24	19	15	26	1	-1499.852	0.00196747	22.94438	0.003837347	-0.001181388	-0.003103341	0	0	0	
13.748	24	19	15	26	1	-1499.852	0.002545353	22.95757	0.004112403	-0.003179452	-0.003134518	0	0	0	
13.788	24	19	15	26	1	-1499.851	0.003006513	22.96941	0.005245206	-0.003436983	-0.003148497	0	0	0	
13.832	24	19	15	26	1	-1499.851	0.003460244	22.98347	0.004934329	-0.003272884	-0.003180971	0	0	0	
13.876	24	19	15	26	1	-1499.85	0.003782503	22.99621	0.004018779	-0.003929638	-0.003185727	0	0	0	
13.924	24	19	15	26	1	-1499.85	0.004033949	23.00879	0.003271026	-0.005692104	-0.003187335	0	0	0	
13.968	24	19	15	26	1	-1499.849	0.004229026	23.02124	0.002107739	-0.002530583	-0.003172571	0	0	0	
14.004	24	19	15	26	1	-1499.849	0.00437448	23.03244	0.0009163319	-0.001871384	-0.00316296	0	0	0	
14.052	24	19	15	26	1	-1499.848	0.00453754	23.04577	-0.0001112485	-0.004238064	-0.003174063	0	0	0	
14.1	24	19	15	26	1	-1499.847	0.004711073	23.05894	-0.0008513073	-0.003772552	-0.003154281	0	0	0	
14.148	24	19	15	26	1	-1499.847	0.004911066	23.07196	-0.001257041	-0.007520014	-0.003129529	0	0	0	
14.164	24	19	15	26	1	-1499.846	0.004985168	23.07625	-0.00134343	-0.008351254	-0.003122335	0	0	0	
14.208	24	19	15	26	1	-1499.846	0.005210218	23.08798	-0.001066328	-0.006897845	-0.003122383	0	0	0	
14.256	24	19	15	26	1	-1499.846	0.005461392	23.09958	-0.0005540961	-0.005005093	-0.003120483	0	0	0	
14.292	24	19	15	26	1	-1499.845	0.005703233	23.11004	8.382522e-05	-0.006847905	-0.003124383	0	0	0	
14.32	24	19	15	27	1	-1499.845	0.005875315	23.1173	0.0006763063	-0.006322925	-0.003141521	0	0	0	
14.368	24	19	15	27	1	-1499.845	0.006166008	23.12966	0.0001980299	-0.008083252	-0.003165603	0	0	0	
14.412	24	19	15	27	1	-1499.844	0.00643383	23.14086	-0.0003520098	-0.0114781	-0.003170665	0	0	0	
14.46	24	19	15	27	1	-1499.844	0.006714306	23.15195	-0.0005840851	-0.01273301	-0.003177736	0	0	0	
14.5	24	19	15	27	1	-1499.844	0.00698401	23.16193	2.611725e-05	-0.01177654	-0.003201472	0	0	0	
14.54	24	19	15	27	1	-1499.844	0.007286591	23.17282	0.0007943403	-0.01022591	-0.003211042	0	0	0	
14.58	24	19	15	27	1	-1499.844	0.007552596	23.18267	0.001464928	-0.009423054	-0.003229324	0	0	0	
14.628	24	19	15	27	1	-1499.845	0.007847007	23.19436	0.002336315	-0.008017032	-0.0032423	0	0	0	
14.672	24	19	15	27	1	-1499.845	0.008077034	23.20496	0.003568889	-0.002761033	-0.003237079	0	0	0	
14.72	24	19	15	27	1	-1499.846	0.008258792	23.21641	0.004233257	-0.00171491	-0.003217421	0	0	0	
14.76	24	19	15	27	1	-1499.846	0.008338994	23.22495	0.003282903	-0.003337294	-0.003189229	0	0	0	
14.8	24	19	15	27	1	-1499.846	0.008387785	23.2353	0.0004196939	-0.004680678	-0.00315733	0	0	0	
14.84	24	19	15	27	1	-1499.846	0.008424471	23.24367	-0.003290958	-0.005493468	-0.003106541	0	0	0	
14.88	24	19	15	27	2	-1499.847	0.00853	23.25381	-0.006800559	-0.00433451	-0.003079084	0	0	0	
14.92	24	19	15	27	2	-1499.847	0.008738009	23.26295	-0.007718714	-0.004214634	-0.003047028	0	0	0	
14.964	24	19	15	27	2	-1499.847	0.009117585	23.27368	-0.006524115	0.009734256	-0.009419491	0	0	0	
15.012	24	19	15	27	2	-1499.847	0.009692138	23.28967	0.0008964498	0.04818281	-0.03068688	0	0	0	
15.052	24	19	15	27	2	-1499.846	0.01013481	23.30687	0.01217536	0.05985591	-0.05643336	0	0	0	
15.1	24	19	15	27	2	-1499.843	0.01027553	23.3299	0.02437618	0.07114173	-0.09467012	0	0	0	
15.132	24	19	15	27	2	-1499.84	0.009966755	23.34932	0.0313636	0.08038312	-0.1235555	0	0	0	
15.172	24	19	15	28	2	-1499.835	0.008727604	23.37969	0.0391556	0.08820894	-0.166669	0	0	0	
15.216	24	19	15	28	2	-1499.828	0.006568754	23.4109	0.04328582	0.09333266	-0.2083374	0	0	0	
15.26	24	19	15	28	2	-1499.818	0.002445989	23.45284	0.04513168	0.09954956	-0.2602777	0	0	0	
15.3	24	19	15	28	2	-1499.807	-0.002405188	23.49148	0.04490839	0.1031109	-0.3000682	0	0	0	
15.348	24	19	15	28	2	-1499.793	-0.01004997	23.54225	0.04280557	0.1070883	-0.3535145	0	0	0	
15.396	24	19	15	28	2	-1499.776	-0.01977027	23.59775	0.03931219	0.1105815	-0.4068365	0	0	0	
15.44	24	19	15	28	2	-1499.758	-0.03055561	23.65278	0.03499019	0.1133307	-0.4594926	0	0	0	
15.488	24	19	15	28	2	-1499.736	-0.04440088	23.71732	0.03049284	0.1154248	-0.506789	0	0	0	
15.532	24	19	15	28	2	-1499.715	-0.05901391	23.78059	0.02570624	0.1171546	-0.5529159	0	0	0	
15.576	24	19	15	28	2	-1499.691	-0.07547129	23.8478	0.02084159	0.1184199	-0.5977	0	0	0	
15.62	24	19	15	28	2	-1499.665	-0.09377361	23.91893	0.01553322	0.1194946	-0.6448955	0	0	0	
15.664	24	19	15	28	2	-1499.637	-0.1139187	23.994	0.01073593	0.1201898	-0.6865514	0	0	0	
15.704	24	19	15	28	2	-1499.611	-0.1338281	24.06564	0.006466754	0.120489	-0.7230274	0	0	0	
15.752	24	19	15	28	2	-1499.579	-0.1574758	24.1482	0.001955074	0.1206656	-0.7615814	0	0	0	
15.796	24	19	15	28	2	-1499.546	-0.1829457	24.23468	-0.002422511	0.1205521	-0.7985021	0	0	0	
15.836	24	19	15	28	2	-1499.511	-0.2102278	24.32507	-0.005557762	0.1204241	-0.8243342	0	0	0	
15.876	24	19	15	28	2	-1499.477	-0.2365933	24.41065	-0.01007397	0.1202669	-0.8615406	0	0	0	
15.924	24	19	15	28	2	-1499.435	-0.2701876	24.51762	-0.01429832	0.119731	-0.8969376	0	0	0	
15.968	24	19	15	28	2	-1499.394	-0.3028451	24.61978	-0.0182964	0.1191296	-0.9305605	0	0	0	
16.016	24	19	15	28	2	-1499.348	-0.3404901	24.73571	-0.02173932	0.1184196	-0.9598342	0	0	0	
16.056	24	19	15	29	2	-1499.311	-0.3700979	24.82572	-0.02469792	0.1177185	-0.9852286	0	0	0	
16.092	24	19	15	29	2	-1499.274	-0.4008762	24.91836	-0.02725773	0.1171528	-1.007103	0	0	0	
16.132	24	19	15	29	2	-1499.226	-0.4400749	25.03516	-0.0302287	0.1163787	-1.03263	0	0	0	
16.172	24	19	15	29	2	-1499.182	-0.4772106	25.14474	-0.03276983	0.1156205	-1.054723	0	0	0	
16.216	24	19	15	29	2	-1499.131	-0.5197003	25.26901	-0.03495399	0.114874	-1.073731	0	0	0	
16.26	24	19	15	29	2	-1499.078	-0.5638978	25.3972	-0.03762449	0.1140745	-1.09788	0	0	0	
16.292	24	19	15	29	2	-1499.038	-0.5971101	25.4929	-0.0393301	0.1134	-1.113249	0	0	0	
16.34	24	19	15	29	2	-1498.983	-0.6442381	25.62789	-0.04179721	0.1123434	-1.1352	0	0	0	
16.384	24	19	15	29	2	-1498.92	-0.6975661	25.77962	-0.04393082	0.1114691	-1.154288	0	0	0	
16.42	24	19	15	29	2	-1498.871	-0.7388656	25.89649	-0.04559256	0.1106663	-1.169199	0	0	0	
16.46	24	19	15	29	2	-1498.816	-0.7860553	26.02942	-0.04728118	0.109807	-1.185017	0	0	0	
16.5	24	19	15	29	2	-1498.765	-0.8296901	26.15184	-0.04884886	0.1090474	-1.200106	0	0	0	
16.54	24	19	15	29	2	-1498.701	-0.8845116	26.30504	-0.05049005	0.1082004	-1.215901	0	0	0	
16.588	24	19	15	29	2	-1498.629	-0.946175	26.47663	-0.05218496	0.1072987	-1.232187	0	0	0	
16.632	24	19	15	29	2	-1498.562	-1.004393	26.63804	-0.05352383	0.106461	-1.245061	0	0	0	
16.672	24	19	15	29	2	-1498.506	-1.053221	26.77303	-0.05475465	0.1059034	-1.25734	0	0	0	
16.716	24	19	15	29	2	-1498.435	-1.114357	26.94158	-0.05603216	0.1051587	-1.270152	0	0	0	
16.76	24	19	15	29	2	-1498.357	-1.18286	27.12983	-0.05731972	0.104388	-1.282312	0	0	0	
16.808	24	19	15	29	2	-1498.276	-1.253206	27.3222	-0.05883648	0.1046385	-1.294921	0	0	0	
16.848	24	19	15	29	2	-1498.207	-1.313211	27.48524	-0.06022757	0.1052017	-1.304908	0	0	0	
16.892	24	19	15	30	2	-1498.13	-1.380655	27.66707	-0.06191255	0.1057133	-1.315353	0	0	0	
16.936	24	19	15	30	2	-1498.052	-1.44959	27.85113	-0.06357383	0.1063345	-1.324397	0	0	0	
16.98	24	19	15	30	2	-1497.972	-1.520006	28.03708	-0.06565322	0.1072734	-1.334724	0	0	0	
17.028	24	19	15	30	2	-1497.883	-1.598503	28.24172	-0.06773693	0.1082778	-1.344499	0	0	0	
17.068	24	19	15	30	2	-1497.808	-1.665252	28.41341	-0.06947245	0.1091295	-1.352245	0	0	0	
17.112	24	19	15	30	2	-1497.731	-1.733212	28.58594	-0.07135332	0.1099482	-1.360349	0	0	0	
17.152	24	19	15	30	2	-1497.653	-1.802378	28.75913	-0.0730622	0.1107096	-1.367351	0	0	0	
17.2	24	19	15	30	2	-1497.549	-1.894094	28.98497	-0.07503718	0.1115493	-1.37531	0	0	0	
17.244	24	19	15	30	2	-1497.46	-1.973287	29.17648	-0.07671789	0.1122371	-1.382214	0	0	0	
17.292	24	19	15	30	2	-1497.362	-2.061333	29.38558	-0.07843301	0.1129675	-1.389344	0	0	0	
17.336	24	19	15	30	2	-1497.27	-2.143555	29.57724	-0.08006896	0.1135601	-1.396073	0	0	0	
17.38	24	19	15	30	2	-1497.184	-2.219554	29.75134	-0.08084475	0.1138989	-1.399296	0	0	0	
17.412	24	19	15	30	2	-1497.107	-2.28897	29.90782	-0.08230895	0.1146075	-1.405469	0	0	0	
17.46	24	19	15	30	2	-1497.002	-2.383019	30.11598	-0.08373929	0.1151194	-1.411277	0	0	0	
17.508	24	19	15	30	2	-1496.904	-2.47073	30.30624	-0.08510285	0.1155958	-1.416761	0	0	0	
17.552	24	19	15	30	2	-1496.796	-2.568045	30.51306	-0.0863916	0.1158355	-1.421911	0	0	0	
17.596	24	19	15	30	2	-1496.695	-2.658738	30.70186	-0.08747177	0.116229	-1.426382	0	0	0	
17.644	24	19	15	30	2	-1496.583	-2.759293	30.90687	-0.08844745	0.1165984	-1.430592	0	0	0	
17.692	24	19	15	30	2	-1496.47	-2.861532	31.11078	-0.08938265	0.1167403	-1.434889	0	0	0	
17.736	24	19	15	30	2	-1496.364	-2.956723	31.29665	-0.09026612	0.1170766	-1.438973	0	0	0	
17.78	24	19	15	31	2	-1496.257	-3.053316	31.48145	-0.09105768	0.1173905	-1.442532	0	0	0	
17.828	24	19	15	31	2	-1496.139	-3.160284	31.68175	-0.09184861	0.11737	-1.445867	0	0	0	
17.876	24	19	15	31	2	-1496.018	-3.268907	31.88065	-0.09264616	0.1174132	-1.449323	0	0	0	
17.92	24	19	15	31	2	-1495.907	-3.369921	32.06167	-0.09339742	0.1175645	-1.452602	0	0	0	
17.956	24	19	15	31	2	-1495.815	-3.453592	32.20882	-0.09389928	0.1176585	-1.454694	0	0	0	
17.996	24	19	15	31	2	-1495.711	-3.547635	32.37129	-0.09455616	0.1176073	-1.457432	0	0	0	
18.044	24	19	15	31	2	-1495.585	-3.661974	32.5648	-0.0950478	0.1176178	-1.459569	0	0	0	
18.088	24	19	15	31	2	-1495.468	-3.7682	32.74076	-0.09561336	0.1176402	-1.462273	0	0	0	
18.132	24	19	15	31	2	-1495.349	-3.875775	32.91532	-0.09612254	0.1175457	-1.464813	0	0	0	
18.18	24	19	15	31	2	-1495.219	-3.994655	33.10415	-0.09649344	0.1173377	-1.467191	0	0	0	
18.224	24	19	15	31	2	-1495.097	-4.105019	33.27576	-0.09679365	0.1172726	-1.46926	0	0	0	
18.268	24	19	15	31	2	-1494.986	-4.206496	33.43052	-0.09708005	0.1172151	-1.471232	0	0	0	
18.316	24	19	15	31	2	-1494.839	-4.340041	33.62993	-0.09740065	0.1169747	-1.473241	0	0	0	
18.356	24	19	15	31	2	-1494.737	-4.433562	33.7668	-0.09764213	0.1169053	-1.474837	0	0	0	
18.4	24	19	15	31	2	-1494.599	-4.559606	33.94776	-0.09793181	0.1168357	-1.476519	0	0	0	
18.444	24	19	15	31	2	-1494.47	-4.676492	34.1121	-0.09824043	0.1165917	-1.4781	0	0	0	
18.488	24	19	15	31	2	-1494.353	-4.78386	34.26021	-0.09852392	0.1165877	-1.479604	0	0	0	
18.532	24	19	15	31	2	-1494.21	-4.914085	34.43631	-0.09875389	0.1163534	-1.481112	0	0	0	
18.58	24	19	15	31	2	-1494.066	-5.04581	34.61065	-0.09891461	0.1160695	-1.482528	0	0	0	
18.624	24	19	15	31	2	-1493.945	-5.156717	34.7546	-0.09900633	0.1159753	-1.483664	0	0	0	
18.664	24	19	15	32	2	-1493.81	-5.279899	34.91151	-0.09909211	0.115969	-1.484646	0	0	0	
18.712	24	19	15	32	2	-1493.662	-5.415686	35.08101	-0.09919833	0.1157301	-1.485881	0	0	0	
18.756	24	19	15	32	2	-1493.524	-5.541438	35.23483	-0.09924998	0.1155461	-1.487049	0	0	0	
18.804	24	19	15	32	2	-1493.373	-5.680007	35.40095	-0.09928772	0.1153234	-1.48814	0	0	0	
18.848	24	19	15	32	2	-1493.246	-5.796578	35.53806	-0.09933399	0.1151073	-1.489105	0	0	0	
18.888	24	19	15	32	2	-1493.105	-5.925948	35.6875	-0.09938651	0.1150228	-1.490032	0	0	0	
18.932	24	19	15	32	2	-1492.975	-6.044589	35.8221	-0.09946676	0.1149271	-1.490831	0	0	0	
18.964	24	19	15	32	2	-1492.858	-6.152201	35.94222	-0.09954409	0.1147883	-1.491445	0	0	0	
19.012	24	19	15	32	2	-1492.713	-6.284795	36.08773	-0.09966109	0.1145518	-1.492295	0	0	0	
19.056	24	19	15	32	2	-1492.554	-6.430773	36.24485	-0.09970511	0.1144127	-1.493035	0	0	0	
19.104	24	19	15	32	2	-1492.394	-6.578129	36.4003	-0.09974749	0.1142195	-1.493783	0	0	0	
19.148	24	19	15	32	2	-1492.259	-6.701968	36.52857	-0.09979254	0.1140998	-1.494326	0	0	0	
19.188	24	19	15	32	2	-1492.109	-6.83928	36.66835	-0.09979516	0.1137932	-1.495006	0	0	0	
19.236	24	19	15	32	2	-1491.945	-6.990362	36.81927	-0.09978932	0.1136526	-1.495664	0	0	0	
19.28	24	19	15	32	2	-1491.793	-7.130026	36.95619	-0.09979806	0.1135738	-1.496291	0	0	0	
19.324	24	19	15	32	2	-1491.64	-7.270804	37.09175	-0.09975306	0.1132939	-1.496774	0	0	0	
19.372	24	19	15	32	2	-1491.485	-7.412686	37.22598	-0.09972593	0.1131264	-1.497334	0	0	0	
19.416	24	19	15	32	2	-1491.33	-7.555663	37.35887	-0.09970095	0.112923	-1.497821	0	0	0	
19.46	24	19	15	32	2	-1491.159	-7.712876	37.50234	-0.09965277	0.1126916	-1.498272	0	0	0	
19.492	24	19	15	32	2	-1491.044	-7.818397	37.59712	-0.09960541	0.1125669	-1.498592	0	0	0	
19.54	24	19	15	33	2	-1490.871	-7.977738	37.738	-0.09955655	0.1123657	-1.499057	0	0	0	
19.58	24	19	15	33	2	-1490.726	-8.111485	37.85423	-0.09951785	0.1121226	-1.499417	0	0	0	
19.62	24	19	15	33	2	-1490.58	-8.246101	37.9694	-0.09948498	0.1120103	-1.499772	0	0	0	
19.668	24	19	15	33	2	-1490.418	-8.395174	38.09487	-0.09944334	0.1117384	-1.500176	0	0	0	
19.708	24	19	15	33	2	-1490.255	-8.545282	38.21909	-0.09936848	0.1116551	-1.500498	0	0	0	
19.752	24	19	15	33	2	-1490.09	-8.696417	38.34209	-0.09924356	0.1113461	-1.500843	0	0	0	
19.8	24	19	15	33	2	-1489.91	-8.862451	38.47484	-0.09912682	0.1112783	-1.501201	0	0	0	
19.84	24	19	15	33	2	-1489.774	-8.987764	38.57345	-0.09901387	0.1112993	-1.50147	0	0	0	
19.884	24	19	15	33	2	-1489.607	-9.141836	38.69285	-0.09889466	0.1111088	-1.501764	0	0	0	
19.928	24	19	15	33	2	-1489.423	-9.311052	38.82174	-0.09885503	0.1109829	-1.502061	0	0	0	
19.972	24	19	15	33	2	-1489.254	-9.467202	38.93866	-0.09886667	0.1108202	-1.502345	0	0	0	
20.016	24	19	15	33	2	-1489.099	-9.610009	39.04394	-0.09882669	0.1106572	-1.502624	0	0	0	
20.056	24	19	15	33	2	-1488.927	-9.768026	39.15864	-0.09879722	0.1105252	-1.502845	0	0	0	
20.104	24	19	15	33	2	-1488.755	-9.92701	39.2722	-0.09876156	0.1102169	-1.503119	0	0	0	
20.136	24	19	15	33	2	-1488.613	-10.0578	39.36427	-0.09869995	0.1101103	-1.503351	0	0	0	
20.18	24	19	15	33	2	-1488.439	-10.21852	39.47577	-0.09865785	0.1101663	-1.503605	0	0	0	
20.228	24	19	15	33	2	-1488.248	-10.39492	39.59611	-0.09862705	0.1097998	-1.503841	0	0	0	
20.272	24	19	15	33	2	-1488.071	-10.5576	39.70529	-0.098552	0.1095964	-1.504061	0	0	0	
20.316	24	19	15	33	2	-1487.894	-10.72121	39.81338	-0.09848555	0.109533	-1.504256	0	0	0	
20.36	24	19	15	33	2	-1487.716	-10.88574	39.92041	-0.09843956	0.1092741	-1.504473	0	0	0	
20.408	24	19	15	34	2	-1487.52	-11.06626	40.03597	-0.09837539	0.109154	-1.504682	0	0	0	
20.444	24	19	15	34	2	-1487.372	-11.20236	40.12183	-0.09829934	0.1089801	-1.504832	0	0	0	
20.488	24	19	15	34	2	-1487.208	-11.35429	40.21641	-0.09819399	0.1088683	-1.504982	0	0	0	
20.532	24	19	15	34	2	-1487.009	-11.53757	40.32878	-0.09806917	0.1087222	-1.505129	0	0	0	
20.556	24	19	15	34	2	-1486.909	-11.6296	40.38451	-0.09802826	0.1086555	-1.505204	0	0	0	
20.588	24	19	15	34	2	-1486.776	-11.75272	40.45833	-0.09801893	0.1085928	-1.505281	0	0	0	
20.628	24	19	15	34	2	-1486.609	-11.90727	40.54985	-0.09804753	0.1084904	-1.505436	0	0	0	
20.676	24	19	15	34	2	-1486.407	-12.09366	40.65855	-0.09801528	0.1082693	-1.505595	0	0	0	
20.72	24	19	15	34	2	-1486.221	-12.26542	40.75716	-0.09795373	0.108194	-1.505754	0	0	0	
20.768	24	19	15	34	2	-1486.017	-12.45377	40.86361	-0.09786115	0.1081278	-1.505899	0	0	0	
20.812	24	19	15	34	2	-1485.829	-12.62731	40.96018	-0.09778441	0.1080003	-1.506018	0	0	0	
20.856	24	19	15	34	2	-1485.657	-12.78579	41.04715	-0.0976971	0.1078925	-1.506145	0	0	0	
20.9	24	19	15	34	2	-1485.45	-12.97688	41.15047	-0.09759931	0.1077594	-1.506274	0	0	0	
20.948	24	19	15	34	2	-1485.259	-13.15292	41.24419	-0.09752891	0.1075948	-1.50641	0	0	0	
20.988	24	19	15	34	2	-1485.068	-13.32976	41.33698	-0.09748775	0.1073534	-1.506543	0	0	0	
21.032	24	19	15	34	2	-1484.875	-13.50742	41.42885	-0.09743104	0.107312	-1.506685	0	0	0	
21.08	24	19	15	34	2	-1484.664	-13.70215	41.52804	-0.09744098	0.1072836	-1.50684	0	0	0	
21.128	24	19	15	34	2	-1484.452	-13.89782	41.62615	-0.09743749	0.1071984	-1.506973	0	0	0	
21.18	24	19	15	34	2	-1484.24	-14.09444	41.7232	-0.09738658	0.1069676	-1.507095	0	0	0	
21.224	24	19	15	34	2	-1484.026	-14.29199	41.81921	-0.09732533	0.1067703	-1.507229	0	0	0	
21.264	24	19	15	35	2	-1483.847	-14.45732	41.89844	-0.09727454	0.1065942	-1.507317	0	0	0	
21.308	24	19	15	35	2	-1483.649	-14.63991	41.98476	-0.09721968	0.1064957	-1.507427	0	0	0	
21.348	24	19	15	35	2	-1483.468	-14.80657	42.0625	-0.09718687	0.1063499	-1.507526	0	0	0	
21.392	24	19	15	35	2	-1483.269	-14.99062	42.14719	-0.09716338	0.1063491	-1.507661	0	0	0	
21.436	24	19	15	35	2	-1483.069	-15.17541	42.23103	-0.0971071	0.1062219	-1.507778	0	0	0	
21.48	24	19	15	35	2	-1482.868	-15.36095	42.31404	-0.09702679	0.1061849	-1.507887	0	0	0	
21.512	24	19	15	35	2	-1482.721	-15.49635	42.37389	-0.09696196	0.1062341	-1.507973	0	0	0	
21.56	24	19	15	35	2	-1482.5	-15.70018	42.46286	-0.09687185	0.1060911	-1.50809	0	0	0	
21.608	24	19	15	35	2	-1482.279	-15.90488	42.55086	-0.09683011	0.1058831	-1.508186	0	0	0	
21.648	24	19	15	35	2	-1482.093	-16.07613	42.62349	-0.09682024	0.1057895	-1.508282	0	0	0	
21.696	24	19	15	35	2	-1481.87	-16.2824	42.70978	-0.09679137	0.1056441	-1.508433	0	0	0	
21.732	24	19	15	35	2	-1481.702	-16.43766	42.77389	-0.09674002	0.1055112	-1.508514	0	0	0	
21.772	24	19	15	35	2	-1481.514	-16.61073	42.84453	-0.0966762	0.1054529	-1.508639	0	0	0	
21.812	24	19	15	35	2	-1481.326	-16.78438	42.91453	-0.09664148	0.1054262	-1.508777	0	0	0	
21.86	24	19	15	35	2	-1481.1	-16.99351	42.99772	-0.0966207	0.1051902	-1.508889	0	0	0	
21.904	24	19	15	35	2	-1480.891	-17.18594	43.07318	-0.09657618	0.105136	-1.509017	0	0	0	
21.948	24	19	15	35	2	-1480.682	-17.37904	43.14789	-0.09649984	0.1050156	-1.509123	0	0	0	
21.996	24	19	15	35	2	-1480.472	-17.57283	43.22186	-0.09643378	0.1048935	-1.509231	0	0	0	
22.036	24	19	15	35	2	-1480.261	-17.76728	43.29509	-0.09641315	0.1048995	-1.509334	0	0	0	
22.084	24	19	15	35	2	-1480.05	-17.9624	43.36759	-0.09645419	0.1047878	-1.509451	0	0	0	
22.128	24	19	15	36	2	-1479.819	-18.17602	43.44588	-0.09648722	0.1046803	-1.509568	0	0	0	
22.168	24	19	15	36	2	-1479.625	-18.35463	43.51047	-0.09646295	0.1046182	-1.509668	0	0	0	
22.212	24	19	15	36	2	-1479.411	-18.55171	43.58084	-0.09636737	0.104484	-1.509799	0	0	0	
22.26	24	19	15	36	2	-1479.178	-18.76745	43.65682	-0.09627565	0.1044221	-1.50994	0	0	0	
22.288	24	19	15	36	2	-1479.061	-18.87561	43.6945	-0.09623652	0.1043046	-1.51001	0	0	0	
22.328	24	19	15	36	2	-1478.865	-19.05629	43.75685	-0.09619043	0.1041075	-1.510106	0	0	0	
22.356	24	19	15	36	2	-1478.708	-19.20121	43.80632	-0.09616373	0.1040958	-1.510186	0	0	0	
22.404	24	19	15	36	2	-1478.491	-19.40102	43.87377	-0.0960779	0.1040469	-1.51031	0	0	0	
22.444	24	19	15	36	2	-1478.294	-19.5832	43.93449	-0.09599201	0.1039482	-1.510394	0	0	0	
22.476	24	19	15	36	2	-1478.115	-19.74759	43.98867	-0.09595344	0.1038088	-1.510476	0	0	0	
22.52	24	19	15	36	2	-1477.897	-19.94908	44.05429	-0.09593965	0.1037325	-1.510599	0	0	0	
22.56	24	19	15	36	2	-1477.718	-20.11438	44.10751	-0.095915	0.1036712	-1.510697	0	0	0	
22.604	24	19	15	36	2	-1477.498	-20.31697	44.17196	-0.09592064	0.1036713	-1.510801	0	0	0	
22.648	24	19	15	36	2	-1477.258	-20.53866	44.24155	-0.09594201	0.1036513	-1.510936	0	0	0	
22.692	24	19	15	36	2	-1477.037	-20.7425	44.30468	-0.09589215	0.1034978	-1.511049	0	0	0	
22.74	24	19	15	36	2	-1476.795	-20.96553	44.37283	-0.09582763	0.1033891	-1.511168	0	0	0	
22.776	24	19	15	36	2	-1476.633	-21.11461	44.41785	-0.09577092	0.1033306	-1.511246	0	0	0	
22.82	24	19	15	36	2	-1476.411	-21.3201	44.47923	-0.09572527	0.1032438	-1.511339	0	0	0	
22.856	24	19	15	36	2	-1476.228	-21.48865	44.52901	-0.0957216	0.1031548	-1.511414	0	0	0	
22.9	24	19	15	36	2	-1475.983	-21.71398	44.59476	-0.09573454	0.1030943	-1.511536	0	0	0	
22.948	24	19	15	37	2	-1475.759	-21.92112	44.6544	-0.09569182	0.102942	-1.511655	0	0	0	
22.988	24	19	15	37	2	-1475.533	-22.12883	44.71345	-0.09565627	0.1028027	-1.511738	0	0	0	
23.028	24	19	15	37	2	-1475.328	-22.31814	44.76662	-0.09562257	0.102784	-1.511848	0	0	0	
23.076	24	19	15	37	2	-1475.081	-22.5459	44.82979	-0.09562658	0.1027797	-1.511955	0	0	0	
23.124	24	19	15	37	2	-1474.833	-22.77432	44.89227	-0.09566591	0.1025988	-1.512047	0	0	0	
23.172	24	19	15	37	2	-1474.585	-23.00339	44.95407	-0.09560519	0.102581	-1.512145	0	0	0	
23.212	24	19	15	37	2	-1474.377	-23.19476	45.00505	-0.09551306	0.1024989	-1.512239	0	0	0	
23.256	24	19	15	37	2	-1474.169	-23.38658	45.05558	-0.09546338	0.1024198	-1.512344	0	0	0	
23.3	24	19	15	37	2	-1473.918	-23.61734	45.1156	-0.09545849	0.1024704	-1.512467	0	0	0	
23.348	24	19	15	37	2	-1473.667	-23.84872	45.17496	-0.09548911	0.102295	-1.512595	0	0	0	
23.396	24	19	15	37	2	-1473.415	-24.08072	45.23368	-0.09543184	0.1021852	-1.51273	0	0	0	
23.444	24	19	15	37	2	-1473.163	-24.31334	45.29177	-0.095345	0.1021559	-1.512877	0	0	0	
23.488	24	19	15	37	2	-1472.931	-24.52711	45.34446	-0.09528311	0.1020919	-1.513031	0	0	0	
23.536	24	19	15	37	2	-1472.677	-24.76089	45.40136	-0.09522645	0.1019751	-1.513191	0	0	0	
23.584	24	19	15	37	2	-1472.422	-24.99527	45.45763	-0.09521311	0.1018325	-1.513333	0	0	0	
23.628	24	19	15	37	2	-1472.21	-25.19103	45.50404	-0.09517384	0.1016149	-1.513471	0	0	0	
23.668	24	19	15	37	2	-1471.975	-25.40684	45.5546	-0.09512838	0.1015871	-1.51364	0	0	0	
23.712	24	19	15	37	2	-1471.762	-25.60346	45.60012	-0.09509935	0.1016513	-1.513778	0	0	0	
23.752	24	19	15	37	2	-1471.526	-25.8202	45.6497	-0.09507051	0.1016246	-1.513876	0	0	0	
23.796	24	19	15	37	2	-1471.29	-26.03742	45.69877	-0.095054	0.1016236	-1.514012	0	0	0	
23.836	24	19	15	38	2	-1471.097	-26.21551	45.73854	-0.09506374	0.1015428	-1.514125	0	0	0	
23.876	24	19	15	38	2	-1470.86	-26.4336	45.78669	-0.095076	0.1015113	-1.514249	0	0	0	
23.92	24	19	15	38	2	-1470.623	-26.65216	45.83436	-0.09510506	0.1014824	-1.514348	0	0	0	
23.964	24	19	15	38	2	-1470.385	-26.8712	45.88153	-0.09513418	0.1012494	-1.514444	0	0	0	
24.008	24	19	15	38	2	-1470.146	-27.09069	45.92823	-0.09510761	0.1012429	-1.514555	0	0	0	
24.056	24	19	15	38	2	-1469.885	-27.33067	45.97863	-0.09508325	0.1013307	-1.514716	0	0	0	
