time	day	hour	min	sec	control_state	uav_pos_x	uav_pos_y	uav_pos_z	uav_roll	uav_pitch	uav_yaw	uav_vel_x	uav_vel_y	uav_vel_z	
0	24	19	49	24	0	0	0	0	-9.073284e-10	0.0007966889	-1.641801e-06	0	0	0	
0	24	19	49	24	1	-1494	-1.570297e-07	4.2755	-9.075689e-10	0.0007966898	-1.641802e-06	0	0	0	
0.02	24	19	49	24	1	-1494	-1.570297e-07	4.2755	-7.065809e-10	0.0007966876	-1.641806e-06	0	0	0	
0.048	24	19	49	24	1	-1494	-2.17893e-07	4.275506	-3.321725e-06	0.0008112371	-4.313644e-06	0	0	0	
0.076	24	19	49	24	1	-1494	7.128946e-06	4.275952	-0.000266442	0.0005358896	-1.813448e-05	0	0	0	
0.104	24	19	49	24	1	-1494	1.137085e-05	4.277363	-0.0003484282	-0.000140265	-2.968129e-05	0	0	0	
0.124	24	19	49	24	1	-1494	8.833038e-06	4.279007	-9.861306e-05	-5.919496e-06	-3.549885e-05	0	0	0	
0.144	24	19	49	24	1	-1494	3.07992e-06	4.281181	0.000175567	0.0003352216	-3.579853e-05	0	0	0	
0.168	24	19	49	24	1	-1494	-7.070829e-06	4.284484	0.0006430413	0.001036967	-3.231577e-05	0	0	0	
0.188	24	19	49	24	1	-1494	-2.146962e-05	4.287813	0.001134198	0.001553843	-2.219962e-05	0	0	0	
0.204	24	19	49	25	1	-1494	-3.521876e-05	4.290059	0.001676739	0.00162573	-9.997747e-06	0	0	0	
0.224	24	19	49	25	1	-1494	-7.464528e-05	4.295106	0.002448969	0.001131022	2.25754e-06	0	0	0	
0.244	24	19	49	25	1	-1494	-0.0001057903	4.298878	0.003021395	0.0001300015	1.303636e-05	0	0	0	
0.272	24	19	49	25	1	-1493.999	-0.0001671886	4.307389	0.00303606	-0.0004865269	2.792631e-05	0	0	0	
0.284	24	19	49	25	1	-1493.999	-0.0001914907	4.310909	0.002805842	-1.048997e-05	3.322491e-05	0	0	0	
0.308	24	19	49	25	1	-1493.999	-0.0002386135	4.318481	0.00185648	0.00144389	4.594268e-05	0	0	0	
0.332	24	19	49	25	1	-1493.999	-0.0002795437	4.326753	0.0002986201	0.002889596	6.297438e-05	0	0	0	
0.348	24	19	49	25	1	-1493.999	-0.0003053686	4.332651	-0.0008478726	0.003625877	7.288011e-05	0	0	0	
0.368	24	19	49	25	1	-1493.999	-0.0003431586	4.340452	-0.001964045	0.003872661	8.673124e-05	0	0	0	
0.384	24	19	49	25	1	-1493.999	-0.0003820566	4.347031	-0.002351404	0.00315927	0.0001010062	0	0	0	
0.408	24	19	49	25	1	-1493.999	-0.000458853	4.35746	-0.001872914	0.001637416	0.0001261962	0	0	0	
0.436	24	19	49	25	1	-1493.998	-0.00055517	4.370469	-0.0005864699	0.000868324	0.0001511633	0	0	0	
0.468	24	19	49	25	1	-1493.998	-0.0006538958	4.386428	0.0006992466	-5.78224e-05	0.0001784054	0	0	0	
0.48	24	19	49	25	1	-1493.998	-0.0006899588	4.392709	0.00110604	-0.0007921342	0.0001854224	0	0	0	
0.504	24	19	49	25	1	-1493.998	-0.0007506689	4.403533	0.001760715	-0.001767664	0.0001964405	0	0	0	
0.52	24	19	49	25	1	-1493.997	-0.0008123487	4.414797	0.00203889	-0.001744274	0.0002020066	0	0	0	
0.54	24	19	49	25	1	-1493.997	-0.0008746335	4.426494	0.002084694	-0.001224165	0.0002054526	0	0	0	
0.56	24	19	49	25	1	-1493.997	-0.0009425543	4.438617	0.002042951	8.51497e-05	0.0002117202	0	0	0	
0.588	24	19	49	25	1	-1493.996	-0.001047274	4.456304	0.001815591	0.002626397	0.0002272888	0	0	0	
0.608	24	19	49	25	1	-1493.996	-0.001137972	4.469442	0.001873712	0.00343054	0.0002378798	0	0	0	
0.636	24	19	49	26	1	-1493.996	-0.001284009	4.488534	0.002140563	0.002319796	0.0002472288	0	0	0	
0.668	24	19	49	26	1	-1493.995	-0.001459719	4.511337	0.002003833	-0.0003421258	0.0002510974	0	0	0	
0.692	24	19	49	26	1	-1493.995	-0.001602077	4.529117	0.001766314	-0.002029623	0.0002459238	0	0	0	
0.724	24	19	49	26	1	-1493.995	-0.001783528	4.553714	0.0006167681	-0.001871302	0.0002342893	0	0	0	
0.752	24	19	49	26	1	-1493.994	-0.001916112	4.572816	-0.0006760449	0.00084766	0.000225941	0	0	0	
0.772	24	19	49	26	1	-1493.994	-0.002060668	4.592472	-0.001165972	0.002830332	0.000217301	0	0	0	
0.788	24	19	49	26	1	-1493.994	-0.002162064	4.60588	-0.001274238	0.003282585	0.0002122142	0	0	0	
0.816	24	19	49	26	1	-1493.993	-0.002319786	4.626444	-0.0009422842	0.0005774076	0.0002118537	0	0	0	
0.836	24	19	49	26	1	-1493.993	-0.002482714	4.647543	-0.000346896	-0.002016188	0.0002120127	0	0	0	
0.852	24	19	49	26	1	-1493.993	-0.00260109	4.661902	0.0007199024	-0.003412465	0.0002092286	0	0	0	
0.88	24	19	49	26	1	-1493.992	-0.002804366	4.687588	0.001679054	-0.003560771	0.0002037345	0	0	0	
0.896	24	19	49	26	1	-1493.992	-0.002912905	4.702579	0.001897137	-0.002792092	0.0002007613	0	0	0	
0.928	24	19	49	26	1	-1493.991	-0.003115566	4.733237	0.001347849	-0.0007771923	0.0001937013	0	0	0	
0.956	24	19	49	26	1	-1493.991	-0.003273568	4.756811	0.000729746	0.001537618	0.0001728393	0	0	0	
0.976	24	19	49	26	1	-1493.991	-0.003411356	4.776828	0.000346333	0.002956461	0.0001541531	0	0	0	
1	24	19	49	26	1	-1493.99	-0.003602343	4.805416	-0.0002347963	0.002950026	0.0001311264	0	0	0	
1.024	24	19	49	26	1	-1493.99	-0.003760874	4.830436	-0.0009216788	0.00109724	0.0001182707	0	0	0	
1.048	24	19	49	26	1	-1493.989	-0.003916189	4.855925	-0.001513928	-0.0007091744	0.0001149349	0	0	0	
1.072	24	19	49	26	1	-1493.989	-0.00407185	4.881875	-0.001766606	-0.00128749	0.0001127682	0	0	0	
1.096	24	19	49	26	1	-1493.988	-0.004211439	4.903846	-0.001176935	-0.0006033143	0.0001015548	0	0	0	
1.116	24	19	49	27	1	-1493.988	-0.004388643	4.930623	-0.000253127	0.0003726691	8.855656e-05	0	0	0	
1.152	24	19	49	27	1	-1493.987	-0.004645974	4.971617	0.001154583	0.0009890705	6.79111e-05	0	0	0	
1.192	24	19	49	27	1	-1493.986	-0.004873721	5.013583	0.001006942	0.0002608804	4.608986e-05	0	0	0	
1.212	24	19	49	27	1	-1493.986	-0.005022035	5.042091	0.0006458995	-0.0001461992	3.494822e-05	0	0	0	
1.244	24	19	49	27	1	-1493.985	-0.005231098	5.08075	0.000261929	4.061462e-05	1.477208e-05	0	0	0	
1.268	24	19	49	27	1	-1493.985	-0.005362088	5.105281	-1.915948e-05	0.0002444385	9.950517e-06	0	0	0	
1.288	24	19	49	27	1	-1493.984	-0.005502213	5.130091	7.237283e-05	0.0001059351	9.049354e-06	0	0	0	
1.308	24	19	49	27	1	-1493.984	-0.00564534	5.155176	0.0002113043	-0.0005363256	6.872742e-06	0	0	0	
1.328	24	19	49	27	1	-1493.983	-0.005810043	5.185634	0.0001148259	-0.00105869	6.435178e-06	0	0	0	
1.36	24	19	49	27	1	-1493.983	-0.005984408	5.221657	-0.0007229071	-0.001695672	1.017316e-05	0	0	0	
1.392	24	19	49	27	1	-1493.982	-0.006196517	5.268724	-0.001601523	-0.001654828	1.63316e-05	0	0	0	
1.42	24	19	49	27	1	-1493.981	-0.006345411	5.305901	-0.002420737	-0.00131067	2.251794e-05	0	0	0	
1.444	24	19	49	27	1	-1493.981	-0.006466514	5.338157	-0.00279979	-0.001191121	2.79432e-05	0	0	0	
1.468	24	19	49	27	1	-1493.98	-0.006582455	5.370765	-0.002766705	-0.001141212	3.053382e-05	0	0	0	
1.496	24	19	49	27	1	-1493.98	-0.006692265	5.403724	-0.002262356	-0.00185525	3.958355e-05	0	0	0	
1.52	24	19	49	27	1	-1493.979	-0.006812235	5.442609	-0.001544406	-0.002772196	5.053022e-05	0	0	0	
1.54	24	19	49	27	1	-1493.979	-0.006890292	5.470666	-0.0009299431	-0.002434269	5.951899e-05	0	0	0	
1.568	24	19	49	27	1	-1493.978	-0.006991748	5.51033	-0.000118254	-0.0004156871	7.063341e-05	0	0	0	
1.596	24	19	49	27	1	-1493.977	-0.007091924	5.550437	0.0007018323	0.001700956	7.410091e-05	0	0	0	
1.632	24	19	49	27	1	-1493.977	-0.007231246	5.602635	0.001816241	0.001854519	7.076822e-05	0	0	0	
1.664	24	19	49	28	1	-1493.976	-0.007357879	5.649622	0.002250212	-0.0003384149	6.903971e-05	0	0	0	
1.7	24	19	49	28	1	-1493.975	-0.007519971	5.703127	0.002454411	-0.002347871	8.036587e-05	0	0	0	
1.724	24	19	49	28	1	-1493.975	-0.00761605	5.73314	0.002262972	-0.002013335	9.829018e-05	0	0	0	
1.744	24	19	49	28	1	-1493.974	-0.007738328	5.769418	0.001944031	-0.0008105506	0.0001130872	0	0	0	
1.776	24	19	49	28	1	-1493.973	-0.007898175	5.818235	0.0007915633	0.0003163824	0.0001287079	0	0	0	
1.796	24	19	49	28	1	-1493.973	-0.007999151	5.849	-5.630176e-05	-8.781797e-05	0.000137648	0	0	0	
1.82	24	19	49	28	1	-1493.972	-0.008135444	5.88617	-0.0005246096	-0.0008661337	0.0001428048	0	0	0	
1.84	24	19	49	28	1	-1493.972	-0.008265363	5.91735	-0.0001520739	-0.001240043	0.0001423571	0	0	0	
1.864	24	19	49	28	1	-1493.971	-0.008431589	5.955007	0.0004617886	-0.001159539	0.0001390896	0	0	0	
1.884	24	19	49	28	1	-1493.971	-0.008572261	5.986583	0.001088318	-0.0008231055	0.0001302322	0	0	0	
1.908	24	19	49	28	1	-1493.97	-0.008736695	6.024703	0.001500741	-0.000422609	0.0001160943	0	0	0	
1.932	24	19	49	28	1	-1493.969	-0.008903545	6.063067	0.001709269	-0.0006353826	0.0001064926	0	0	0	
1.956	24	19	49	28	1	-1493.969	-0.009086126	6.101671	0.002124749	-0.001289154	0.0001031331	0	0	0	
1.98	24	19	49	28	1	-1493.968	-0.009288622	6.140508	0.00281041	-0.002294475	0.0001057908	0	0	0	
2.008	24	19	49	28	1	-1493.968	-0.00954058	6.186109	0.003446755	-0.003366282	0.000119431	0	0	0	
2.02	24	19	49	28	1	-1493.967	-0.009650278	6.205747	0.003502853	-0.003227802	0.0001279755	0	0	0	
2.044	24	19	49	28	1	-1493.967	-0.009863056	6.245192	0.002876034	-0.001115246	0.0001468283	0	0	0	
2.068	24	19	49	28	1	-1493.966	-0.01007043	6.284861	0.001505944	0.001379635	0.0001621915	0	0	0	
2.096	24	19	49	28	1	-1493.965	-0.0103181	6.331414	-0.0002344005	0.001748757	0.0001747607	0	0	0	
2.116	24	19	49	28	1	-1493.965	-0.01049728	6.36484	-0.001371893	0.0001711053	0.000184223	0	0	0	
2.14	24	19	49	29	1	-1493.964	-0.01070976	6.405141	-0.002537603	-0.002284249	0.0001995004	0	0	0	
2.168	24	19	49	29	1	-1493.964	-0.01091825	6.445644	-0.003407069	-0.003953255	0.0002208166	0	0	0	
2.192	24	19	49	29	1	-1493.963	-0.0111472	6.493145	-0.003827376	-0.003962201	0.0002383633	0	0	0	
2.208	24	19	49	29	1	-1493.963	-0.01126754	6.520406	-0.004005897	-0.003364381	0.0002467362	0	0	0	
2.232	24	19	49	29	1	-1493.962	-0.01143304	6.56145	-0.004093481	-0.002017749	0.0002505142	0	0	0	
2.252	24	19	49	29	1	-1493.962	-0.01156684	6.595792	-0.003663339	-0.001181681	0.00025232	0	0	0	
2.272	24	19	49	29	1	-1493.961	-0.01169237	6.630256	-0.002990483	-0.0008058453	0.000257677	0	0	0	
2.288	24	19	49	29	1	-1493.961	-0.0117887	6.657914	-0.002276096	-0.0007321145	0.0002636736	0	0	0	
2.312	24	19	49	29	1	-1493.96	-0.01192662	6.69954	-0.00105478	-0.001473196	0.0002720493	0	0	0	
2.336	24	19	49	29	1	-1493.96	-0.01205392	6.74133	3.569308e-05	-0.002862156	0.0002795935	0	0	0	
2.352	24	19	49	29	1	-1493.959	-0.01213461	6.769279	0.0006393702	-0.00367005	0.0002860057	0	0	0	
2.388	24	19	49	29	1	-1493.959	-0.01228969	6.825386	0.001427702	-0.004359879	0.0002980325	0	0	0	
2.424	24	19	49	29	1	-1493.958	-0.01244573	6.895897	0.0005273422	-0.002422406	0.0003089404	0	0	0	
2.46	24	19	49	29	1	-1493.957	-0.01255949	6.9526	-0.0008913844	-0.001454894	0.0003227791	0	0	0	
2.492	24	19	49	29	1	-1493.956	-0.01269907	7.016703	-0.001478273	5.957621e-05	0.0003328661	0	0	0	
2.516	24	19	49	29	1	-1493.956	-0.0128043	7.059614	-0.00115618	0.001013546	0.0003490939	0	0	0	
2.544	24	19	49	29	1	-1493.955	-0.01292493	7.109847	-0.0005433596	0.001044865	0.0003757881	0	0	0	
2.572	24	19	49	29	1	-1493.955	-0.01303807	7.160253	-1.057222e-05	-0.0002156696	0.000400006	0	0	0	
2.596	24	19	49	29	1	-1493.954	-0.0131374	7.203593	0.0006955858	-0.0007546081	0.0004151182	0	0	0	
2.624	24	19	49	29	1	-1493.953	-0.01327608	7.254311	0.001864729	-9.146436e-05	0.0004220575	0	0	0	
2.648	24	19	49	30	1	-1493.953	-0.0133841	7.290635	0.003010909	0.001379938	0.0004189451	0	0	0	
2.68	24	19	49	30	1	-1493.952	-0.01355703	7.348915	0.003548676	0.003340084	0.0004144061	0	0	0	
2.708	24	19	49	30	1	-1493.951	-0.01371094	7.407385	0.002472632	0.002733205	0.0004039057	0	0	0	
2.74	24	19	49	30	1	-1493.951	-0.0138416	7.466035	-0.0002381673	-0.000378198	0.0003903419	0	0	0	
2.772	24	19	49	30	1	-1493.95	-0.01396526	7.524859	-0.003076676	-0.00280307	0.0003876486	0	0	0	
2.792	24	19	49	30	1	-1493.949	-0.01402383	7.554334	-0.004486945	-0.003165155	0.000391253	0	0	0	
2.812	24	19	49	30	1	-1493.949	-0.01411048	7.598621	-0.005301623	-0.002977538	0.0003973639	0	0	0	
2.832	24	19	49	30	1	-1493.948	-0.01417737	7.635593	-0.005551887	-0.002434298	0.0003985162	0	0	0	
2.856	24	19	49	30	1	-1493.948	-0.01426207	7.680035	-0.004682421	-0.001919287	0.0003930921	0	0	0	
2.876	24	19	49	30	1	-1493.947	-0.01433042	7.717131	-0.003301548	-0.00168334	0.0003863083	0	0	0	
2.9	24	19	49	30	1	-1493.947	-0.01440377	7.761715	-0.001344947	-0.001526835	0.0003836797	0	0	0	
2.932	24	19	49	30	1	-1493.946	-0.01447587	7.821275	0.0007752772	-0.001336679	0.0003858793	0	0	0	
2.964	24	19	49	30	1	-1493.945	-0.01454646	7.880959	0.002808513	-8.756665e-05	0.0003812029	0	0	0	
2.988	24	19	49	30	1	-1493.944	-0.01459322	7.918324	0.003545385	0.0001799672	0.0003742257	0	0	0	
3.02	24	19	49	30	1	-1493.943	-0.01466943	7.985693	0.003493181	0.0005938576	0.000354699	0	0	0	
3.052	24	19	49	30	1	-1493.943	-0.01476271	8.045683	0.003144058	5.022668e-05	0.0003352727	0	0	0	
3.08	24	19	49	30	1	-1493.942	-0.01486271	8.098252	0.002594662	-0.0003798549	0.0003187736	0	0	0	
3.1	24	19	49	30	1	-1493.941	-0.01494875	8.135841	0.002286772	-0.0007049796	0.00030523	0	0	0	
3.116	24	19	49	30	1	-1493.941	-0.01502312	8.165936	0.002014754	-0.0005854951	0.0002944274	0	0	0	
3.14	24	19	49	30	1	-1493.94	-0.01513864	8.211114	0.001438612	0.0006703436	0.0002779605	0	0	0	
3.16	24	19	49	31	1	-1493.94	-0.01523037	8.248793	0.0005982911	0.001714879	0.0002625309	0	0	0	
3.18	24	19	49	31	1	-1493.939	-0.01529821	8.278954	-0.0005792936	0.002224988	0.0002487676	0	0	0	
3.2	24	19	49	31	1	-1493.939	-0.01539237	8.324224	-0.001858246	0.001672932	0.0002403701	0	0	0	
3.216	24	19	49	31	1	-1493.938	-0.01545408	8.354421	-0.002724353	0.0002489945	0.0002392998	0	0	0	
3.236	24	19	49	31	1	-1493.938	-0.01552848	8.392186	-0.003545693	-0.001735887	0.0002450607	0	0	0	
3.256	24	19	49	31	1	-1493.937	-0.01560198	8.429974	-0.003900338	-0.00289521	0.0002533159	0	0	0	
3.284	24	19	49	31	1	-1493.936	-0.01570676	8.482912	-0.003417913	-0.002143694	0.0002520233	0	0	0	
3.312	24	19	49	31	1	-1493.936	-0.0158057	8.528311	-0.001609395	0.0003937685	0.0002457128	0	0	0	
3.328	24	19	49	31	1	-1493.935	-0.0158952	8.566158	-0.0001447588	0.002049692	0.0002445897	0	0	0	
3.348	24	19	49	31	1	-1493.934	-0.01598613	8.604019	0.001736782	0.003079968	0.0002438401	0	0	0	
3.376	24	19	49	31	1	-1493.934	-0.01610228	8.649469	0.004220546	0.0009572364	0.0002380516	0	0	0	
3.4	24	19	49	31	1	-1493.933	-0.01623523	8.702514	0.005435253	-0.001347261	0.0002310999	0	0	0	
3.424	24	19	49	31	1	-1493.932	-0.01635308	8.747996	0.005757193	-0.002697212	0.0002399366	0	0	0	
3.444	24	19	49	31	1	-1493.932	-0.01645763	8.785903	0.005403152	-0.002646526	0.0002635427	0	0	0	
3.464	24	19	49	31	1	-1493.931	-0.0165728	8.823814	0.004696618	-0.001590525	0.0002905033	0	0	0	
3.484	24	19	49	31	1	-1493.93	-0.01668196	8.861729	0.003164285	-0.0006079021	0.0003075895	0	0	0	
3.504	24	19	49	31	1	-1493.93	-0.01678205	8.899647	0.0009066742	-0.00027049	0.0003187271	0	0	0	
3.52	24	19	49	31	1	-1493.929	-0.01685888	8.92998	-0.00110445	-0.0005365923	0.0003264149	0	0	0	
3.548	24	19	49	31	1	-1493.928	-0.01697109	8.975477	-0.004402047	-0.002014623	0.0003468752	0	0	0	
3.564	24	19	49	31	1	-1493.928	-0.01706381	9.01339	-0.005809379	-0.002663954	0.0003590857	0	0	0	
3.592	24	19	49	32	1	-1493.927	-0.01719137	9.066464	-0.007069047	-0.001883837	0.0003713009	0	0	0	
3.62	24	19	49	32	1	-1493.926	-0.01733726	9.119526	-0.005824272	1.67685e-05	0.0003741841	0	0	0	
3.64	24	19	49	32	1	-1493.926	-0.01742492	9.149839	-0.003791267	0.0005474324	0.0003734157	0	0	0	
3.668	24	19	49	32	1	-1493.925	-0.01758321	9.210442	-0.0006211099	-0.0005461888	0.0003693603	0	0	0	
3.692	24	19	49	32	1	-1493.924	-0.01768485	9.255868	0.001735934	-0.002624427	0.0003620355	0	0	0	
3.724	24	19	49	32	1	-1493.923	-0.01778542	9.308837	0.003606007	-0.003973429	0.0003622266	0	0	0	
3.756	24	19	49	32	1	-1493.922	-0.01790701	9.376893	0.004093751	-0.002667217	0.0003695057	0	0	0	
3.776	24	19	49	32	1	-1493.921	-0.01796871	9.414679	0.00350279	-0.0003009793	0.0003780254	0	0	0	
3.796	24	19	49	32	1	-1493.921	-0.0180276	9.45245	0.002357684	0.001305068	0.0003827932	0	0	0	
3.816	24	19	49	32	1	-1493.92	-0.01808249	9.490201	0.0007716805	0.0008888128	0.0003852571	0	0	0	
3.844	24	19	49	32	1	-1493.92	-0.01816126	9.543016	-0.001752162	-0.002440975	0.0003976271	0	0	0	
3.876	24	19	49	32	1	-1493.919	-0.01826736	9.603324	-0.002979957	-0.004842755	0.0004210788	0	0	0	
3.892	24	19	49	32	1	-1493.918	-0.01832648	9.633453	-0.003141132	-0.005459709	0.0004338611	0	0	0	
3.92	24	19	49	32	1	-1493.917	-0.01842102	9.686139	-0.003051959	-0.005076269	0.0004478712	0	0	0	
3.944	24	19	49	32	1	-1493.917	-0.0184854	9.731251	-0.002877389	-0.003681724	0.0004512344	0	0	0	
3.968	24	19	49	32	1	-1493.916	-0.01854956	9.776317	-0.002133352	-0.002596494	0.0004578179	0	0	0	
3.996	24	19	49	32	1	-1493.915	-0.0186363	9.828834	-0.0003314868	-0.001960489	0.0004691531	0	0	0	
4.016	24	19	49	32	1	-1493.915	-0.01869505	9.866304	0.0009514471	-0.001501973	0.0004767915	0	0	0	
4.036	24	19	49	32	1	-1493.914	-0.01873762	9.896255	0.001880724	-0.0007739062	0.0004846484	0	0	0	
4.056	24	19	49	32	1	-1493.914	-0.01878567	9.941142	0.002139976	-0.0004057772	0.0004905277	0	0	0	
4.08	24	19	49	33	1	-1493.913	-0.01882338	9.978507	0.002037401	-0.001007465	0.0004914987	0	0	0	
4.108	24	19	49	33	1	-1493.912	-0.01887995	10.03821	0.001334618	-0.001292081	0.0004952717	0	0	0	
4.132	24	19	49	33	1	-1493.912	-0.01891127	10.08293	0.000103313	-0.000622151	0.0004980361	0	0	0	
4.16	24	19	49	33	1	-1493.911	-0.01894908	10.13501	-0.001436207	6.291035e-05	0.0005125367	0	0	0	
4.18	24	19	49	33	1	-1493.91	-0.01897224	10.16474	-0.001951522	-0.0002411728	0.00052552	0	0	0	
4.196	24	19	49	33	1	-1493.91	-0.01901254	10.20185	-0.001965879	-0.0008915601	0.0005413459	0	0	0	
4.22	24	19	49	33	1	-1493.909	-0.01906626	10.24633	-0.00154382	-0.001968371	0.0005699512	0	0	0	
4.24	24	19	49	33	1	-1493.909	-0.01910527	10.28334	-0.001139772	-0.002602884	0.0005952209	0	0	0	
4.26	24	19	49	33	1	-1493.908	-0.01913292	10.31292	-0.0007813267	-0.002871942	0.0006174851	0	0	0	
4.28	24	19	49	33	1	-1493.908	-0.01915486	10.34985	-0.000725992	-0.003359546	0.0006370404	0	0	0	
4.3	24	19	49	33	1	-1493.907	-0.01917062	10.3941	-0.0008372846	-0.003901592	0.0006546895	0	0	0	
4.328	24	19	49	33	1	-1493.907	-0.01918274	10.44564	-0.0009454112	-0.003199017	0.0006725374	0	0	0	
4.36	24	19	49	33	1	-1493.906	-0.01920317	10.50442	-0.0005127115	-0.001143148	0.0006841747	0	0	0	
4.38	24	19	49	33	1	-1493.905	-0.01921646	10.54109	-0.0001031211	-0.0007811075	0.000685888	0	0	0	
4.404	24	19	49	33	1	-1493.905	-0.01923324	10.58503	0.000449709	-0.0005081211	0.000677645	0	0	0	
4.424	24	19	49	33	1	-1493.904	-0.01924174	10.62159	0.0006774656	-0.0004198543	0.0006654139	0	0	0	
4.444	24	19	49	33	1	-1493.904	-0.01923688	10.6581	0.0003729144	-0.00138663	0.000649035	0	0	0	
4.472	24	19	49	33	1	-1493.903	-0.01923629	10.70911	0.000106692	-0.003844859	0.0006228185	0	0	0	
4.496	24	19	49	33	1	-1493.902	-0.01923383	10.75275	-0.0001867629	-0.004151679	0.0006037308	0	0	0	
4.52	24	19	49	33	1	-1493.902	-0.01922997	10.79631	-0.0004708813	-0.002717806	0.0005843742	0	0	0	
4.552	24	19	49	34	1	-1493.901	-0.0192353	10.85426	-0.0003203688	-0.001285901	0.0005617005	0	0	0	
4.58	24	19	49	34	1	-1493.9	-0.01923839	10.90484	-0.000116724	-0.001755182	0.0005539608	0	0	0	
4.608	24	19	49	34	1	-1493.9	-0.01922941	10.9553	-0.0002645755	-0.002690866	0.0005499885	0	0	0	
4.648	24	19	49	34	1	-1493.899	-0.01920557	11.02	-0.0007227023	-0.002301956	0.0005470087	0	0	0	
4.684	24	19	49	34	1	-1493.898	-0.01920016	11.0845	-8.210747e-05	-0.000395686	0.0005313054	0	0	0	
4.716	24	19	49	34	1	-1493.897	-0.01921495	11.14879	0.001114862	0.000512464	0.000521553	0	0	0	
4.756	24	19	49	34	1	-1493.896	-0.01920563	11.21996	0.001210047	-0.0008097625	0.0005134492	0	0	0	
4.776	24	19	49	34	1	-1493.896	-0.01918395	11.25544	0.000435222	-0.002104661	0.0005027556	0	0	0	
4.796	24	19	49	34	1	-1493.896	-0.01914889	11.29085	-0.000840862	-0.003013932	0.0004920103	0	0	0	
4.812	24	19	49	34	1	-1493.895	-0.01912377	11.31206	-0.001964389	-0.003085176	0.0004816068	0	0	0	
4.828	24	19	49	34	1	-1493.895	-0.0190864	11.34736	-0.002762413	-0.002192608	0.0004644534	0	0	0	
4.852	24	19	49	34	1	-1493.894	-0.01905362	11.38963	-0.003117044	0.0003049479	0.0004295936	0	0	0	
4.88	24	19	49	34	1	-1493.893	-0.01901471	11.43882	-0.002777821	0.001670385	0.0003926949	0	0	0	
4.896	24	19	49	34	1	-1493.893	-0.01899012	11.46686	-0.002316698	0.001284516	0.0003785862	0	0	0	
4.912	24	19	49	34	1	-1493.893	-0.01896239	11.49485	-0.001756381	0.0005420446	0.0003655648	0	0	0	
4.936	24	19	49	34	1	-1493.892	-0.01891385	11.53675	-0.0008721731	-0.000840476	0.0003466706	0	0	0	
4.96	24	19	49	34	1	-1493.892	-0.01886731	11.57854	0.0002676187	-0.001713425	0.0003321402	0	0	0	
4.988	24	19	49	34	1	-1493.891	-0.01882492	11.62023	0.001703136	-0.0009787791	0.0003203029	0	0	0	
5.008	24	19	49	34	1	-1493.89	-0.01878154	11.66181	0.002475135	-0.0001050311	0.000316196	0	0	0	
5.032	24	19	49	34	1	-1493.89	-0.01874045	11.70327	0.003057552	-0.0002194896	0.0003175333	0	0	0	
5.052	24	19	49	35	1	-1493.889	-0.01870571	11.73774	0.003099848	-0.00149658	0.0003220646	0	0	0	
5.076	24	19	49	35	1	-1493.889	-0.01866402	11.779	0.002630198	-0.002699505	0.0003276218	0	0	0	
5.104	24	19	49	35	1	-1493.888	-0.01863005	11.82014	0.00183006	-0.002598342	0.0003425961	0	0	0	
5.132	24	19	49	35	1	-1493.888	-0.01860548	11.868	0.001147375	-0.001114201	0.0003641553	0	0	0	
5.152	24	19	49	35	1	-1493.887	-0.0185945	11.90208	0.0006281294	-8.237854e-05	0.0003790739	0	0	0	
5.184	24	19	49	35	1	-1493.886	-0.01856949	11.96322	-0.0004347286	-0.0002393821	0.0004005061	0	0	0	
5.212	24	19	49	35	1	-1493.886	-0.01857408	12.01059	-0.000409246	-0.001489229	0.000412623	0	0	0	
5.244	24	19	49	35	1	-1493.885	-0.01860506	12.06453	0.0006505539	-0.002945799	0.000422196	0	0	0	
5.28	24	19	49	35	1	-1493.884	-0.0186652	12.12494	0.002460061	-0.002768381	0.0004309548	0	0	0	
5.316	24	19	49	35	1	-1493.883	-0.01873614	12.18508	0.003662838	-0.001336421	0.0004595911	0	0	0	
5.344	24	19	49	35	1	-1493.882	-0.01877734	12.23166	0.003110676	-0.0004486826	0.0004843883	0	0	0	
5.368	24	19	49	35	1	-1493.882	-0.01879349	12.27145	0.001361241	-7.728103e-05	0.0005091129	0	0	0	
5.392	24	19	49	35	1	-1493.881	-0.01880245	12.31111	-0.0008707261	3.483028e-05	0.0005359186	0	0	0	
5.416	24	19	49	35	1	-1493.881	-0.01881475	12.35066	-0.002803338	-0.0004206705	0.0005723064	0	0	0	
5.44	24	19	49	35	1	-1493.88	-0.01883429	12.39007	-0.00393891	-0.001792182	0.000618395	0	0	0	
5.468	24	19	49	35	1	-1493.88	-0.01884436	12.42935	-0.004624928	-0.002786839	0.0006625389	0	0	0	
5.48	24	19	49	35	1	-1493.879	-0.01885522	12.45548	-0.004320371	-0.002366277	0.0006755314	0	0	0	
5.508	24	19	49	35	1	-1493.879	-0.01887486	12.49455	-0.003096308	-0.001423171	0.0006921131	0	0	0	
5.528	24	19	49	35	1	-1493.878	-0.0188897	12.5335	-0.001737734	-0.001104203	0.0007085042	0	0	0	
5.56	24	19	49	35	1	-1493.877	-0.01891736	12.58522	0.001143111	-0.001446375	0.000745156	0	0	0	
5.576	24	19	49	36	1	-1493.877	-0.01893541	12.611	0.002664513	-0.001504113	0.0007636524	0	0	0	
5.6	24	19	49	36	1	-1493.876	-0.01896082	12.64955	0.004452707	-0.001659236	0.0007835759	0	0	0	
5.624	24	19	49	36	1	-1493.876	-0.01899436	12.68798	0.005701591	-0.001068897	0.0008050494	0	0	0	
5.656	24	19	49	36	1	-1493.875	-0.01905773	12.73901	0.00633293	-0.0007785669	0.0008337211	0	0	0	
5.688	24	19	49	36	1	-1493.874	-0.01913947	12.78981	0.005519007	-0.002662014	0.0008380365	0	0	0	
5.708	24	19	49	36	1	-1493.874	-0.01920864	12.82143	0.004679756	-0.003722281	0.0008376868	0	0	0	
5.728	24	19	49	36	1	-1493.873	-0.01928696	12.85296	0.003552779	-0.004172628	0.000838988	0	0	0	
5.756	24	19	49	36	1	-1493.873	-0.01940532	12.89695	0.001554023	-0.00244876	0.0008456644	0	0	0	
5.784	24	19	49	36	1	-1493.872	-0.01950815	12.93451	-0.0007830847	-0.0002160114	0.0008408289	0	0	0	
5.82	24	19	49	36	1	-1493.871	-0.01966114	12.9968	-0.003919149	-0.0005637423	0.0008211021	0	0	0	
5.84	24	19	49	36	1	-1493.871	-0.01972557	13.0278	-0.00539264	-0.001752676	0.0008181898	0	0	0	
5.856	24	19	49	36	1	-1493.87	-0.01976912	13.05253	-0.006329214	-0.002460146	0.0008176243	0	0	0	
5.88	24	19	49	36	1	-1493.87	-0.01981306	13.08951	-0.007422723	-0.002638865	0.0008064596	0	0	0	
5.9	24	19	49	36	1	-1493.87	-0.01983822	13.12022	-0.007639191	-0.001996303	0.0007913763	0	0	0	
5.932	24	19	49	36	1	-1493.869	-0.01988923	13.16917	-0.005539882	-0.001617885	0.000785012	0	0	0	
5.96	24	19	49	36	1	-1493.868	-0.01991712	13.2118	-0.002683384	-0.00218811	0.0007976229	0	0	0	
5.984	24	19	49	36	1	-1493.868	-0.01991797	13.24819	-0.0004155681	-0.002256853	0.0008083426	0	0	0	
6	24	19	49	36	1	-1493.867	-0.01991017	13.27238	0.0008911625	-0.002002139	0.0008163115	0	0	0	
6.036	24	19	49	36	1	-1493.867	-0.01990365	13.32656	0.003799941	-0.002086264	0.0008253998	0	0	0	
6.068	24	19	49	36	1	-1493.866	-0.01991225	13.37446	0.005606796	-0.001926534	0.0008218754	0	0	0	
6.096	24	19	49	37	1	-1493.865	-0.01991233	13.41023	0.005399263	-0.001761153	0.0008187049	0	0	0	
6.116	24	19	49	37	1	-1493.865	-0.01989736	13.44585	0.003974613	-0.002114861	0.0008163856	0	0	0	
6.152	24	19	49	37	1	-1493.864	-0.01986967	13.49902	0.0001817705	-0.001609407	0.0008151035	0	0	0	
6.176	24	19	49	37	1	-1493.864	-0.01986026	13.52842	-0.002220369	-0.0006524206	0.0008105555	0	0	0	
6.196	24	19	49	37	1	-1493.863	-0.01985328	13.56358	-0.003773451	-0.0001905046	0.0008070596	0	0	0	
6.224	24	19	49	37	1	-1493.863	-0.0198543	13.60441	-0.004769103	-0.0008181645	0.0008035535	0	0	0	
6.248	24	19	49	37	1	-1493.862	-0.01985301	13.63926	-0.004704895	-0.002306937	0.0008148126	0	0	0	
6.28	24	19	49	37	1	-1493.862	-0.01983326	13.6855	-0.003832351	-0.003824503	0.0008155245	0	0	0	
6.304	24	19	49	37	1	-1493.861	-0.01981558	13.72001	-0.002385841	-0.003575172	0.0008046021	0	0	0	
6.324	24	19	49	37	1	-1493.861	-0.01979451	13.74867	-0.001020751	-0.001987544	0.0007965466	0	0	0	
6.352	24	19	49	37	1	-1493.86	-0.01977052	13.78861	0.001280905	0.0007992266	0.0007929511	0	0	0	
6.368	24	19	49	37	1	-1493.86	-0.01975663	13.81135	0.002492657	0.001438633	0.0007886402	0	0	0	
6.384	24	19	49	37	1	-1493.86	-0.01974021	13.83403	0.003415242	0.0009748396	0.0007822608	0	0	0	
6.408	24	19	49	37	1	-1493.859	-0.01970595	13.86792	0.003930512	-0.000274565	0.0007735077	0	0	0	
6.432	24	19	49	37	1	-1493.859	-0.01966933	13.90166	0.003642951	-0.001681735	0.0007709858	0	0	0	
6.46	24	19	49	37	1	-1493.858	-0.01962244	13.94084	0.002331655	-0.002811658	0.0007688323	0	0	0	
6.484	24	19	49	37	1	-1493.858	-0.01957972	13.97426	0.00065021	-0.002547823	0.0007667819	0	0	0	
6.508	24	19	49	37	1	-1493.857	-0.01955553	14.00753	-0.0005050392	-0.002007588	0.0007645768	0	0	0	
6.528	24	19	49	37	1	-1493.857	-0.0195496	14.03515	-0.0009007302	-0.001707851	0.0007649331	0	0	0	
6.548	24	19	49	37	1	-1493.856	-0.01955319	14.06266	-0.0008382669	-0.001516246	0.0007671107	0	0	0	
6.564	24	19	49	38	1	-1493.856	-0.01955548	14.08459	-0.0007172567	-0.001483844	0.0007660028	0	0	0	
6.584	24	19	49	38	1	-1493.856	-0.01955104	14.11191	-0.0007192186	-0.001772248	0.0007655302	0	0	0	
6.608	24	19	49	38	1	-1493.855	-0.01953237	14.14457	-0.001031738	-0.001761719	0.0007641405	0	0	0	
6.628	24	19	49	38	1	-1493.855	-0.01951485	14.17167	-0.001198311	-0.001170457	0.000755651	0	0	0	
6.656	24	19	49	38	1	-1493.854	-0.0194973	14.20944	-0.0009080919	-0.001037309	0.0007369835	0	0	0	
6.676	24	19	49	38	1	-1493.854	-0.01948486	14.23629	-0.000529699	-0.001102362	0.0007218104	0	0	0	
6.704	24	19	49	38	1	-1493.853	-0.01947156	14.27373	0.0002671036	-0.0009409843	0.0007050668	0	0	0	
6.728	24	19	49	38	1	-1493.853	-0.01946518	14.30034	0.001055697	-0.0004029792	0.0006937099	0	0	0	
6.748	24	19	49	38	1	-1493.852	-0.01946048	14.33214	0.001680073	0.0001007719	0.0006866642	0	0	0	
6.768	24	19	49	38	1	-1493.852	-0.01946463	14.35853	0.002358311	-0.0002786285	0.0006802348	0	0	0	
6.8	24	19	49	38	1	-1493.852	-0.01948555	14.40054	0.003329585	-0.002773898	0.00066366	0	0	0	
6.828	24	19	49	38	1	-1493.851	-0.01950265	14.43709	0.003189289	-0.003778895	0.0006583676	0	0	0	
6.852	24	19	49	38	1	-1493.851	-0.01951616	14.46826	0.002441313	-0.002837031	0.0006678093	0	0	0	
6.872	24	19	49	38	1	-1493.85	-0.01952914	14.49412	0.001532348	-0.001411014	0.0006807707	0	0	0	
6.912	24	19	49	38	1	-1493.849	-0.01954462	14.54554	-0.001051879	-0.00116202	0.000699077	0	0	0	
6.944	24	19	49	38	1	-1493.849	-0.01955391	14.58638	-0.00286765	-0.002627017	0.0007116614	0	0	0	
6.964	24	19	49	38	1	-1493.848	-0.01956396	14.61177	-0.003384965	-0.003223687	0.0007180007	0	0	0	
6.984	24	19	49	38	1	-1493.848	-0.0195827	14.63706	-0.003145634	-0.002861988	0.0007180969	0	0	0	
7.012	24	19	49	38	1	-1493.848	-0.01959361	14.66727	-0.002608933	-0.001532621	0.0007103697	0	0	0	
7.032	24	19	49	38	1	-1493.847	-0.01958954	14.69732	-0.002224704	-0.0008196928	0.0007049566	0	0	0	
7.056	24	19	49	39	1	-1493.847	-0.01957311	14.72723	-0.001738401	-0.0004784707	0.0006943033	0	0	0	
7.084	24	19	49	39	1	-1493.846	-0.01955982	14.76193	-0.000547678	-0.0008732767	0.0006862126	0	0	0	
7.108	24	19	49	39	1	-1493.846	-0.01955151	14.79151	0.0007224975	-0.0008903527	0.0006808636	0	0	0	
7.136	24	19	49	39	1	-1493.845	-0.01953313	14.82584	0.001749934	-0.001043161	0.0006698107	0	0	0	
7.156	24	19	49	39	1	-1493.845	-0.01951562	14.85024	0.002087828	-0.001710623	0.0006552874	0	0	0	
7.18	24	19	49	39	1	-1493.845	-0.01949765	14.87938	0.002249277	-0.002212842	0.0006321072	0	0	0	
7.2	24	19	49	39	1	-1493.844	-0.01948557	14.90355	0.002172403	-0.002818051	0.0006116455	0	0	0	
7.228	24	19	49	39	1	-1493.844	-0.01949052	14.93722	0.002354207	-0.002986817	0.0005872082	0	0	0	
7.26	24	19	49	39	1	-1493.843	-0.01951431	14.97545	0.002468908	-0.002465422	0.0005722388	0	0	0	
7.288	24	19	49	39	1	-1493.843	-0.01953233	15.00395	0.001935628	-0.0003666267	0.000567068	0	0	0	
7.308	24	19	49	39	1	-1493.842	-0.01955268	15.0323	0.001322415	0.0006096868	0.000559699	0	0	0	
7.324	24	19	49	39	1	-1493.842	-0.01957146	15.05112	0.0008844699	0.0002902496	0.0005513921	0	0	0	
7.348	24	19	49	39	1	-1493.842	-0.01960786	15.07923	0.0003955328	-0.001621446	0.000532137	0	0	0	
7.38	24	19	49	39	1	-1493.841	-0.01965581	15.11183	-8.562311e-05	-0.003544491	0.0005051764	0	0	0	
7.412	24	19	49	39	1	-1493.841	-0.01972678	15.15345	-0.0002565451	-0.00466969	0.0004808779	0	0	0	
7.448	24	19	49	39	1	-1493.84	-0.01976505	15.19018	-0.001313286	-0.00237696	0.0004564913	0	0	0	
7.48	24	19	49	39	1	-1493.839	-0.01978942	15.23119	-0.0022698	0.0007471252	0.0004368377	0	0	0	
7.496	24	19	49	39	1	-1493.839	-0.01979648	15.24931	-0.002596325	0.001179788	0.0004330821	0	0	0	
7.524	24	19	49	39	1	-1493.839	-0.0198031	15.28086	-0.002811485	-0.0004116935	0.0004416201	0	0	0	
7.548	24	19	49	39	1	-1493.838	-0.01979919	15.30776	-0.002731054	-0.001917377	0.0004538464	0	0	0	
7.58	24	19	49	40	1	-1493.838	-0.01978917	15.3434	-0.001977808	-0.001553788	0.0004718472	0	0	0	
7.612	24	19	49	40	1	-1493.837	-0.01977616	15.3788	-0.0006415879	-0.002058248	0.0004933307	0	0	0	
7.632	24	19	49	40	1	-1493.837	-0.01977012	15.4008	0.0004223004	-0.002794479	0.0005165742	0	0	0	
7.66	24	19	49	40	1	-1493.837	-0.01975569	15.43143	0.001606219	-0.003389337	0.0005531101	0	0	0	
7.68	24	19	49	40	1	-1493.836	-0.01973758	15.45318	0.001959651	-0.003831194	0.0005769143	0	0	0	
7.7	24	19	49	40	1	-1493.836	-0.01971405	15.47483	0.001880201	-0.004599309	0.0006007931	0	0	0	
7.724	24	19	49	40	1	-1493.836	-0.01968568	15.50068	0.001472347	-0.005304905	0.0006289877	0	0	0	
7.748	24	19	49	40	1	-1493.835	-0.01967287	15.52638	0.001331063	-0.005129577	0.0006577597	0	0	0	
7.78	24	19	49	40	1	-1493.835	-0.01966092	15.56043	0.0009581424	-0.002904233	0.0006976206	0	0	0	
7.804	24	19	49	40	1	-1493.835	-0.01965678	15.58579	0.0006405347	-0.0007608268	0.0007304211	0	0	0	
7.828	24	19	49	40	1	-1493.834	-0.01966951	15.611	0.0007880949	-0.0005385871	0.0007697127	0	0	0	
7.852	24	19	49	40	1	-1493.834	-0.01968201	15.63607	0.0007948078	-0.001818473	0.0008112057	0	0	0	
7.872	24	19	49	40	1	-1493.834	-0.01969266	15.65685	0.0007039904	-0.002660868	0.0008405821	0	0	0	
7.892	24	19	49	40	1	-1493.834	-0.01969921	15.67753	0.0003918325	-0.002175874	0.0008690356	0	0	0	
7.928	24	19	49	40	1	-1493.833	-0.01970319	15.71451	-0.0005068497	-0.0004267083	0.0009151003	0	0	0	
7.968	24	19	49	40	1	-1493.833	-0.01969444	15.75116	-0.001640826	-0.002748144	0.0009504519	0	0	0	
8.004	24	19	49	40	1	-1493.832	-0.01969889	15.78749	-0.00147462	-0.00386816	0.0009651858	0	0	0	
8.028	24	19	49	40	1	-1493.832	-0.0196946	15.81553	-0.001275011	-0.002592213	0.000965423	0	0	0	
8.06	24	19	49	40	1	-1493.832	-0.01967823	15.84734	-0.0009523028	-0.001606002	0.000972081	0	0	0	
8.092	24	19	49	40	1	-1493.831	-0.01966635	15.8789	-0.0001396781	-0.001907155	0.0009898288	0	0	0	
8.112	24	19	49	41	1	-1493.831	-0.01966848	15.8985	0.0007525796	-0.001383672	0.001006225	0	0	0	
8.14	24	19	49	41	1	-1493.831	-0.01965448	15.92578	0.001255704	0.0004339717	0.001035007	0	0	0	
8.168	24	19	49	41	1	-1493.83	-0.01963236	15.94901	0.001005931	0.001384402	0.001061468	0	0	0	
8.204	24	19	49	41	1	-1493.83	-0.01957181	15.98742	-0.0003455057	-0.002047244	0.001089321	0	0	0	
8.232	24	19	49	41	1	-1493.83	-0.01951679	16.01408	-0.001717641	-0.00545711	0.001110986	0	0	0	
8.256	24	19	49	41	1	-1493.83	-0.01947299	16.033	-0.002740415	-0.006271486	0.001123257	0	0	0	
8.276	24	19	49	41	1	-1493.829	-0.01941857	16.05558	-0.00323738	-0.0050661	0.001121485	0	0	0	
8.296	24	19	49	41	1	-1493.829	-0.01937339	16.07429	-0.003278093	-0.001569856	0.001105517	0	0	0	
8.328	24	19	49	41	1	-1493.829	-0.01928493	16.10403	-0.003034539	0.001445914	0.001084023	0	0	0	
8.364	24	19	49	41	1	-1493.829	-0.0191759	16.13718	-0.001859426	0.000769886	0.001075361	0	0	0	
8.404	24	19	49	41	1	-1493.828	-0.01906126	16.17366	0.0005637099	-0.003273382	0.001066101	0	0	0	
8.44	24	19	49	41	1	-1493.828	-0.01896983	16.20617	0.002951811	-0.002282002	0.001062231	0	0	0	
8.46	24	19	49	41	1	-1493.828	-0.01891102	16.2241	0.003527834	0.0001619271	0.001068222	0	0	0	
8.48	24	19	49	41	1	-1493.827	-0.01884608	16.24194	0.003434345	0.001723966	0.001077368	0	0	0	
8.496	24	19	49	41	1	-1493.827	-0.01880281	16.2526	0.002805384	0.001747679	0.001084324	0	0	0	
8.52	24	19	49	41	1	-1493.827	-0.01868771	16.27733	0.001038761	-0.0003127408	0.001091099	0	0	0	
8.54	24	19	49	41	1	-1493.827	-0.01859684	16.29489	-0.0008602589	-0.003144432	0.001102202	0	0	0	
8.564	24	19	49	41	1	-1493.827	-0.01850827	16.31235	-0.00286306	-0.005323967	0.001121766	0	0	0	
8.58	24	19	49	41	1	-1493.827	-0.01841761	16.32973	-0.00399502	-0.004965952	0.001132278	0	0	0	
8.6	24	19	49	41	1	-1493.826	-0.01832322	16.34702	-0.005022323	-0.002491112	0.001139112	0	0	0	
8.628	24	19	49	42	1	-1493.826	-0.01819796	16.37107	-0.005091602	0.0008814682	0.001150507	0	0	0	
8.644	24	19	49	42	1	-1493.826	-0.01814117	16.38474	-0.004019051	0.0009371317	0.0011708	0	0	0	
8.676	24	19	49	42	1	-1493.826	-0.01803773	16.41189	-0.0006333246	-0.002137034	0.001232562	0	0	0	
8.696	24	19	49	42	1	-1493.826	-0.0179682	16.42875	0.001507312	-0.004472183	0.001267811	0	0	0	
8.72	24	19	49	42	1	-1493.825	-0.01787019	16.44885	0.003304131	-0.005877278	0.001298231	0	0	0	
8.744	24	19	49	42	1	-1493.825	-0.01777572	16.46551	0.003945041	-0.004682762	0.001328549	0	0	0	
8.776	24	19	49	42	1	-1493.825	-0.01759185	16.49526	0.003227043	-0.001758508	0.001373411	0	0	0	
8.8	24	19	49	42	1	-1493.825	-0.01745902	16.51493	0.00163529	0.0002345832	0.00140312	0	0	0	
8.828	24	19	49	42	1	-1493.824	-0.01729853	16.53771	-0.0007742199	0.0002012414	0.001412623	0	0	0	
8.848	24	19	49	42	1	-1493.824	-0.0171827	16.55388	-0.002733456	-0.00169611	0.001409046	0	0	0	
8.88	24	19	49	42	1	-1493.824	-0.01701965	16.57636	-0.004450633	-0.003075717	0.001413677	0	0	0	
8.9	24	19	49	42	1	-1493.824	-0.01687927	16.59549	-0.00495005	-0.002810741	0.001415359	0	0	0	
8.924	24	19	49	42	1	-1493.824	-0.01677856	16.61133	-0.004005192	-0.001715598	0.001418867	0	0	0	
8.936	24	19	49	42	1	-1493.824	-0.01670538	16.62394	-0.003040795	-0.001030422	0.001422633	0	0	0	
8.96	24	19	49	42	1	-1493.824	-0.0166158	16.63962	-0.000721091	0.0007022486	0.001429618	0	0	0	
8.988	24	19	49	42	1	-1493.823	-0.0164568	16.66452	0.001913796	0.001061376	0.001446554	0	0	0	
9.016	24	19	49	42	1	-1493.823	-0.01629092	16.68613	0.002773409	-2.262116e-05	0.001462783	0	0	0	
9.036	24	19	49	42	1	-1493.823	-0.01616717	16.70145	0.002952683	-0.001407632	0.001476252	0	0	0	
9.072	24	19	49	42	1	-1493.823	-0.01595274	16.72881	0.00259687	-0.00242863	0.001499162	0	0	0	
9.1	24	19	49	42	1	-1493.822	-0.01579594	16.7499	0.001893526	-0.000821889	0.001519256	0	0	0	
9.12	24	19	49	43	1	-1493.822	-0.01567681	16.76485	0.0008356834	0.0003223834	0.001526181	0	0	0	
9.148	24	19	49	43	1	-1493.822	-0.0154987	16.78565	-0.001173654	0.001288527	0.001534383	0	0	0	
9.172	24	19	49	43	1	-1493.822	-0.01535806	16.80334	-0.002267479	0.001034012	0.001547988	0	0	0	
9.192	24	19	49	43	1	-1493.822	-0.01525378	16.81799	-0.002415513	-0.0002225237	0.001565287	0	0	0	
9.212	24	19	49	43	1	-1493.821	-0.01515365	16.83255	-0.002101776	-0.002408067	0.001584611	0	0	0	
9.244	24	19	49	43	1	-1493.821	-0.0149916	16.85568	-0.001114061	-0.00492011	0.001607049	0	0	0	
9.268	24	19	49	43	1	-1493.821	-0.01486465	16.87289	-0.0002873944	-0.00416121	0.001617704	0	0	0	
9.296	24	19	49	43	1	-1493.821	-0.01471791	16.89282	0.0007853362	-0.001047082	0.001631727	0	0	0	
9.316	24	19	49	43	1	-1493.821	-0.01461256	16.90695	0.001426671	0.00123144	0.001642397	0	0	0	
9.356	24	19	49	43	1	-1493.82	-0.01442047	16.9322	0.002013486	0.001399738	0.001663185	0	0	0	
9.392	24	19	49	43	1	-1493.82	-0.01423461	16.95717	0.001809442	-0.0001421462	0.001679778	0	0	0	
9.424	24	19	49	43	1	-1493.82	-0.01403031	16.98188	0.0002260078	-0.001157995	0.001698981	0	0	0	
9.456	24	19	49	43	1	-1493.819	-0.01386004	17.00362	-0.0007046324	-0.00293512	0.001712908	0	0	0	
9.484	24	19	49	43	1	-1493.819	-0.01373629	17.02247	-0.0006139749	-0.003298077	0.001722923	0	0	0	
9.5	24	19	49	43	1	-1493.819	-0.01366364	17.03317	-0.0005704279	-0.002799346	0.00172711	0	0	0	
9.512	24	19	49	43	1	-1493.819	-0.01362546	17.0385	-0.0005997982	-0.002034714	0.001730628	0	0	0	
9.532	24	19	49	43	1	-1493.819	-0.01351203	17.05441	-0.0005495845	-0.0005273292	0.001739616	0	0	0	
9.556	24	19	49	43	1	-1493.818	-0.01341179	17.0702	4.743006e-05	0.0006908184	0.001751637	0	0	0	
9.588	24	19	49	43	1	-1493.818	-0.01330351	17.08848	0.001173264	0.001543928	0.001763534	0	0	0	
9.604	24	19	49	43	1	-1493.818	-0.01323278	17.10144	0.001793238	0.001408231	0.001771149	0	0	0	
9.628	24	19	49	44	1	-1493.818	-0.01314134	17.11689	0.002176851	-7.617504e-05	0.001773527	0	0	0	
9.652	24	19	49	44	1	-1493.817	-0.01303112	17.13222	0.001508564	-0.001668692	0.001766039	0	0	0	
9.676	24	19	49	44	1	-1493.817	-0.01291745	17.14745	0.0004375091	-0.001766882	0.001762853	0	0	0	
9.696	24	19	49	44	1	-1493.817	-0.01283228	17.16006	-0.000200593	-0.001023715	0.001757098	0	0	0	
9.732	24	19	49	44	1	-1493.816	-0.01266531	17.18255	-0.001689396	0.0005447595	0.001744098	0	0	0	
9.768	24	19	49	44	1	-1493.816	-0.01252673	17.20234	-0.002021035	-0.0001096535	0.001726717	0	0	0	
9.8	24	19	49	44	1	-1493.816	-0.01241186	17.22436	-0.0004064082	-0.001926014	0.0017188	0	0	0	
9.84	24	19	49	44	1	-1493.815	-0.01225595	17.24856	0.0007430535	-0.001681871	0.001726037	0	0	0	
9.868	24	19	49	44	1	-1493.815	-0.01214443	17.26531	0.001252722	-0.002082992	0.001728249	0	0	0	
9.888	24	19	49	44	1	-1493.815	-0.0120758	17.27719	0.001802825	-0.002819807	0.001729691	0	0	0	
9.912	24	19	49	44	1	-1493.814	-0.01199716	17.29136	0.002268379	-0.003724721	0.001732217	0	0	0	
9.936	24	19	49	44	2	-1493.814	-0.01191623	17.30541	0.002224966	-0.003756112	0.001741877	0	0	0	
9.952	24	19	49	44	2	-1493.814	-0.01185982	17.31471	0.001870969	-0.003676955	0.001748913	0	0	0	
9.984	24	19	49	44	2	-1493.813	-0.01184825	17.33344	0.004182955	0.003548562	0.0004034997	0	0	0	
10.02	24	19	49	44	2	-1493.811	-0.01256417	17.35635	0.02848637	0.05564316	-0.00681152	0	0	0	
10.056	24	19	49	44	2	-1493.809	-0.0140467	17.37875	0.07056874	0.1118794	-0.01886196	0	0	0	
10.08	24	19	49	44	2	-1493.806	-0.01605964	17.39995	0.09973967	0.1223773	-0.03110123	0	0	0	
10.104	24	19	49	44	2	-1493.804	-0.01831296	17.41935	0.1218722	0.1107755	-0.04803602	0	0	0	
10.124	24	19	49	44	2	-1493.802	-0.0205706	17.43641	0.1313595	0.09362891	-0.06499114	0	0	0	
10.14	24	19	49	44	2	-1493.8	-0.02264374	17.45065	0.1321915	0.0816272	-0.07936777	0	0	0	
10.176	24	19	49	45	2	-1493.794	-0.02827502	17.4846	0.1139242	0.07509864	-0.1114935	0	0	0	
10.208	24	19	49	45	2	-1493.787	-0.03451458	17.51696	0.08329601	0.08984309	-0.1402004	0	0	0	
10.232	24	19	49	45	2	-1493.781	-0.0399738	17.5426	0.05943629	0.1022349	-0.1631285	0	0	0	
10.256	24	19	49	45	2	-1493.775	-0.04606349	17.56943	0.0399909	0.1083337	-0.1874557	0	0	0	
10.28	24	19	49	45	2	-1493.768	-0.05273404	17.59743	0.02779822	0.1069298	-0.2127474	0	0	0	
10.3	24	19	49	45	2	-1493.763	-0.05748762	17.61676	0.02395079	0.1029113	-0.2342275	0	0	0	
10.316	24	19	49	45	2	-1493.757	-0.06376748	17.64165	0.02481444	0.1001083	-0.2515601	0	0	0	
10.332	24	19	49	45	2	-1493.752	-0.06906184	17.66214	0.0287027	0.09899106	-0.2689641	0	0	0	
10.364	24	19	49	45	2	-1493.74	-0.0803809	17.70462	0.04283432	0.103313	-0.3037778	0	0	0	
10.384	24	19	49	45	2	-1493.732	-0.08794487	17.73217	0.05338325	0.1087447	-0.3254742	0	0	0	
10.408	24	19	49	45	2	-1493.722	-0.09750322	17.76623	0.06451328	0.1146073	-0.3515069	0	0	0	
10.428	24	19	49	45	2	-1493.713	-0.1058667	17.79545	0.07064892	0.1171371	-0.3732928	0	0	0	
10.448	24	19	49	45	2	-1493.706	-0.1128215	17.81937	0.07274596	0.1171771	-0.3951701	0	0	0	
10.464	24	19	49	45	2	-1493.696	-0.1218557	17.84996	0.07119523	0.1158935	-0.4126781	0	0	0	
10.488	24	19	49	45	2	-1493.687	-0.1312856	17.88132	0.06381669	0.1132999	-0.4387789	0	0	0	
10.516	24	19	49	45	2	-1493.67	-0.1472437	17.93307	0.04957888	0.111743	-0.4687453	0	0	0	
10.548	24	19	49	45	2	-1493.655	-0.1621114	17.97995	0.03065368	0.1133346	-0.5022745	0	0	0	
10.572	24	19	49	45	2	-1493.638	-0.177809	18.02832	0.0179895	0.1159411	-0.5269829	0	0	0	
10.608	24	19	49	45	2	-1493.619	-0.196717	18.08541	0.005855107	0.1192187	-0.5633781	0	0	0	
10.632	24	19	49	45	2	-1493.604	-0.2115455	18.12947	0.003459581	0.1200591	-0.5871605	0	0	0	
10.656	24	19	49	46	2	-1493.585	-0.22953	18.18221	0.005226069	0.1200713	-0.6105122	0	0	0	
10.676	24	19	49	46	2	-1493.571	-0.2428266	18.22075	0.008952355	0.1199761	-0.6296288	0	0	0	
10.704	24	19	49	46	2	-1493.552	-0.2620742	18.27592	0.01555028	0.120208	-0.6558517	0	0	0	
10.728	24	19	49	46	2	-1493.534	-0.2791612	18.32433	0.02050864	0.1208024	-0.6778272	0	0	0	
10.752	24	19	49	46	2	-1493.516	-0.2967969	18.37375	0.02324707	0.1215925	-0.6993395	0	0	0	
10.776	24	19	49	46	2	-1493.5	-0.3119145	18.4157	0.02283475	0.1222286	-0.7203964	0	0	0	
10.8	24	19	49	46	2	-1493.481	-0.3305655	18.46696	0.01907612	0.1224873	-0.741004	0	0	0	
10.824	24	19	49	46	2	-1493.457	-0.3530355	18.52801	0.01250381	0.1223526	-0.7611581	0	0	0	
10.856	24	19	49	46	2	-1493.434	-0.3762815	18.5904	0.001321401	0.1219741	-0.7873047	0	0	0	
10.88	24	19	49	46	2	-1493.409	-0.4003099	18.6541	-0.00710441	0.1219281	-0.8063694	0	0	0	
10.908	24	19	49	46	2	-1493.383	-0.425114	18.71909	-0.01515853	0.1221819	-0.8280232	0	0	0	
10.936	24	19	49	46	2	-1493.357	-0.4506806	18.78537	-0.0200529	0.1225759	-0.8490581	0	0	0	
10.952	24	19	49	46	2	-1493.342	-0.4656268	18.82381	-0.02123616	0.1227541	-0.8608016	0	0	0	
10.98	24	19	49	46	2	-1493.314	-0.4923643	18.89205	-0.02074237	0.1228429	-0.8808632	0	0	0	
11	24	19	49	46	2	-1493.294	-0.511912	18.94155	-0.0189412	0.1227045	-0.8948189	0	0	0	
11.032	24	19	49	46	2	-1493.261	-0.5439686	19.02205	-0.01517335	0.122379	-0.9165099	0	0	0	
11.044	24	19	49	46	2	-1493.248	-0.5562381	19.05265	-0.01391943	0.1222698	-0.9244487	0	0	0	
11.068	24	19	49	46	2	-1493.223	-0.581185	19.1145	-0.01230361	0.1220921	-0.9400136	0	0	0	
11.092	24	19	49	46	2	-1493.196	-0.6066794	19.17721	-0.01237566	0.1220226	-0.9551658	0	0	0	
11.116	24	19	49	46	2	-1493.17	-0.6327233	19.24078	-0.01438931	0.122011	-0.9699117	0	0	0	
11.136	24	19	49	47	2	-1493.151	-0.6503915	19.28362	-0.01745829	0.1219803	-0.981899	0	0	0	
11.156	24	19	49	47	2	-1493.124	-0.6773531	19.34858	-0.022342	0.1218593	-0.9959301	0	0	0	
11.184	24	19	49	47	2	-1493.091	-0.7095046	19.4254	-0.0278284	0.1216207	-1.009574	0	0	0	
11.208	24	19	49	47	2	-1493.062	-0.7376613	19.49211	-0.03307655	0.1213641	-1.022848	0	0	0	
11.232	24	19	49	47	2	-1493.032	-0.7663698	19.55962	-0.03735474	0.1211778	-1.035764	0	0	0	
11.252	24	19	49	47	2	-1493.007	-0.7907118	19.61647	-0.03982336	0.1210388	-1.046254	0	0	0	
11.284	24	19	49	47	2	-1492.966	-0.8304441	19.70854	-0.04144428	0.1207931	-1.062528	0	0	0	
11.308	24	19	49	47	2	-1492.935	-0.8608732	19.77848	-0.04098645	0.1205418	-1.074335	0	0	0	
11.324	24	19	49	47	2	-1492.914	-0.8814574	19.82552	-0.04014287	0.1203196	-1.082019	0	0	0	
11.344	24	19	49	47	2	-1492.887	-0.9075233	19.88478	-0.03880686	0.1200179	-1.09142	0	0	0	
11.364	24	19	49	47	2	-1492.86	-0.9339626	19.94455	-0.03751901	0.1197415	-1.100599	0	0	0	
11.384	24	19	49	47	2	-1492.832	-0.9607758	20.00481	-0.03662642	0.1195144	-1.109569	0	0	0	
11.42	24	19	49	47	2	-1492.782	-1.009983	20.11453	-0.03681181	0.1192231	-1.125193	0	0	0	
11.448	24	19	49	47	2	-1492.742	-1.049094	20.20096	-0.03882405	0.1189993	-1.136905	0	0	0	
11.468	24	19	49	47	2	-1492.712	-1.07748	20.26325	-0.04114334	0.1187918	-1.145043	0	0	0	
11.492	24	19	49	47	2	-1492.677	-1.112037	20.33863	-0.04454442	0.1184962	-1.154559	0	0	0	
11.512	24	19	49	47	2	-1492.647	-1.141247	20.40194	-0.04755845	0.1182439	-1.162284	0	0	0	
11.524	24	19	49	47	2	-1492.629	-1.158953	20.44015	-0.04930632	0.1181001	-1.166832	0	0	0	
11.56	24	19	49	47	2	-1492.573	-1.212878	20.55573	-0.05362694	0.1176875	-1.180091	0	0	0	
11.588	24	19	49	47	2	-1492.536	-1.249499	20.63358	-0.05552069	0.1174225	-1.190021	0	0	0	
11.604	24	19	49	48	2	-1492.504	-1.280425	20.69892	-0.05594825	0.117272	-1.195548	0	0	0	
11.624	24	19	49	48	2	-1492.472	-1.311722	20.76469	-0.05587656	0.1170731	-1.202307	0	0	0	
11.648	24	19	49	48	2	-1492.433	-1.349764	20.84417	-0.05514673	0.1167854	-1.210201	0	0	0	
11.672	24	19	49	48	2	-1492.393	-1.388337	20.92424	-0.05409436	0.116449	-1.217868	0	0	0	
11.696	24	19	49	48	2	-1492.353	-1.427439	21.00491	-0.05316248	0.1160803	-1.225317	0	0	0	
11.724	24	19	49	48	2	-1492.312	-1.467072	21.08616	-0.05272372	0.1156902	-1.233736	0	0	0	
11.752	24	19	49	48	2	-1492.264	-1.513982	21.18167	-0.0533242	0.1154242	-1.241881	0	0	0	
11.78	24	19	49	48	2	-1492.208	-1.568479	21.29175	-0.05501337	0.1152699	-1.249763	0	0	0	
11.8	24	19	49	48	2	-1492.173	-1.603018	21.36104	-0.05675055	0.1151561	-1.255233	0	0	0	
11.828	24	19	49	48	2	-1492.13	-1.644949	21.44469	-0.05955499	0.1148985	-1.262666	0	0	0	
11.856	24	19	49	48	2	-1492.071	-1.701679	21.55704	-0.06227736	0.1145667	-1.269848	0	0	0	
11.884	24	19	49	48	2	-1492.02	-1.752088	21.6561	-0.06440943	0.1142295	-1.276788	0	0	0	
11.912	24	19	49	48	2	-1491.967	-1.803216	21.75585	-0.06564306	0.1139495	-1.283497	0	0	0	
11.932	24	19	49	48	2	-1491.929	-1.840175	21.82752	-0.06594377	0.1137787	-1.288152	0	0	0	
11.956	24	19	49	48	2	-1491.883	-1.885007	21.91397	-0.06576881	0.1135858	-1.29359	0	0	0	
11.984	24	19	49	48	2	-1491.829	-1.937972	22.01545	-0.06510709	0.1133267	-1.299736	0	0	0	
12.02	24	19	49	48	2	-1491.758	-2.007116	22.14687	-0.06418787	0.1129426	-1.307339	0	0	0	
12.056	24	19	49	48	2	-1491.694	-2.069562	22.26458	-0.0639526	0.1125172	-1.31462	0	0	0	
12.088	24	19	49	48	2	-1491.621	-2.140922	22.39798	-0.06472146	0.1121565	-1.320848	0	0	0	
12.128	24	19	49	48	2	-1491.546	-2.213458	22.53238	-0.06685158	0.1119047	-1.328332	0	0	0	
12.164	24	19	49	49	2	-1491.462	-2.29543	22.68286	-0.06926653	0.1118051	-1.334787	0	0	0	
12.196	24	19	49	49	2	-1491.402	-2.353668	22.78889	-0.07117574	0.1116472	-1.340297	0	0	0	
12.216	24	19	49	49	2	-1491.359	-2.395698	22.86498	-0.07203885	0.1114749	-1.343627	0	0	0	
12.236	24	19	49	49	2	-1491.307	-2.446608	22.95665	-0.07257685	0.1112604	-1.346869	0	0	0	
12.256	24	19	49	49	2	-1491.263	-2.489428	23.03336	-0.07278089	0.1110254	-1.350025	0	0	0	
12.28	24	19	49	49	2	-1491.21	-2.541286	23.12577	-0.07264674	0.1107435	-1.353702	0	0	0	
12.3	24	19	49	49	2	-1491.165	-2.584896	23.20309	-0.07232106	0.1105632	-1.356684	0	0	0	
12.32	24	19	49	49	2	-1491.12	-2.628865	23.28067	-0.07192106	0.1104334	-1.359594	0	0	0	
12.348	24	19	49	49	2	-1491.056	-2.691023	23.38974	-0.07146657	0.1103028	-1.363548	0	0	0	
12.364	24	19	49	49	2	-1491.02	-2.726856	23.4523	-0.0713593	0.1102265	-1.365747	0	0	0	
12.388	24	19	49	49	2	-1490.964	-2.781032	23.54644	-0.07149291	0.1100927	-1.368965	0	0	0	
12.416	24	19	49	49	2	-1490.899	-2.844886	23.65674	-0.07211008	0.1099192	-1.3726	0	0	0	
12.448	24	19	49	49	2	-1490.823	-2.918717	23.78341	-0.07331571	0.1097088	-1.376607	0	0	0	
12.484	24	19	49	49	2	-1490.736	-3.002864	23.92665	-0.07495356	0.1094679	-1.380935	0	0	0	
12.512	24	19	49	49	2	-1490.669	-3.069108	24.0386	-0.07612537	0.1093045	-1.384171	0	0	0	
12.536	24	19	49	49	2	-1490.61	-3.126443	24.13493	-0.07689682	0.1092406	-1.386863	0	0	0	
12.576	24	19	49	49	2	-1490.511	-3.223134	24.29621	-0.07746463	0.1091233	-1.391176	0	0	0	
12.616	24	19	49	49	2	-1490.41	-3.321236	24.4584	-0.07723442	0.1088677	-1.395276	0	0	0	
12.648	24	19	49	49	2	-1490.328	-3.400732	24.58879	-0.0768292	0.1086082	-1.398415	0	0	0	
12.668	24	19	49	49	2	-1490.277	-3.450874	24.67057	-0.07662228	0.1084533	-1.400317	0	0	0	
12.704	24	19	49	50	2	-1490.184	-3.542018	24.81832	-0.07656241	0.1082403	-1.403634	0	0	0	
12.728	24	19	49	50	2	-1490.121	-3.603412	24.9172	-0.07682414	0.1081314	-1.405772	0	0	0	
12.744	24	19	49	50	2	-1490.078	-3.644622	24.98329	-0.0772238	0.1080555	-1.407509	0	0	0	
12.76	24	19	49	50	2	-1490.036	-3.686057	25.04951	-0.07752732	0.1080202	-1.408533	0	0	0	
12.78	24	19	49	50	2	-1489.982	-3.738165	25.13246	-0.07810405	0.1079735	-1.410208	0	0	0	
12.8	24	19	49	50	2	-1489.929	-3.790622	25.21562	-0.07872104	0.1079274	-1.411844	0	0	0	
12.824	24	19	49	50	2	-1489.864	-3.854033	25.31566	-0.07943155	0.1078937	-1.413759	0	0	0	
12.852	24	19	49	50	2	-1489.798	-3.917947	25.41598	-0.08011455	0.1079214	-1.415929	0	0	0	
12.888	24	19	49	50	2	-1489.688	-4.025586	25.58375	-0.08066171	0.1080017	-1.41862	0	0	0	
12.928	24	19	49	50	2	-1489.576	-4.134613	25.75222	-0.08083898	0.1079491	-1.421472	0	0	0	
12.964	24	19	49	50	2	-1489.474	-4.233922	25.9044	-0.08078663	0.1078087	-1.423922	0	0	0	
12.996	24	19	49	50	2	-1489.382	-4.32314	26.04009	-0.08075779	0.1077666	-1.426017	0	0	0	
13.024	24	19	49	50	2	-1489.313	-4.390636	26.14211	-0.08086048	0.107835	-1.427798	0	0	0	
13.036	24	19	49	50	2	-1489.267	-4.435909	26.21023	-0.08096131	0.1078707	-1.428547	0	0	0	
13.068	24	19	49	50	2	-1489.173	-4.527116	26.34674	-0.08141377	0.1079006	-1.430495	0	0	0	
13.092	24	19	49	50	2	-1489.102	-4.596098	26.44933	-0.08189639	0.1078752	-1.431911	0	0	0	
13.124	24	19	49	50	2	-1489.019	-4.677203	26.56925	-0.08263689	0.107848	-1.433738	0	0	0	
13.14	24	19	49	50	2	-1488.959	-4.735548	26.65503	-0.08309483	0.1078771	-1.434847	0	0	0	
13.172	24	19	49	50	2	-1488.875	-4.817808	26.77532	-0.08363133	0.1079425	-1.436357	0	0	0	
13.196	24	19	49	50	2	-1488.79	-4.900738	26.89581	-0.08394647	0.1079836	-1.43761	0	0	0	
13.22	24	19	49	51	2	-1488.717	-4.972356	26.99924	-0.08411524	0.1080343	-1.438825	0	0	0	
13.24	24	19	49	51	2	-1488.655	-5.032413	27.08554	-0.08416087	0.1080804	-1.439811	0	0	0	
13.264	24	19	49	51	2	-1488.581	-5.104932	27.1892	-0.08413464	0.1081182	-1.44096	0	0	0	
13.288	24	19	49	51	2	-1488.518	-5.16574	27.27568	-0.08408097	0.1081193	-1.442066	0	0	0	
13.308	24	19	49	51	2	-1488.443	-5.239157	27.37956	-0.0840668	0.1080926	-1.442959	0	0	0	
13.34	24	19	49	51	2	-1488.342	-5.337808	27.51823	-0.08417465	0.1080253	-1.444509	0	0	0	
13.36	24	19	49	51	2	-1488.278	-5.399908	27.60498	-0.08428743	0.1080377	-1.445182	0	0	0	
13.388	24	19	49	51	2	-1488.188	-5.48742	27.72653	-0.08459761	0.1081507	-1.446337	0	0	0	
13.416	24	19	49	51	2	-1488.098	-5.575597	27.8482	-0.08502963	0.1082902	-1.447454	0	0	0	
13.436	24	19	49	51	2	-1488.033	-5.638986	27.93516	-0.08536849	0.1083756	-1.448227	0	0	0	
13.46	24	19	49	51	2	-1487.954	-5.7155	28.03958	-0.08576465	0.1084436	-1.449129	0	0	0	
13.48	24	19	49	51	2	-1487.889	-5.779632	28.12663	-0.0860624	0.1084538	-1.449857	0	0	0	
13.504	24	19	49	51	2	-1487.809	-5.857035	28.23115	-0.08635616	0.1084197	-1.450704	0	0	0	
13.528	24	19	49	51	2	-1487.729	-5.934924	28.33571	-0.08655846	0.1083741	-1.451529	0	0	0	
13.548	24	19	49	51	2	-1487.662	-6.000202	28.42288	-0.08665352	0.1083666	-1.4522	0	0	0	
13.568	24	19	49	51	2	-1487.595	-6.065818	28.51006	-0.08670584	0.1084155	-1.452989	0	0	0	
13.592	24	19	49	51	2	-1487.514	-6.145001	28.61472	-0.08671466	0.1084806	-1.453634	0	0	0	
13.62	24	19	49	51	2	-1487.418	-6.237992	28.73684	-0.08670845	0.1085514	-1.454516	0	0	0	
13.644	24	19	49	51	2	-1487.35	-6.304816	28.82408	-0.08673295	0.1085932	-1.455251	0	0	0	
13.652	24	19	49	51	2	-1487.308	-6.345071	28.87643	-0.08675315	0.1086037	-1.455491	0	0	0	
13.68	24	19	49	52	2	-1487.212	-6.439468	28.99858	-0.08688781	0.1086076	-1.456314	0	0	0	
13.712	24	19	49	52	2	-1487.1	-6.548151	29.13819	-0.08714923	0.1086232	-1.457231	0	0	0	
13.752	24	19	49	52	2	-1486.959	-6.685208	29.31268	-0.08756442	0.1086542	-1.458351	0	0	0	
13.792	24	19	49	52	2	-1486.817	-6.823597	29.48712	-0.08796931	0.1087081	-1.459429	0	0	0	
13.828	24	19	49	52	2	-1486.689	-6.949286	29.64406	-0.0882233	0.1087781	-1.460367	0	0	0	
13.852	24	19	49	52	2	-1486.616	-7.019577	29.73121	-0.08833493	0.1088125	-1.460966	0	0	0	
13.888	24	19	49	52	2	-1486.471	-7.161153	29.90544	-0.08846897	0.1088453	-1.461827	0	0	0	
13.916	24	19	49	52	2	-1486.369	-7.261044	30.02732	-0.08858313	0.108893	-1.462466	0	0	0	
13.936	24	19	49	52	2	-1486.295	-7.332791	30.11434	-0.08867528	0.1089377	-1.462908	0	0	0	
13.964	24	19	49	52	2	-1486.191	-7.433793	30.23608	-0.08881844	0.1090256	-1.463509	0	0	0	
13.988	24	19	49	52	2	-1486.102	-7.520881	30.34036	-0.08893891	0.1091296	-1.464008	0	0	0	
14.024	24	19	49	52	2	-1485.982	-7.637735	30.47929	-0.08910761	0.1091973	-1.464719	0	0	0	
14.044	24	19	49	52	2	-1485.892	-7.725926	30.5834	-0.0892079	0.1091822	-1.465097	0	0	0	
14.064	24	19	49	52	2	-1485.816	-7.799779	30.6701	-0.08931558	0.109135	-1.465464	0	0	0	
14.084	24	19	49	52	2	-1485.74	-7.873961	30.75673	-0.08942825	0.1090872	-1.465825	0	0	0	
14.116	24	19	49	52	2	-1485.617	-7.993334	30.89521	-0.0895912	0.1091068	-1.4664	0	0	0	
14.14	24	19	49	52	2	-1485.525	-8.083417	30.99895	-0.08970133	0.10923	-1.466831	0	0	0	
14.176	24	19	49	52	2	-1485.401	-8.204261	31.13712	-0.08988329	0.1094993	-1.467465	0	0	0	
14.2	24	19	49	52	2	-1485.291	-8.310682	31.25786	-0.09000885	0.1095566	-1.467864	0	0	0	
14.228	24	19	49	52	2	-1485.182	-8.417738	31.37844	-0.09015332	0.1094533	-1.468297	0	0	0	
14.244	24	19	49	53	2	-1485.134	-8.463814	31.43007	-0.0902343	0.1093604	-1.468533	0	0	0	
14.272	24	19	49	53	2	-1485.008	-8.587254	31.5676	-0.09037418	0.109197	-1.468935	0	0	0	
14.3	24	19	49	53	2	-1484.912	-8.680382	31.67061	-0.0904863	0.1091498	-1.469341	0	0	0	
14.328	24	19	49	53	2	-1484.8	-8.789624	31.79061	-0.09055882	0.109315	-1.469756	0	0	0	
14.344	24	19	49	53	2	-1484.719	-8.868045	31.87622	-0.09059632	0.1095178	-1.470054	0	0	0	
14.364	24	19	49	53	2	-1484.639	-8.946789	31.96172	-0.09062553	0.1096671	-1.470288	0	0	0	
14.384	24	19	49	53	2	-1484.557	-9.025854	32.04713	-0.0906745	0.1097838	-1.470573	0	0	0	
14.404	24	19	49	53	2	-1484.476	-9.10524	32.13244	-0.09074779	0.1097933	-1.470847	0	0	0	
14.424	24	19	49	53	2	-1484.394	-9.184946	32.21764	-0.09084129	0.1097132	-1.471107	0	0	0	
14.448	24	19	49	53	2	-1484.312	-9.264974	32.30273	-0.09096467	0.1096094	-1.471415	0	0	0	
14.48	24	19	49	53	2	-1484.163	-9.409839	32.45563	-0.09111563	0.1095843	-1.471825	0	0	0	
14.516	24	19	49	53	2	-1484.013	-9.555747	32.60815	-0.09127328	0.1097026	-1.472286	0	0	0	
14.54	24	19	49	53	2	-1483.913	-9.653596	32.70963	-0.09136271	0.1097683	-1.472587	0	0	0	
14.572	24	19	49	53	2	-1483.778	-9.784777	32.84466	-0.09145785	0.1097851	-1.472971	0	0	0	
14.596	24	19	49	53	2	-1483.677	-9.8837	32.94574	-0.09151797	0.1098028	-1.47325	0	0	0	
14.636	24	19	49	53	2	-1483.506	-10.04959	33.11379	-0.0916197	0.1098829	-1.47371	0	0	0	
14.672	24	19	49	53	2	-1483.352	-10.19999	33.26459	-0.0917259	0.10994	-1.474114	0	0	0	
14.7	24	19	49	53	2	-1483.231	-10.31767	33.38159	-0.09182522	0.1099029	-1.474414	0	0	0	
14.724	24	19	49	53	2	-1483.127	-10.41904	33.48166	-0.09193638	0.1098629	-1.474665	0	0	0	
14.748	24	19	49	53	2	-1483.022	-10.52087	33.58153	-0.09205908	0.1098519	-1.474914	0	0	0	
14.772	24	19	49	54	2	-1482.917	-10.62315	33.6812	-0.09216798	0.1098811	-1.475163	0	0	0	
14.8	24	19	49	54	2	-1482.794	-10.74305	33.79722	-0.09225896	0.1099328	-1.475447	0	0	0	
14.84	24	19	49	54	2	-1482.635	-10.89812	33.94597	-0.09232718	0.1100466	-1.47584	0	0	0	
14.864	24	19	49	54	2	-1482.51	-11.01944	34.06133	-0.09234809	0.1101345	-1.476103	0	0	0	
14.896	24	19	49	54	2	-1482.367	-11.15885	34.19281	-0.09235849	0.1101645	-1.476355	0	0	0	
14.92	24	19	49	54	2	-1482.277	-11.24638	34.27479	-0.09235901	0.1101387	-1.476559	0	0	0	
14.936	24	19	49	54	2	-1482.187	-11.33423	34.35661	-0.09236397	0.1101122	-1.476692	0	0	0	
14.96	24	19	49	54	2	-1482.097	-11.4224	34.43828	-0.09238656	0.1100753	-1.476891	0	0	0	
14.98	24	19	49	54	2	-1481.987	-11.52861	34.53607	-0.09242574	0.110065	-1.477054	0	0	0	
15.008	24	19	49	54	2	-1481.86	-11.65309	34.64986	-0.09250157	0.1100733	-1.477285	0	0	0	
15.032	24	19	49	54	2	-1481.768	-11.74238	34.73095	-0.09259294	0.1100976	-1.477484	0	0	0	
15.052	24	19	49	54	2	-1481.657	-11.84994	34.82804	-0.09270848	0.1101096	-1.477684	0	0	0	
15.076	24	19	49	54	2	-1481.546	-11.95795	34.92489	-0.09280974	0.1100986	-1.477847	0	0	0	
15.104	24	19	49	54	2	-1481.416	-12.08452	35.03758	-0.09295157	0.1100561	-1.478064	0	0	0	
15.132	24	19	49	54	2	-1481.286	-12.21171	35.14993	-0.09307969	0.1100433	-1.478278	0	0	0	
15.148	24	19	49	54	2	-1481.211	-12.28466	35.21398	-0.09313355	0.1100786	-1.478402	0	0	0	
15.172	24	19	49	54	2	-1481.098	-12.39446	35.30985	-0.0931818	0.1101886	-1.478588	0	0	0	
15.196	24	19	49	54	2	-1481.004	-12.4863	35.38955	-0.09319132	0.1102931	-1.478769	0	0	0	
15.216	24	19	49	54	2	-1480.89	-12.59691	35.48496	-0.0931702	0.1103279	-1.478913	0	0	0	
15.244	24	19	49	54	2	-1480.757	-12.72652	35.59594	-0.09311398	0.1102882	-1.479103	0	0	0	
15.268	24	19	49	55	2	-1480.661	-12.81947	35.675	-0.09307184	0.1102347	-1.479263	0	0	0	
15.3	24	19	49	55	2	-1480.489	-12.98756	35.81685	-0.09307885	0.1101708	-1.479463	0	0	0	
15.344	24	19	49	55	2	-1480.276	-13.19435	35.98941	-0.09321142	0.1100932	-1.479726	0	0	0	
15.384	24	19	49	55	2	-1480.081	-13.38363	36.14552	-0.0933787	0.1101332	-1.479968	0	0	0	
15.408	24	19	49	55	2	-1479.964	-13.49779	36.23883	-0.09347661	0.1102394	-1.480121	0	0	0	
15.432	24	19	49	55	2	-1479.846	-13.61239	36.33186	-0.09356186	0.1103573	-1.480273	0	0	0	
15.472	24	19	49	55	2	-1479.649	-13.80436	36.4863	-0.09367184	0.110364	-1.480506	0	0	0	
15.512	24	19	49	55	2	-1479.451	-13.99755	36.63997	-0.09372438	0.110166	-1.480715	0	0	0	
15.548	24	19	49	55	2	-1479.291	-14.15297	36.76235	-0.09372597	0.1101033	-1.480922	0	0	0	
15.572	24	19	49	55	2	-1479.15	-14.28961	36.86902	-0.09371235	0.110184	-1.481069	0	0	0	
15.612	24	19	49	55	2	-1478.949	-14.48584	37.02073	-0.09368176	0.1103835	-1.481321	0	0	0	
15.64	24	19	49	55	2	-1478.807	-14.62392	37.12646	-0.09366066	0.1104083	-1.48149	0	0	0	
15.656	24	19	49	55	2	-1478.725	-14.70308	37.1867	-0.09365798	0.1103801	-1.481585	0	0	0	
15.684	24	19	49	55	2	-1478.603	-14.82219	37.27681	-0.09368401	0.1102695	-1.481746	0	0	0	
15.72	24	19	49	55	2	-1478.398	-15.02168	37.42635	-0.09376744	0.1101226	-1.481953	0	0	0	
15.748	24	19	49	55	2	-1478.253	-15.16203	37.53054	-0.09385015	0.1100553	-1.482117	0	0	0	
15.776	24	19	49	55	2	-1478.108	-15.30297	37.63433	-0.09393898	0.1100947	-1.482284	0	0	0	
15.808	24	19	49	55	2	-1477.942	-15.46477	37.75245	-0.09405099	0.1102253	-1.482477	0	0	0	
15.832	24	19	49	55	2	-1477.817	-15.58662	37.84069	-0.094119	0.1102507	-1.482608	0	0	0	
15.852	24	19	49	55	2	-1477.712	-15.68849	37.91399	-0.09414889	0.110197	-1.48271	0	0	0	
15.872	24	19	49	56	2	-1477.628	-15.7702	37.97248	-0.09415196	0.1100947	-1.482804	0	0	0	
15.88	24	19	49	56	2	-1477.565	-15.83161	38.01626	-0.09414556	0.1100538	-1.482841	0	0	0	
15.9	24	19	49	56	2	-1477.459	-15.93419	38.08906	-0.09412084	0.1099834	-1.482936	0	0	0	
15.92	24	19	49	56	2	-1477.354	-16.03707	38.16165	-0.09408899	0.1099552	-1.483052	0	0	0	
15.948	24	19	49	56	2	-1477.205	-16.1816	38.26291	-0.09407309	0.1099925	-1.48317	0	0	0	
15.976	24	19	49	56	2	-1477.056	-16.32672	38.36375	-0.09409275	0.1101367	-1.483334	0	0	0	
16.004	24	19	49	56	2	-1476.906	-16.47242	38.46417	-0.09414353	0.1102355	-1.483456	0	0	0	
16.024	24	19	49	56	2	-1476.798	-16.57684	38.53564	-0.09419023	0.1102612	-1.483551	0	0	0	
16.04	24	19	49	56	2	-1476.712	-16.66059	38.59265	-0.09423658	0.110215	-1.483642	0	0	0	
16.068	24	19	49	56	2	-1476.583	-16.78656	38.67792	-0.09429036	0.1100958	-1.483748	0	0	0	
16.092	24	19	49	56	2	-1476.431	-16.93407	38.777	-0.09433667	0.109996	-1.483858	0	0	0	
16.116	24	19	49	56	2	-1476.3	-17.06097	38.86158	-0.09435693	0.1099545	-1.483975	0	0	0	
16.136	24	19	49	56	2	-1476.191	-17.16704	38.93183	-0.09436056	0.1099769	-1.484083	0	0	0	
16.164	24	19	49	56	2	-1476.038	-17.31604	39.02981	-0.09434844	0.1100677	-1.484238	0	0	0	
16.196	24	19	49	56	2	-1475.862	-17.48702	39.14125	-0.09432745	0.1101176	-1.484416	0	0	0	
16.212	24	19	49	56	2	-1475.774	-17.5728	39.19676	-0.09431762	0.1100614	-1.484497	0	0	0	
16.236	24	19	49	56	2	-1475.641	-17.7018	39.27975	-0.09431233	0.1099358	-1.484613	0	0	0	
16.264	24	19	49	56	2	-1475.486	-17.85284	39.37618	-0.09431315	0.1098353	-1.484749	0	0	0	
16.292	24	19	49	56	2	-1475.33	-18.00445	39.47216	-0.09431815	0.1098309	-1.484889	0	0	0	
16.316	24	19	49	56	2	-1475.195	-18.13486	39.55409	-0.09434664	0.1098767	-1.485013	0	0	0	
16.336	24	19	49	57	2	-1475.083	-18.24385	39.62212	-0.09438632	0.1099001	-1.485113	0	0	0	
16.364	24	19	49	57	2	-1474.926	-18.39693	39.71698	-0.09445117	0.1098956	-1.485253	0	0	0	
16.372	24	19	49	57	2	-1474.881	-18.44077	39.744	-0.09446634	0.1098894	-1.485293	0	0	0	
16.396	24	19	49	57	2	-1474.745	-18.57257	39.82484	-0.09450342	0.1098451	-1.485412	0	0	0	
16.42	24	19	49	57	2	-1474.609	-18.70478	39.90536	-0.09452021	0.1097893	-1.485528	0	0	0	
16.44	24	19	49	57	2	-1474.495	-18.81528	39.97221	-0.09451293	0.1097796	-1.48563	0	0	0	
16.456	24	19	49	57	2	-1474.404	-18.90389	40.02553	-0.09449306	0.1098005	-1.485712	0	0	0	
16.48	24	19	49	57	2	-1474.267	-19.03714	40.10523	-0.0944622	0.1098459	-1.485833	0	0	0	
16.516	24	19	49	57	2	-1474.06	-19.2378	40.22417	-0.09443707	0.1097723	-1.485994	0	0	0	
16.548	24	19	49	57	2	-1473.876	-19.41694	40.32927	-0.09443562	0.109605	-1.486134	0	0	0	
16.572	24	19	49	57	2	-1473.737	-19.55178	40.40772	-0.09444348	0.1095002	-1.486248	0	0	0	
16.6	24	19	49	57	2	-1473.574	-19.70961	40.49882	-0.09447728	0.1094643	-1.486391	0	0	0	
16.628	24	19	49	57	2	-1473.411	-19.86801	40.58948	-0.09451316	0.1095003	-1.486541	0	0	0	
16.648	24	19	49	57	2	-1473.294	-19.98149	40.65396	-0.09453456	0.1095229	-1.486647	0	0	0	
16.672	24	19	49	57	2	-1473.177	-20.09526	40.71821	-0.09454831	0.1095364	-1.486766	0	0	0	
16.708	24	19	49	57	2	-1472.942	-20.32364	40.84601	-0.09455002	0.1095109	-1.486935	0	0	0	
16.748	24	19	49	57	2	-1472.73	-20.53016	40.96025	-0.09454681	0.109427	-1.487111	0	0	0	
16.776	24	19	49	57	2	-1472.54	-20.7145	41.06117	-0.09457008	0.1093474	-1.487235	0	0	0	
16.812	24	19	49	57	2	-1472.325	-20.92274	41.17399	-0.09461056	0.1092755	-1.487402	0	0	0	
16.84	24	19	49	57	2	-1472.182	-21.06208	41.24879	-0.09464125	0.1092629	-1.487541	0	0	0	
16.864	24	19	49	58	2	-1472.038	-21.20183	41.32325	-0.09467326	0.1092464	-1.487663	0	0	0	
16.9	24	19	49	58	2	-1471.797	-21.43564	41.44662	-0.09470341	0.1092108	-1.487839	0	0	0	
16.944	24	19	49	58	2	-1471.531	-21.69412	41.58125	-0.09467426	0.1091715	-1.488042	0	0	0	
16.98	24	19	49	58	2	-1471.312	-21.90662	41.69057	-0.09459943	0.1091062	-1.488202	0	0	0	
17.004	24	19	49	58	2	-1471.165	-22.04879	41.76304	-0.09455053	0.109054	-1.48831	0	0	0	
17.036	24	19	49	58	2	-1470.969	-22.23897	41.85913	-0.09450227	0.1090477	-1.488488	0	0	0	
17.064	24	19	49	58	2	-1470.822	-22.38207	41.93081	-0.09449357	0.1090561	-1.488611	0	0	0	
17.1	24	19	49	58	2	-1470.575	-22.62147	42.04953	-0.09453402	0.1089485	-1.488783	0	0	0	
17.136	24	19	49	58	2	-1470.352	-22.83787	42.15559	-0.09461527	0.108814	-1.488951	0	0	0	
17.156	24	19	49	58	2	-1470.228	-22.95848	42.21418	-0.09466024	0.1087601	-1.489044	0	0	0	
17.176	24	19	49	58	2	-1470.103	-23.07937	42.27255	-0.09469341	0.1087432	-1.489138	0	0	0	
17.196	24	19	49	58	2	-1469.978	-23.20054	42.33067	-0.0947088	0.1087789	-1.489259	0	0	0	
17.22	24	19	49	58	2	-1469.828	-23.3463	42.40012	-0.09470835	0.1088142	-1.489362	0	0	0	
17.244	24	19	49	58	2	-1469.678	-23.49246	42.46923	-0.09469621	0.1088013	-1.489479	0	0	0	
17.272	24	19	49	58	2	-1469.501	-23.66348	42.54943	-0.09467627	0.1087088	-1.489611	0	0	0	
17.296	24	19	49	58	2	-1469.35	-23.81049	42.61781	-0.09465964	0.1086458	-1.489726	0	0	0	
17.316	24	19	49	58	2	-1469.223	-23.93331	42.67454	-0.09463672	0.1086163	-1.489823	0	0	0	
17.336	24	19	49	58	2	-1469.096	-24.0564	42.73103	-0.09461144	0.1086012	-1.489922	0	0	0	
17.356	24	19	49	58	2	-1468.969	-24.17976	42.78729	-0.09457637	0.1085823	-1.490041	0	0	0	
17.376	24	19	49	58	2	-1468.842	-24.3034	42.84332	-0.0945582	0.1085648	-1.490122	0	0	0	
17.396	24	19	49	59	2	-1468.739	-24.4025	42.88797	-0.09454236	0.1085357	-1.490224	0	0	0	
17.428	24	19	49	59	2	-1468.509	-24.62612	42.98789	-0.09453792	0.1084763	-1.490396	0	0	0	
17.464	24	19	49	59	2	-1468.277	-24.85063	43.08706	-0.09455928	0.1084171	-1.4906	0	0	0	
17.48	24	19	49	59	2	-1468.174	-24.95069	43.13089	-0.09457436	0.1083945	-1.49069	0	0	0	
17.508	24	19	49	59	2	-1467.993	-25.12622	43.20724	-0.09460213	0.1083508	-1.490845	0	0	0	
17.532	24	19	49	59	2	-1467.838	-25.27709	43.27232	-0.09461902	0.1082891	-1.490974	0	0	0	
17.568	24	19	49	59	2	-1467.604	-25.50413	43.36931	-0.09461491	0.1081618	-1.491194	0	0	0	
17.608	24	19	49	59	2	-1467.342	-25.75743	43.47621	-0.09459511	0.1080854	-1.491389	0	0	0	
17.652	24	19	49	59	2	-1467.054	-26.03729	43.59272	-0.0945477	0.1080107	-1.491616	0	0	0	
17.688	24	19	49	59	2	-1466.816	-26.26724	43.68722	-0.09452994	0.107967	-1.491796	0	0	0	
17.712	24	19	49	59	2	-1466.684	-26.39536	43.7394	-0.09453692	0.107926	-1.491916	0	0	0	
17.74	24	19	49	59	2	-1466.499	-26.57518	43.81206	-0.09454526	0.1078401	-1.492054	0	0	0	
17.772	24	19	49	59	2	-1466.286	-26.78133	43.89455	-0.09455509	0.1077295	-1.492209	0	0	0	
17.808	24	19	49	59	2	-1466.019	-27.03997	43.99684	-0.09455376	0.1076489	-1.492386	0	0	0	
17.836	24	19	49	59	2	-1465.832	-27.22166	44.0679	-0.0945236	0.1076596	-1.49253	0	0	0	
17.86	24	19	49	59	2	-1465.671	-27.3778	44.12845	-0.09448935	0.107662	-1.492652	0	0	0	
17.88	24	19	49	59	2	-1465.536	-27.50821	44.17866	-0.09446828	0.1076262	-1.492751	0	0	0	
17.912	24	19	49	59	2	-1465.32	-27.71742	44.25852	-0.09446446	0.1075622	-1.492917	0	0	0	
17.944	24	19	49	59	2	-1465.104	-27.9273	44.33779	-0.0944917	0.1074545	-1.493091	0	0	0	
17.968	24	19	49	59	2	-1464.941	-28.08516	44.39686	-0.09451447	0.107378	-1.493227	0	0	0	
17.992	24	19	50	0	2	-1464.777	-28.24339	44.45561	-0.09453587	0.1073341	-1.493368	0	0	0	
18.012	24	19	50	0	2	-1464.641	-28.37554	44.50431	-0.09454844	0.1073237	-1.493487	0	0	0	
18.04	24	19	50	0	2	-1464.45	-28.56099	44.57212	-0.09456397	0.1073116	-1.493657	0	0	0	
18.06	24	19	50	0	2	-1464.34	-28.6672	44.61066	-0.09457104	0.1072909	-1.493777	0	0	0	
18.076	24	19	50	0	2	-1464.203	-28.80019	44.65864	-0.09456948	0.1072425	-1.493891	0	0	0	
18.1	24	19	50	0	2	-1464.038	-28.96012	44.71592	-0.09455563	0.1071613	-1.493999	0	0	0	
18.128	24	19	50	0	2	-1463.845	-29.14718	44.78233	-0.09452343	0.1070285	-1.494146	0	0	0	
18.148	24	19	50	0	2	-1463.734	-29.2543	44.82009	-0.09450605	0.1069446	-1.494252	0	0	0	
18.168	24	19	50	0	2	-1463.595	-29.38843	44.86707	-0.09448423	0.1069176	-1.494362	0	0	0	
18.188	24	19	50	0	2	-1463.429	-29.54974	44.92316	-0.09446098	0.1069492	-1.494475	0	0	0	
18.216	24	19	50	0	2	-1463.262	-29.71142	44.97893	-0.09443318	0.1070279	-1.494639	0	0	0	
18.248	24	19	50	0	2	-1463.011	-29.95465	45.06198	-0.09439896	0.1070325	-1.49482	0	0	0	
18.284	24	19	50	0	2	-1462.759	-30.1987	45.14431	-0.09436252	0.1068497	-1.494998	0	0	0	
18.308	24	19	50	0	2	-1462.59	-30.36187	45.19879	-0.0943398	0.1067039	-1.49511	0	0	0	
18.332	24	19	50	0	2	-1462.421	-30.52541	45.25296	-0.09431147	0.1065955	-1.495227	0	0	0	
18.36	24	19	50	0	2	-1462.224	-30.71668	45.31576	-0.09430407	0.106558	-1.495374	0	0	0	
18.376	24	19	50	0	2	-1462.111	-30.82621	45.35145	-0.09431109	0.1065747	-1.495463	0	0	0	
18.4	24	19	50	0	2	-1461.941	-30.9908	45.40471	-0.09432974	0.1066339	-1.495602	0	0	0	
18.436	24	19	50	0	2	-1461.685	-31.23838	45.48402	-0.09436826	0.1065739	-1.495803	0	0	0	
18.468	24	19	50	0	2	-1461.485	-31.43151	45.54522	-0.0943926	0.1064018	-1.495976	0	0	0	
18.488	24	19	50	1	2	-1461.343	-31.56977	45.58867	-0.09440054	0.1063297	-1.496087	0	0	0	
18.524	24	19	50	1	2	-1461.085	-31.81928	45.66632	-0.09436121	0.106258	-1.496284	0	0	0	
18.56	24	19	50	1	2	-1460.826	-32.06961	45.74328	-0.0942624	0.1061832	-1.496484	0	0	0	
18.584	24	19	50	1	2	-1460.624	-32.26488	45.80266	-0.09418872	0.1061031	-1.496619	0	0	0	
18.596	24	19	50	1	2	-1460.538	-32.34872	45.82798	-0.09415454	0.1060477	-1.496685	0	0	0	
18.62	24	19	50	1	2	-1460.364	-32.51668	45.87838	-0.09409664	0.1059212	-1.49682	0	0	0	
18.64	24	19	50	1	2	-1460.219	-32.65691	45.92015	-0.0940615	0.1058232	-1.496936	0	0	0	
18.664	24	19	50	1	2	-1460.074	-32.7974	45.9617	-0.09404621	0.1057674	-1.497084	0	0	0	
18.684	24	19	50	1	2	-1459.9	-32.96633	46.01129	-0.09406046	0.1057819	-1.497218	0	0	0	
18.704	24	19	50	1	2	-1459.754	-33.10737	46.05237	-0.0941013	0.1058106	-1.497355	0	0	0	
18.728	24	19	50	1	2	-1459.578	-33.27696	46.10139	-0.09416454	0.1058011	-1.497511	0	0	0	
18.744	24	19	50	1	2	-1459.461	-33.39021	46.1339	-0.09420101	0.1057705	-1.497613	0	0	0	
18.768	24	19	50	1	2	-1459.285	-33.5604	46.18242	-0.09423593	0.1057161	-1.49776	0	0	0	
18.784	24	19	50	1	2	-1459.168	-33.67406	46.21459	-0.09424091	0.105698	-1.497859	0	0	0	
18.808	24	19	50	1	2	-1458.991	-33.84485	46.26259	-0.09422844	0.1057146	-1.498009	0	0	0	
18.828	24	19	50	1	2	-1458.844	-33.98745	46.30237	-0.09420114	0.1057053	-1.498131	0	0	0	
18.848	24	19	50	1	2	-1458.696	-34.13029	46.34193	-0.09416673	0.1056367	-1.498246	0	0	0	
18.872	24	19	50	1	2	-1458.519	-34.30204	46.38913	-0.09411591	0.1055043	-1.49838	0	0	0	
18.892	24	19	50	1	2	-1458.37	-34.44543	46.42824	-0.09406948	0.1053919	-1.498494	0	0	0	
18.916	24	19	50	1	2	-1458.192	-34.61783	46.47489	-0.09400697	0.1053283	-1.498637	0	0	0	
18.94	24	19	50	2	2	-1458.014	-34.7906	46.52125	-0.09395168	0.1053368	-1.498785	0	0	0	
18.972	24	19	50	2	2	-1457.775	-35.0215	46.58259	-0.09390357	0.1053898	-1.498987	0	0	0	
19.004	24	19	50	2	2	-1457.535	-35.25304	46.6434	-0.09389552	0.1052935	-1.499178	0	0	0	
19.024	24	19	50	2	2	-1457.385	-35.39806	46.68114	-0.09391222	0.1051548	-1.49929	0	0	0	
19.052	24	19	50	2	2	-1457.175	-35.60152	46.73364	-0.09394962	0.1049897	-1.49945	0	0	0	
19.08	24	19	50	2	2	-1456.964	-35.80546	46.78573	-0.09398128	0.1048512	-1.499616	0	0	0	
19.108	24	19	50	2	2	-1456.753	-36.00988	46.83742	-0.09399717	0.1048278	-1.499796	0	0	0	
19.132	24	19	50	2	2	-1456.571	-36.18548	46.88142	-0.09397336	0.1048386	-1.499949	0	0	0	
19.136	24	19	50	2	2	-1456.298	-36.44954	46.94687	-0.09389439	0.1047421	-1.500184	0	0	0	
19.136	24	19	50	2	2	-1456.115	-36.62602	46.99014	-0.09383791	0.1046625	-1.500299	0	0	0	
19.136	24	19	50	2	2	-1455.902	-36.83235	47.04027	-0.09375693	0.104582	-1.500494	0	0	0	
19.136	24	19	50	2	2	-1455.596	-37.12794	47.11119	-0.09372239	0.1044799	-1.500714	0	0	0	
19.136	24	19	50	2	2	-1455.35	-37.36511	47.16737	-0.09372941	0.1043217	-1.500897	0	0	0	
19.136	24	19	50	2	2	-1455.104	-37.6029	47.22303	-0.0937769	0.1042844	-1.501089	0	0	0	
19.136	24	19	50	2	2	-1454.827	-37.87116	47.28505	-0.09384026	0.1043586	-1.501317	0	0	0	
19.136	24	19	50	2	2	-1454.61	-38.08034	47.33285	-0.09384889	0.1043306	-1.501481	0	0	0	
19.136	24	19	50	2	2	-1454.362	-38.31999	47.38701	-0.0938418	0.1042187	-1.501661	0	0	0	
19.136	24	19	50	2	2	-1454.176	-38.50012	47.42731	-0.09383782	0.1041778	-1.501827	0	0	0	
19.136	24	19	50	2	2	-1453.989	-38.6806	47.46732	-0.09382519	0.1041655	-1.501948	0	0	0	
19.136	24	19	50	2	2	-1453.739	-38.92178	47.52024	-0.09380717	0.1040733	-1.502142	0	0	0	
19.136	24	19	50	3	2	-1453.552	-39.10307	47.5596	-0.09377635	0.1039241	-1.502283	0	0	0	
19.136	24	19	50	3	2	-1453.363	-39.28469	47.59869	-0.09373036	0.1037726	-1.502423	0	0	0	
19.136	24	19	50	3	2	-1453.112	-39.5274	47.65039	-0.09366221	0.1036742	-1.502623	0	0	0	
19.136	24	19	50	3	2	-1452.86	-39.77072	47.7016	-0.093616	0.1036869	-1.502828	0	0	0	
19.136	24	19	50	3	2	-1452.608	-40.01464	47.75233	-0.09360752	0.1036847	-1.503033	0	0	0	
19.136	24	19	50	3	2	-1452.354	-40.25916	47.80258	-0.09360152	0.1035498	-1.503238	0	0	0	
19.136	24	19	50	3	2	-1452.132	-40.47362	47.84615	-0.09358734	0.1034119	-1.503422	0	0	0	
19.136	24	19	50	3	2	-1451.91	-40.68854	47.88936	-0.09356274	0.1033256	-1.503614	0	0	0	
19.136	24	19	50	3	2	-1451.655	-40.93473	47.9383	-0.09354305	0.1032505	-1.503836	0	0	0	
19.136	24	19	50	3	2	-1451.399	-41.18152	47.98677	-0.09353491	0.1032454	-1.50406	0	0	0	
19.136	24	19	50	3	2	-1451.143	-41.42891	48.03477	-0.09350341	0.1032704	-1.504287	0	0	0	
19.136	24	19	50	3	2	-1450.886	-41.6769	48.08231	-0.09343232	0.1031625	-1.504503	0	0	0	
19.136	24	19	50	3	2	-1450.693	-41.86328	48.11766	-0.09319911	0.102969	-1.504652	0	0	0	
19.136	24	19	50	3	2	-1450.467	-42.08114	48.15858	-0.09254288	0.1026921	-1.504811	0	0	0	
19.136	24	19	50	3	2	-1450.273	-42.26825	48.19338	-0.09183773	0.1025273	-1.504951	0	0	0	
19.136	24	19	50	3	2	-1450.079	-42.4557	48.22792	-0.09116439	0.1024824	-1.505103	0	0	0	
19.136	24	19	50	3	2	-1449.884	-42.64348	48.26222	-0.09000333	0.102464	-1.505273	0	0	0	
19.136	24	19	50	3	2	-1449.625	-42.89437	48.30755	-0.08785388	0.1023199	-1.505417	0	0	0	
19.136	24	19	50	3	2	-1449.299	-43.20881	48.36359	-0.08276169	0.1017576	-1.505603	0	0	0	
19.136	24	19	50	3	2	-1449.071	-43.42946	48.40241	-0.07928893	0.1013703	-1.505696	0	0	0	
19.136	24	19	50	4	2	-1448.842	-43.65057	48.4409	-0.07393405	0.1009217	-1.505822	0	0	0	
19.136	24	19	50	4	2	-1448.645	-43.84045	48.47363	-0.07003385	0.1007621	-1.505937	0	0	0	
19.136	24	19	50	4	2	-1448.383	-44.09414	48.51689	-0.06587498	0.1006854	-1.506087	0	0	0	
19.136	24	19	50	4	2	-1448.186	-44.2848	48.54905	-0.06217045	0.1004986	-1.506244	0	0	0	
19.136	24	19	50	4	2	-1447.858	-44.60328	48.60212	-0.05840376	0.1000413	-1.50646	0	0	0	
19.136	24	19	50	4	2	-1447.595	-44.85872	48.64409	-0.0563813	0.09977965	-1.506683	0	0	0	
19.136	24	19	50	4	2	-1447.298	-45.1468	48.69079	-0.0557291	0.09978117	-1.506966	0	0	0	
19.136	24	19	50	4	2	-1447.034	-45.40348	48.73185	-0.05513847	0.09964496	-1.507236	0	0	0	
19.136	24	19	50	4	2	-1446.704	-45.72514	48.78257	-0.05189269	0.09900706	-1.507471	0	0	0	
19.136	24	19	50	4	2	-1446.374	-46.04771	48.83262	-0.04691457	0.09853367	-1.507665	0	0	0	
19.136	24	19	50	4	2	-1446.109	-46.30642	48.87219	-0.04234477	0.098481	-1.507855	0	0	0	
19.136	24	19	50	4	2	-1445.911	-46.50084	48.90159	-0.03921691	0.09847153	-1.508002	0	0	0	
19.136	24	19	50	4	2	-1445.646	-46.76055	48.94042	-0.03513	0.09820024	-1.508196	0	0	0	
19.136	24	19	50	4	2	-1445.315	-47.08599	48.98836	-0.02964145	0.09761357	-1.508428	0	0	0	
19.136	24	19	50	4	2	-1444.984	-47.41234	49.03565	-0.02472793	0.09714932	-1.508678	0	0	0	
19.136	24	19	50	4	2	-1444.72	-47.67406	49.07302	-0.02230074	0.09698958	-1.508912	0	0	0	
19.136	24	19	50	4	2	-1444.521	-47.87072	49.10077	-0.02168763	0.09702442	-1.509119	0	0	0	
19.136	24	19	50	4	2	-1444.29	-48.10057	49.13285	-0.0216019	0.09700918	-1.509373	0	0	0	
19.136	24	19	50	4	2	-1443.992	-48.39672	49.17363	-0.02109045	0.09669933	-1.509683	0	0	0	
19.136	24	19	50	4	2	-1443.76	-48.62755	49.20498	-0.01952874	0.09634936	-1.509935	0	0	0	
19.136	24	19	50	5	2	-1443.496	-48.89189	49.24043	-0.01709278	0.0961567	-1.510141	0	0	0	
19.136	24	19	50	5	2	-1443.331	-49.05739	49.26237	-0.01467145	0.09607159	-1.510278	0	0	0	
19.136	24	19	50	5	2	-1443.133	-49.25628	49.2885	-0.01159437	0.09601345	-1.510442	0	0	0	
19.136	24	19	50	5	2	-1442.902	-49.48872	49.31869	-0.008037709	0.09587567	-1.510636	0	0	0	
19.136	24	19	50	5	2	-1442.704	-49.68829	49.34432	-0.005084039	0.09563529	-1.5108	0	0	0	
19.136	24	19	50	5	2	-1442.473	-49.92152	49.37393	-0.001693736	0.09524388	-1.510993	0	0	0	
19.136	24	19	50	5	2	-1442.276	-50.12178	49.39906	0.0008758689	0.09497677	-1.511166	0	0	0	
19.136	24	19	50	5	2	-1442.013	-50.38927	49.43221	0.003621747	0.09482468	-1.511407	0	0	0	
19.136	24	19	50	5	2	-1441.98	-50.42275	49.43633	0.004149008	0.09480078	-1.511471	0	0	0	
19.136	24	19	50	5	2	-1441.98	-50.42275	49.43633	0.004149008	0.09480078	-1.511471	0	0	0	
19.136	24	19	50	5	2	-1441.98	-50.42275	49.43633	0.004149008	0.09480078	-1.511471	0	0	0	
19.136	24	19	50	5	2	-1441.98	-50.42275	49.43633	0.004149008	0.09480078	-1.511471	0	0	0	
19.136	24	19	50	5	2	-1441.98	-50.42275	49.43633	0.004149008	0.09480078	-1.511471	0	0	0	
19.136	24	19	50	5	2	-1441.98	-50.42275	49.43633	0.004149008	0.09480078	-1.511471	0	0	0	
19.136	24	19	50	5	2	-1441.98	-50.42275	49.43633	0.004149008	0.09480078	-1.511471	0	0	0	
19.136	24	19	50	5	2	-1441.98	-50.42275	49.43633	0.004149008	0.09480078	-1.511471	0	0	0	
19.136	24	19	50	5	2	-1441.98	-50.42275	49.43633	0.004149008	0.09480078	-1.511471	0	0	0	
19.136	24	19	50	5	2	-1441.98	-50.42275	49.43633	0.004149008	0.09480078	-1.511471	0	0	0	
19.136	24	19	50	5	2	-1441.98	-50.42275	49.43633	0.004149008	0.09480078	-1.511471	0	0	0	
19.136	24	19	50	5	2	-1441.98	-50.42275	49.43633	0.004149008	0.09480078	-1.511471	0	0	0	
19.136	24	19	50	6	2	-1441.98	-50.42275	49.43633	0.004149008	0.09480078	-1.511471	0	0	0	
19.136	24	19	50	6	2	-1441.98	-50.42275	49.43633	0.004149008	0.09480078	-1.511471	0	0	0	
19.136	24	19	50	6	2	-1441.98	-50.42275	49.43633	0.004149008	0.09480078	-1.511471	0	0	0	
19.136	24	19	50	6	2	-1441.98	-50.42275	49.43633	0.004149008	0.09480078	-1.511471	0	0	0	
19.136	24	19	50	6	2	-1441.98	-50.42275	49.43633	0.004149008	0.09480078	-1.511471	0	0	0	
19.136	24	19	50	6	2	-1441.98	-50.42275	49.43633	0.004149008	0.09480078	-1.511471	0	0	0	
19.136	24	19	50	6	2	-1441.98	-50.42275	49.43633	0.004149008	0.09480078	-1.511471	0	0	0	
19.136	24	19	50	6	2	-1441.98	-50.42275	49.43633	0.004149008	0.09480078	-1.511471	0	0	0	
19.136	24	19	50	6	2	-1441.98	-50.42275	49.43633	0.004149008	0.09480078	-1.511471	0	0	0	
19.136	24	19	50	6	2	-1441.98	-50.42275	49.43633	0.004149008	0.09480078	-1.511471	0	0	0	
19.136	24	19	50	6	2	-1441.98	-50.42275	49.43633	0.004149008	0.09480078	-1.511471	0	0	0	
19.136	24	19	50	6	2	-1441.98	-50.42275	49.43633	0.004149008	0.09480078	-1.511471	0	0	0	
19.136	24	19	50	6	2	-1441.98	-50.42275	49.43633	0.004149008	0.09480078	-1.511471	0	0	0	
19.136	24	19	50	6	2	-1441.98	-50.42275	49.43633	0.004149008	0.09480078	-1.511471	0	0	0	
19.136	24	19	50	6	2	-1441.98	-50.42275	49.43633	0.004149008	0.09480078	-1.511471	0	0	0	
19.136	24	19	50	6	2	-1441.98	-50.42275	49.43633	0.004149008	0.09480078	-1.511471	0	0	0	
19.136	24	19	50	6	2	-1441.98	-50.42275	49.43633	0.004149008	0.09480078	-1.511471	0	0	0	
19.136	24	19	50	6	2	-1441.98	-50.42275	49.43633	0.004149008	0.09480078	-1.511471	0	0	0	
19.136	24	19	50	6	2	-1441.98	-50.42275	49.43633	0.004149008	0.09480078	-1.511471	0	0	0	
19.136	24	19	50	6	2	-1441.98	-50.42275	49.43633	0.004149008	0.09480078	-1.511471	0	0	0	
19.136	24	19	50	7	2	-1441.98	-50.42275	49.43633	0.004149008	0.09480078	-1.511471	0	0	0	
19.136	24	19	50	7	2	-1441.98	-50.42275	49.43633	0.004149008	0.09480078	-1.511471	0	0	0	
19.136	24	19	50	7	2	-1441.98	-50.42275	49.43633	0.004149008	0.09480078	-1.511471	0	0	0	
19.136	24	19	50	7	2	-1441.98	-50.42275	49.43633	0.004149008	0.09480078	-1.511471	0	0	0	
19.136	24	19	50	7	2	-1441.98	-50.42275	49.43633	0.004149008	0.09480078	-1.511471	0	0	0	
19.136	24	19	50	7	2	-1441.98	-50.42275	49.43633	0.004149008	0.09480078	-1.511471	0	0	0	
19.136	24	19	50	7	2	-1441.98	-50.42275	49.43633	0.004149008	0.09480078	-1.511471	0	0	0	
19.136	24	19	50	7	2	-1441.98	-50.42275	49.43633	0.004149008	0.09480078	-1.511471	0	0	0	
19.136	24	19	50	7	2	-1441.98	-50.42275	49.43633	0.004149008	0.09480078	-1.511471	0	0	0	
19.136	24	19	50	7	2	-1441.98	-50.42275	49.43633	0.004149008	0.09480078	-1.511471	0	0	0	
19.136	24	19	50	7	2	-1441.98	-50.42275	49.43633	0.004149008	0.09480078	-1.511471	0	0	0	
19.136	24	19	50	7	2	-1441.98	-50.42275	49.43633	0.004149008	0.09480078	-1.511471	0	0	0	
19.136	24	19	50	7	2	-1441.98	-50.42275	49.43633	0.004149008	0.09480078	-1.511471	0	0	0	
19.136	24	19	50	7	2	-1441.98	-50.42275	49.43633	0.004149008	0.09480078	-1.511471	0	0	0	
19.136	24	19	50	7	2	-1441.98	-50.42275	49.43633	0.004149008	0.09480078	-1.511471	0	0	0	
19.136	24	19	50	7	2	-1441.98	-50.42275	49.43633	0.004149008	0.09480078	-1.511471	0	0	0	
19.136	24	19	50	7	2	-1441.98	-50.42275	49.43633	0.004149008	0.09480078	-1.511471	0	0	0	
19.136	24	19	50	7	2	-1441.98	-50.42275	49.43633	0.004149008	0.09480078	-1.511471	0	0	0	
19.136	24	19	50	7	2	-1441.98	-50.42275	49.43633	0.004149008	0.09480078	-1.511471	0	0	0	
19.136	24	19	50	7	2	-1441.98	-50.42275	49.43633	0.004149008	0.09480078	-1.511471	0	0	0	
19.136	24	19	50	8	2	-1441.98	-50.42275	49.43633	0.004149008	0.09480078	-1.511471	0	0	0	
19.136	24	19	50	8	2	-1441.98	-50.42275	49.43633	0.004149008	0.09480078	-1.511471	0	0	0	
19.136	24	19	50	8	2	-1441.98	-50.42275	49.43633	0.004149008	0.09480078	-1.511471	0	0	0	
19.136	24	19	50	8	2	-1441.98	-50.42275	49.43633	0.004149008	0.09480078	-1.511471	0	0	0	
19.136	24	19	50	8	2	-1441.98	-50.42275	49.43633	0.004149008	0.09480078	-1.511471	0	0	0	
19.136	24	19	50	8	2	-1441.98	-50.42275	49.43633	0.004149008	0.09480078	-1.511471	0	0	0	
19.136	24	19	50	8	2	-1441.98	-50.42275	49.43633	0.004149008	0.09480078	-1.511471	0	0	0	
19.136	24	19	50	8	2	-1441.98	-50.42275	49.43633	0.004149008	0.09480078	-1.511471	0	0	0	
19.136	24	19	50	8	2	-1441.98	-50.42275	49.43633	0.004149008	0.09480078	-1.511471	0	0	0	
19.136	24	19	50	8	2	-1441.98	-50.42275	49.43633	0.004149008	0.09480078	-1.511471	0	0	0	
19.136	24	19	50	8	2	-1441.98	-50.42275	49.43633	0.004149008	0.09480078	-1.511471	0	0	0	
19.136	24	19	50	8	2	-1441.98	-50.42275	49.43633	0.004149008	0.09480078	-1.511471	0	0	0	
19.136	24	19	50	8	2	-1441.98	-50.42275	49.43633	0.004149008	0.09480078	-1.511471	0	0	0	
19.136	24	19	50	8	2	-1441.98	-50.42275	49.43633	0.004149008	0.09480078	-1.511471	0	0	0	
19.136	24	19	50	8	2	-1441.98	-50.42275	49.43633	0.004149008	0.09480078	-1.511471	0	0	0	
19.136	24	19	50	8	2	-1441.98	-50.42275	49.43633	0.004149008	0.09480078	-1.511471	0	0	0	
19.136	24	19	50	8	2	-1441.98	-50.42275	49.43633	0.004149008	0.09480078	-1.511471	0	0	0	
19.136	24	19	50	8	2	-1441.98	-50.42275	49.43633	0.004149008	0.09480078	-1.511471	0	0	0	
19.136	24	19	50	8	2	-1441.98	-50.42275	49.43633	0.004149008	0.09480078	-1.511471	0	0	0	
19.136	24	19	50	8	2	-1441.98	-50.42275	49.43633	0.004149008	0.09480078	-1.511471	0	0	0	
19.136	24	19	50	9	2	-1441.98	-50.42275	49.43633	0.004149008	0.09480078	-1.511471	0	0	0	
19.136	24	19	50	9	2	-1441.98	-50.42275	49.43633	0.004149008	0.09480078	-1.511471	0	0	0	
19.136	24	19	50	9	2	-1441.98	-50.42275	49.43633	0.004149008	0.09480078	-1.511471	0	0	0	
19.136	24	19	50	9	2	-1441.98	-50.42275	49.43633	0.004149008	0.09480078	-1.511471	0	0	0	
19.136	24	19	50	9	2	-1441.98	-50.42275	49.43633	0.004149008	0.09480078	-1.511471	0	0	0	
19.136	24	19	50	9	2	-1441.98	-50.42275	49.43633	0.004149008	0.09480078	-1.511471	0	0	0	
19.136	24	19	50	9	2	-1441.98	-50.42275	49.43633	0.004149008	0.09480078	-1.511471	0	0	0	
19.136	24	19	50	9	2	-1441.98	-50.42275	49.43633	0.004149008	0.09480078	-1.511471	0	0	0	
19.136	24	19	50	9	2	-1441.98	-50.42275	49.43633	0.004149008	0.09480078	-1.511471	0	0	0	
19.136	24	19	50	9	2	-1441.98	-50.42275	49.43633	0.004149008	0.09480078	-1.511471	0	0	0	
19.136	24	19	50	9	2	-1441.98	-50.42275	49.43633	0.004149008	0.09480078	-1.511471	0	0	0	
19.136	24	19	50	9	2	-1441.98	-50.42275	49.43633	0.004149008	0.09480078	-1.511471	0	0	0	
19.136	24	19	50	9	2	-1441.98	-50.42275	49.43633	0.004149008	0.09480078	-1.511471	0	0	0	
19.136	24	19	50	9	2	-1441.98	-50.42275	49.43633	0.004149008	0.09480078	-1.511471	0	0	0	
19.136	24	19	50	9	2	-1441.98	-50.42275	49.43633	0.004149008	0.09480078	-1.511471	0	0	0	
19.136	24	19	50	9	2	-1441.98	-50.42275	49.43633	0.004149008	0.09480078	-1.511471	0	0	0	
19.136	24	19	50	9	2	-1441.98	-50.42275	49.43633	0.004149008	0.09480078	-1.511471	0	0	0	
19.136	24	19	50	9	2	-1441.98	-50.42275	49.43633	0.004149008	0.09480078	-1.511471	0	0	0	
19.136	24	19	50	9	2	-1441.98	-50.42275	49.43633	0.004149008	0.09480078	-1.511471	0	0	0	
19.136	24	19	50	9	2	-1441.98	-50.42275	49.43633	0.004149008	0.09480078	-1.511471	0	0	0	
19.136	24	19	50	10	2	-1441.98	-50.42275	49.43633	0.004149008	0.09480078	-1.511471	0	0	0	
19.136	24	19	50	10	2	-1441.98	-50.42275	49.43633	0.004149008	0.09480078	-1.511471	0	0	0	
19.136	24	19	50	10	2	-1441.98	-50.42275	49.43633	0.004149008	0.09480078	-1.511471	0	0	0	
19.136	24	19	50	10	2	-1441.98	-50.42275	49.43633	0.004149008	0.09480078	-1.511471	0	0	0	
19.136	24	19	50	10	2	-1441.98	-50.42275	49.43633	0.004149008	0.09480078	-1.511471	0	0	0	
19.136	24	19	50	10	2	-1441.98	-50.42275	49.43633	0.004149008	0.09480078	-1.511471	0	0	0	
19.136	24	19	50	10	2	-1441.98	-50.42275	49.43633	0.004149008	0.09480078	-1.511471	0	0	0	
19.136	24	19	50	10	2	-1441.98	-50.42275	49.43633	0.004149008	0.09480078	-1.511471	0	0	0	
19.136	24	19	50	10	2	-1441.98	-50.42275	49.43633	0.004149008	0.09480078	-1.511471	0	0	0	
19.136	24	19	50	10	2	-1441.98	-50.42275	49.43633	0.004149008	0.09480078	-1.511471	0	0	0	
19.136	24	19	50	10	2	-1441.98	-50.42275	49.43633	0.004149008	0.09480078	-1.511471	0	0	0	
19.136	24	19	50	10	2	-1441.98	-50.42275	49.43633	0.004149008	0.09480078	-1.511471	0	0	0	
19.136	24	19	50	10	2	-1441.98	-50.42275	49.43633	0.004149008	0.09480078	-1.511471	0	0	0	
19.136	24	19	50	10	2	-1441.98	-50.42275	49.43633	0.004149008	0.09480078	-1.511471	0	0	0	
19.136	24	19	50	10	2	-1441.98	-50.42275	49.43633	0.004149008	0.09480078	-1.511471	0	0	0	
19.136	24	19	50	10	2	-1441.98	-50.42275	49.43633	0.004149008	0.09480078	-1.511471	0	0	0	
19.136	24	19	50	10	2	-1441.98	-50.42275	49.43633	0.004149008	0.09480078	-1.511471	0	0	0	
19.136	24	19	50	10	2	-1441.98	-50.42275	49.43633	0.004149008	0.09480078	-1.511471	0	0	0	
19.136	24	19	50	10	2	-1441.98	-50.42275	49.43633	0.004149008	0.09480078	-1.511471	0	0	0	
19.136	24	19	50	10	2	-1441.98	-50.42275	49.43633	0.004149008	0.09480078	-1.511471	0	0	0	
19.136	24	19	50	11	2	-1441.98	-50.42275	49.43633	0.004149008	0.09480078	-1.511471	0	0	0	
19.136	24	19	50	11	2	-1441.98	-50.42275	49.43633	0.004149008	0.09480078	-1.511471	0	0	0	
19.136	24	19	50	11	2	-1441.98	-50.42275	49.43633	0.004149008	0.09480078	-1.511471	0	0	0	
19.136	24	19	50	11	2	-1441.98	-50.42275	49.43633	0.004149008	0.09480078	-1.511471	0	0	0	
19.136	24	19	50	11	2	-1441.98	-50.42275	49.43633	0.004149008	0.09480078	-1.511471	0	0	0	
19.136	24	19	50	11	2	-1441.98	-50.42275	49.43633	0.004149008	0.09480078	-1.511471	0	0	0	
19.136	24	19	50	11	2	-1441.98	-50.42275	49.43633	0.004149008	0.09480078	-1.511471	0	0	0	
19.136	24	19	50	11	2	-1441.98	-50.42275	49.43633	0.004149008	0.09480078	-1.511471	0	0	0	
19.136	24	19	50	11	2	-1441.98	-50.42275	49.43633	0.004149008	0.09480078	-1.511471	0	0	0	
19.136	24	19	50	11	2	-1441.98	-50.42275	49.43633	0.004149008	0.09480078	-1.511471	0	0	0	
19.136	24	19	50	11	2	-1441.98	-50.42275	49.43633	0.004149008	0.09480078	-1.511471	0	0	0	
19.136	24	19	50	11	2	-1441.98	-50.42275	49.43633	0.004149008	0.09480078	-1.511471	0	0	0	
19.136	24	19	50	11	2	-1441.98	-50.42275	49.43633	0.004149008	0.09480078	-1.511471	0	0	0	
19.136	24	19	50	11	2	-1441.98	-50.42275	49.43633	0.004149008	0.09480078	-1.511471	0	0	0	
19.136	24	19	50	11	2	-1441.98	-50.42275	49.43633	0.004149008	0.09480078	-1.511471	0	0	0	
19.136	24	19	50	11	2	-1441.98	-50.42275	49.43633	0.004149008	0.09480078	-1.511471	0	0	0	
19.136	24	19	50	11	2	-1441.98	-50.42275	49.43633	0.004149008	0.09480078	-1.511471	0	0	0	
19.136	24	19	50	11	2	-1441.98	-50.42275	49.43633	0.004149008	0.09480078	-1.511471	0	0	0	
19.136	24	19	50	11	2	-1441.98	-50.42275	49.43633	0.004149008	0.09480078	-1.511471	0	0	0	
19.136	24	19	50	11	2	-1441.98	-50.42275	49.43633	0.004149008	0.09480078	-1.511471	0	0	0	
19.136	24	19	50	12	2	-1441.98	-50.42275	49.43633	0.004149008	0.09480078	-1.511471	0	0	0	
19.136	24	19	50	12	2	-1441.98	-50.42275	49.43633	0.004149008	0.09480078	-1.511471	0	0	0	
19.136	24	19	50	12	2	-1441.98	-50.42275	49.43633	0.004149008	0.09480078	-1.511471	0	0	0	
19.136	24	19	50	12	2	-1441.98	-50.42275	49.43633	0.004149008	0.09480078	-1.511471	0	0	0	
19.136	24	19	50	12	2	-1441.98	-50.42275	49.43633	0.004149008	0.09480078	-1.511471	0	0	0	
19.136	24	19	50	12	2	-1441.98	-50.42275	49.43633	0.004149008	0.09480078	-1.511471	0	0	0	
19.136	24	19	50	12	2	-1441.98	-50.42275	49.43633	0.004149008	0.09480078	-1.511471	0	0	0	
19.136	24	19	50	12	2	-1441.98	-50.42275	49.43633	0.004149008	0.09480078	-1.511471	0	0	0	
19.136	24	19	50	12	2	-1441.98	-50.42275	49.43633	0.004149008	0.09480078	-1.511471	0	0	0	
19.136	24	19	50	12	2	-1441.98	-50.42275	49.43633	0.004149008	0.09480078	-1.511471	0	0	0	
19.136	24	19	50	12	2	-1441.98	-50.42275	49.43633	0.004149008	0.09480078	-1.511471	0	0	0	
19.136	24	19	50	12	2	-1441.98	-50.42275	49.43633	0.004149008	0.09480078	-1.511471	0	0	0	
19.136	24	19	50	12	2	-1441.98	-50.42275	49.43633	0.004149008	0.09480078	-1.511471	0	0	0	
19.136	24	19	50	12	2	-1441.98	-50.42275	49.43633	0.004149008	0.09480078	-1.511471	0	0	0	
19.136	24	19	50	12	2	-1441.98	-50.42275	49.43633	0.004149008	0.09480078	-1.511471	0	0	0	
19.136	24	19	50	12	2	-1441.98	-50.42275	49.43633	0.004149008	0.09480078	-1.511471	0	0	0	
19.136	24	19	50	12	2	-1441.98	-50.42275	49.43633	0.004149008	0.09480078	-1.511471	0	0	0	
19.136	24	19	50	12	2	-1441.98	-50.42275	49.43633	0.004149008	0.09480078	-1.511471	0	0	0	
19.136	24	19	50	12	2	-1441.98	-50.42275	49.43633	0.004149008	0.09480078	-1.511471	0	0	0	
19.136	24	19	50	12	2	-1441.98	-50.42275	49.43633	0.004149008	0.09480078	-1.511471	0	0	0	
19.136	24	19	50	13	2	-1441.98	-50.42275	49.43633	0.004149008	0.09480078	-1.511471	0	0	0	
19.136	24	19	50	13	2	-1441.98	-50.42275	49.43633	0.004149008	0.09480078	-1.511471	0	0	0	
19.136	24	19	50	13	2	-1441.98	-50.42275	49.43633	0.004149008	0.09480078	-1.511471	0	0	0	
19.136	24	19	50	13	2	-1441.98	-50.42275	49.43633	0.004149008	0.09480078	-1.511471	0	0	0	
19.136	24	19	50	13	2	-1441.98	-50.42275	49.43633	0.004149008	0.09480078	-1.511471	0	0	0	
19.136	24	19	50	13	2	-1441.98	-50.42275	49.43633	0.004149008	0.09480078	-1.511471	0	0	0	
19.136	24	19	50	13	2	-1441.98	-50.42275	49.43633	0.004149008	0.09480078	-1.511471	0	0	0	
19.136	24	19	50	13	2	-1441.98	-50.42275	49.43633	0.004149008	0.09480078	-1.511471	0	0	0	
19.136	24	19	50	13	2	-1441.98	-50.42275	49.43633	0.004149008	0.09480078	-1.511471	0	0	0	
19.136	24	19	50	13	2	-1441.98	-50.42275	49.43633	0.004149008	0.09480078	-1.511471	0	0	0	
19.136	24	19	50	13	2	-1441.98	-50.42275	49.43633	0.004149008	0.09480078	-1.511471	0	0	0	
19.136	24	19	50	13	2	-1441.98	-50.42275	49.43633	0.004149008	0.09480078	-1.511471	0	0	0	
19.136	24	19	50	13	2	-1441.98	-50.42275	49.43633	0.004149008	0.09480078	-1.511471	0	0	0	
19.136	24	19	50	13	2	-1441.98	-50.42275	49.43633	0.004149008	0.09480078	-1.511471	0	0	0	
19.136	24	19	50	13	2	-1441.98	-50.42275	49.43633	0.004149008	0.09480078	-1.511471	0	0	0	
19.136	24	19	50	13	2	-1441.98	-50.42275	49.43633	0.004149008	0.09480078	-1.511471	0	0	0	
19.136	24	19	50	13	2	-1441.98	-50.42275	49.43633	0.004149008	0.09480078	-1.511471	0	0	0	
19.136	24	19	50	13	2	-1441.98	-50.42275	49.43633	0.004149008	0.09480078	-1.511471	0	0	0	
19.136	24	19	50	13	2	-1441.98	-50.42275	49.43633	0.004149008	0.09480078	-1.511471	0	0	0	
19.136	24	19	50	13	2	-1441.98	-50.42275	49.43633	0.004149008	0.09480078	-1.511471	0	0	0	
19.136	24	19	50	14	2	-1441.98	-50.42275	49.43633	0.004149008	0.09480078	-1.511471	0	0	0	
19.136	24	19	50	14	2	-1441.98	-50.42275	49.43633	0.004149008	0.09480078	-1.511471	0	0	0	
19.136	24	19	50	14	2	-1441.98	-50.42275	49.43633	0.004149008	0.09480078	-1.511471	0	0	0	
