time	day	hour	min	sec	control_state	uav_pos_x	uav_pos_y	uav_pos_z	uav_roll	uav_pitch	uav_yaw	uav_vel_x	uav_vel_y	uav_vel_z	
0	24	19	49	25	0	0	0	0	-8.996575e-10	0.0007966905	2.664622e-05	0	0	0	
0	24	19	49	25	1	-1506	1.551952e-06	4.2755	-9.442835e-10	0.0007966877	2.664623e-05	0	0	0	
0.032	24	19	49	25	1	-1506	1.551952e-06	4.2755	1.034072e-10	0.0007966671	2.664626e-05	0	0	0	
0.06	24	19	49	25	1	-1506	8.420873e-07	4.275688	2.539087e-05	0.0003592955	2.638876e-05	0	0	0	
0.072	24	19	49	25	1	-1506	-2.929227e-06	4.276089	0.0001553495	1.549826e-05	2.553664e-05	0	0	0	
0.096	24	19	49	25	1	-1506	-1.194901e-05	4.277703	0.0004331218	1.30212e-05	2.387811e-05	0	0	0	
0.116	24	19	49	25	1	-1506	-2.194603e-05	4.27941	0.000776225	0.0008317477	2.00934e-05	0	0	0	
0.132	24	19	49	25	1	-1506	-3.845224e-05	4.282266	0.001155827	0.001644175	1.308991e-05	0	0	0	
0.152	24	19	49	25	1	-1506	-5.923794e-05	4.285928	0.001426045	0.001821629	8.117256e-06	0	0	0	
0.18	24	19	49	25	1	-1506	-8.327573e-05	4.29241	0.001356483	0.001270951	2.104763e-06	0	0	0	
0.2	24	19	49	25	1	-1506	-9.27145e-05	4.298008	0.0007785076	0.0006855015	3.019313e-07	0	0	0	
0.232	24	19	49	26	1	-1506	-0.0001062346	4.307203	-0.0003381528	0.0001365152	-2.929561e-07	0	0	0	
0.26	24	19	49	26	1	-1505.999	-0.0001277213	4.319654	-0.001018414	0.001607574	4.638231e-06	0	0	0	
0.284	24	19	49	26	1	-1505.999	-0.0001507364	4.330353	-0.001127839	0.002594355	1.442328e-05	0	0	0	
0.316	24	19	49	26	1	-1505.999	-0.0001792485	4.346432	-0.000936468	0.002698531	2.753984e-05	0	0	0	
0.344	24	19	49	26	1	-1505.999	-0.0002011255	4.362197	-0.0005457199	0.002894006	4.003498e-05	0	0	0	
0.364	24	19	49	26	1	-1505.999	-0.0002229897	4.374425	6.664597e-05	0.002320459	4.837754e-05	0	0	0	
0.384	24	19	49	26	1	-1505.998	-0.000241716	4.38479	0.000718465	0.001996231	5.584897e-05	0	0	0	
0.408	24	19	49	26	1	-1505.998	-0.000267898	4.404175	0.001139067	0.002143832	6.648235e-05	0	0	0	
0.428	24	19	49	26	1	-1505.998	-0.0002840101	4.418992	0.001226496	0.00185188	7.068744e-05	0	0	0	
0.448	24	19	49	26	1	-1505.998	-0.0003009117	4.431427	0.001309015	0.001266105	6.833337e-05	0	0	0	
0.472	24	19	49	26	1	-1505.997	-0.0003362882	4.454431	0.001290598	0.0005180621	6.457888e-05	0	0	0	
0.492	24	19	49	26	1	-1505.997	-0.0003573291	4.468286	0.001083128	4.64853e-05	6.15848e-05	0	0	0	
0.52	24	19	49	26	1	-1505.997	-0.0004036453	4.497544	0.0005594959	0.000388841	5.905728e-05	0	0	0	
0.548	24	19	49	26	1	-1505.996	-0.0004384104	4.52083	3.17224e-06	0.000727213	5.95764e-05	0	0	0	
0.568	24	19	49	26	1	-1505.996	-0.0004709144	4.545254	-0.0005337145	0.0005819338	6.410943e-05	0	0	0	
0.592	24	19	49	26	1	-1505.996	-0.0005005567	4.570804	-0.001137646	-0.0001230282	7.459593e-05	0	0	0	
0.616	24	19	49	26	1	-1505.995	-0.0005278819	4.597467	-0.001551258	-0.0008264563	8.893036e-05	0	0	0	
0.64	24	19	49	26	1	-1505.995	-0.0005521803	4.625232	-0.001702236	-0.001120426	0.0001028927	0	0	0	
0.668	24	19	49	26	1	-1505.995	-0.0005783625	4.654084	-0.00130697	8.341948e-05	0.0001184839	0	0	0	
0.688	24	19	49	26	1	-1505.994	-0.0006006903	4.684009	-0.0008799738	0.001535985	0.0001258672	0	0	0	
0.708	24	19	49	27	1	-1505.994	-0.0006180051	4.709757	-0.0003333062	0.002611596	0.0001316394	0	0	0	
0.744	24	19	49	27	1	-1505.993	-0.0006416233	4.757936	0.0004876033	0.001231525	0.0001376326	0	0	0	
0.784	24	19	49	27	1	-1505.992	-0.0006679961	4.814199	0.001117056	-0.002093392	0.0001371667	0	0	0	
0.808	24	19	49	27	1	-1505.992	-0.0006875604	4.849311	0.001315095	-0.002068251	0.0001341856	0	0	0	
0.836	24	19	49	27	1	-1505.991	-0.000731266	4.891538	0.001882297	0.0001217634	0.0001272496	0	0	0	
0.86	24	19	49	27	1	-1505.991	-0.0007741011	4.928804	0.002107637	0.002229614	0.0001202579	0	0	0	
0.88	24	19	49	27	1	-1505.991	-0.0007991846	4.960603	0.001574504	0.003095786	0.0001090597	0	0	0	
0.9	24	19	49	27	1	-1505.99	-0.0008182547	4.993073	0.0005928304	0.002616774	9.394591e-05	0	0	0	
0.92	24	19	49	27	1	-1505.99	-0.0008392803	5.026204	-0.0005953329	0.0008329847	7.177002e-05	0	0	0	
0.952	24	19	49	27	1	-1505.989	-0.0008827299	5.08058	-0.001472935	-0.001043256	4.825639e-05	0	0	0	
0.984	24	19	49	27	1	-1505.988	-0.0009420282	5.136615	-0.001402449	-0.001240205	3.681482e-05	0	0	0	
1.012	24	19	49	27	1	-1505.988	-0.001007637	5.186983	-0.0004029067	-0.0007852537	4.213558e-05	0	0	0	
1.036	24	19	49	27	1	-1505.987	-0.001053945	5.231135	0.0002408786	-6.237311e-05	5.691633e-05	0	0	0	
1.06	24	19	49	27	1	-1505.987	-0.001085988	5.276181	0.0003577636	0.0004929235	7.399712e-05	0	0	0	
1.088	24	19	49	27	1	-1505.986	-0.001106291	5.32985	-0.0001665048	2.436284e-05	9.403404e-05	0	0	0	
1.112	24	19	49	27	1	-1505.985	-0.001126174	5.376801	-0.0004900672	-0.0008192783	0.0001118314	0	0	0	
1.136	24	19	49	27	1	-1505.985	-0.001146743	5.416585	-0.0005209573	-0.0004694636	0.000133671	0	0	0	
1.16	24	19	49	27	1	-1505.984	-0.001178911	5.473269	-0.0003303447	0.0003823677	0.0001546203	0	0	0	
1.188	24	19	49	27	1	-1505.984	-0.001207433	5.531088	-0.0001321211	0.001023317	0.000168278	0	0	0	
1.224	24	19	49	27	1	-1505.983	-0.001254401	5.60706	0.0005395576	0.002481909	0.0001862843	0	0	0	
1.26	24	19	49	28	1	-1505.982	-0.001325133	5.684836	0.001759582	0.002584156	0.0002083708	0	0	0	
1.292	24	19	49	28	1	-1505.981	-0.001390836	5.75545	0.002257153	0.001424986	0.000219677	0	0	0	
1.316	24	19	49	28	1	-1505.98	-0.001423428	5.800277	0.001701985	0.0004546269	0.0002287186	0	0	0	
1.34	24	19	49	28	1	-1505.98	-0.001461315	5.863914	0.0005697392	-0.0004015879	0.0002410754	0	0	0	
1.368	24	19	49	28	1	-1505.979	-0.001494994	5.92856	-0.00100241	-0.001043009	0.0002605789	0	0	0	
1.388	24	19	49	28	1	-1505.978	-0.00151396	5.975344	-0.002134059	-0.001471734	0.0002772388	0	0	0	
1.412	24	19	49	28	1	-1505.977	-0.00152299	6.032144	-0.003506091	-0.002104315	0.0003009953	0	0	0	
1.436	24	19	49	28	1	-1505.977	-0.001518321	6.080017	-0.004629905	-0.002916142	0.0003275304	0	0	0	
1.456	24	19	49	28	1	-1505.976	-0.001504864	6.138104	-0.005006464	-0.002940892	0.0003438971	0	0	0	
1.48	24	19	49	28	1	-1505.976	-0.001489984	6.187035	-0.004599852	-0.0008656819	0.0003484376	0	0	0	
1.5	24	19	49	28	1	-1505.975	-0.001468927	6.246373	-0.003547567	0.001985763	0.0003467375	0	0	0	
1.528	24	19	49	28	1	-1505.974	-0.001442447	6.306379	-0.001427482	0.004989	0.0003498125	0	0	0	
1.548	24	19	49	28	1	-1505.973	-0.001419967	6.367039	0.0005406242	0.005003577	0.000361271	0	0	0	
1.572	24	19	49	28	1	-1505.973	-0.001400914	6.428342	0.002865362	0.002888749	0.0003738148	0	0	0	
1.6	24	19	49	28	1	-1505.972	-0.001373025	6.500659	0.004594785	-0.001824876	0.0003796402	0	0	0	
1.612	24	19	49	28	1	-1505.971	-0.001357591	6.531912	0.004827126	-0.00366488	0.0003845395	0	0	0	
1.636	24	19	49	28	1	-1505.971	-0.001312979	6.594879	0.004046539	-0.005243561	0.0004119769	0	0	0	
1.66	24	19	49	28	1	-1505.97	-0.001254051	6.658452	0.001920991	-0.0033479	0.0004570628	0	0	0	
1.688	24	19	49	28	1	-1505.969	-0.001187629	6.733374	-0.00095438	-0.000139718	0.0005056323	0	0	0	
1.712	24	19	49	28	1	-1505.968	-0.001151235	6.787376	-0.002714004	0.001351111	0.0005401072	0	0	0	
1.736	24	19	49	29	1	-1505.968	-0.001120566	6.852703	-0.003458359	0.001399667	0.000573063	0	0	0	
1.76	24	19	49	29	1	-1505.967	-0.001083485	6.929627	-0.003560711	0.0009519296	0.0006007937	0	0	0	
1.784	24	19	49	29	1	-1505.966	-0.00103216	6.996158	-0.003525266	8.636816e-05	0.000626337	0	0	0	
1.804	24	19	49	29	1	-1505.965	-0.0009969042	7.040812	-0.002956503	-0.0004201874	0.0006449147	0	0	0	
1.828	24	19	49	29	1	-1505.965	-0.0009430584	7.108233	-0.001751218	8.186991e-05	0.0006644365	0	0	0	
1.844	24	19	49	29	1	-1505.964	-0.0008914423	7.164815	-0.0009056511	0.0007126393	0.0006779927	0	0	0	
1.864	24	19	49	29	1	-1505.963	-0.0008347556	7.221752	0.0003213776	0.001162272	0.0006979424	0	0	0	
1.88	24	19	49	29	1	-1505.963	-0.0007889286	7.267556	0.0009365064	0.0006465234	0.0007059114	0	0	0	
1.908	24	19	49	29	1	-1505.962	-0.0007250328	7.336677	0.002293239	-0.001916441	0.0007218997	0	0	0	
1.928	24	19	49	29	1	-1505.961	-0.0006645171	7.406288	0.003012659	-0.003678399	0.0007325105	0	0	0	
1.948	24	19	49	29	1	-1505.961	-0.0006286266	7.452962	0.003467133	-0.004908432	0.0007435143	0	0	0	
1.98	24	19	49	29	1	-1505.959	-0.0005555803	7.558738	0.003401947	-0.005000646	0.0007631456	0	0	0	
2.016	24	19	49	29	1	-1505.958	-0.0004764052	7.665552	0.001647396	-0.00208358	0.0007775714	0	0	0	
2.052	24	19	49	29	1	-1505.957	-0.000391954	7.773364	-0.001028484	0.0004301446	0.0007873091	0	0	0	
2.088	24	19	49	29	1	-1505.956	-0.0003242887	7.870013	-0.002914876	0.001660948	0.0007881275	0	0	0	
2.112	24	19	49	29	1	-1505.955	-0.0002755219	7.955195	-0.003122626	0.002095641	0.0007886983	0	0	0	
2.136	24	19	49	29	1	-1505.954	-0.0002439052	8.028654	-0.002346595	0.0004964633	0.0008050682	0	0	0	
2.168	24	19	49	29	1	-1505.953	-0.0002033409	8.114864	-0.0007194739	-0.002730557	0.0008311643	0	0	0	
2.192	24	19	49	29	1	-1505.953	-0.0001658937	8.189179	0.0006581737	-0.004567282	0.000839436	0	0	0	
2.216	24	19	49	29	1	-1505.952	-0.0001250248	8.276359	0.001992895	-0.004366974	0.0008455249	0	0	0	
2.24	24	19	49	30	1	-1505.951	-0.0001016425	8.351491	0.003324465	-0.001940924	0.0008542809	0	0	0	
2.272	24	19	49	30	1	-1505.95	-7.281095e-05	8.452232	0.004101146	0.001127107	0.000856478	0	0	0	
2.304	24	19	49	30	1	-1505.949	-3.83459e-05	8.540898	0.003074967	0.0007470106	0.0008324048	0	0	0	
2.336	24	19	49	30	1	-1505.948	-7.404039e-06	8.642804	0.001251434	-0.001320264	0.00080418	0	0	0	
2.364	24	19	49	30	1	-1505.947	2.572083e-05	8.7453	-0.0008308444	-0.002152207	0.0007916377	0	0	0	
2.384	24	19	49	30	1	-1505.946	5.337096e-05	8.809649	-0.002424635	-0.00198134	0.000780917	0	0	0	
2.404	24	19	49	30	1	-1505.945	8.176004e-05	8.874215	-0.003686954	-0.00186344	0.0007678222	0	0	0	
2.428	24	19	49	30	1	-1505.945	0.0001074979	8.93899	-0.004344196	-0.001926046	0.000750305	0	0	0	
2.452	24	19	49	30	1	-1505.944	0.0001310881	9.016989	-0.003845866	-0.002171413	0.00073725	0	0	0	
2.468	24	19	49	30	1	-1505.943	0.0001507427	9.082208	-0.003086347	-0.002378284	0.0007335748	0	0	0	
2.496	24	19	49	30	1	-1505.943	0.0001878885	9.160729	-0.001652551	-0.002503378	0.0007292881	0	0	0	
2.524	24	19	49	30	1	-1505.942	0.0002492978	9.265847	0.0001731543	-0.002188905	0.0007366777	0	0	0	
2.56	24	19	49	30	1	-1505.94	0.0003133304	9.384661	0.002156051	-0.002388934	0.0007611357	0	0	0	
2.58	24	19	49	30	1	-1505.94	0.0003429693	9.450917	0.003250026	-0.00245479	0.0007788006	0	0	0	
2.612	24	19	49	30	1	-1505.939	0.0003910683	9.557278	0.004004725	-0.002894296	0.0008067636	0	0	0	
2.644	24	19	49	30	1	-1505.938	0.0004173899	9.664059	0.004089447	-0.003089883	0.0008309053	0	0	0	
2.672	24	19	49	30	1	-1505.937	0.0004224737	9.757822	0.003595115	-0.002617357	0.0008571682	0	0	0	
2.692	24	19	49	30	1	-1505.937	0.0004195016	9.824979	0.002862559	-0.002571157	0.0008829064	0	0	0	
2.708	24	19	49	30	1	-1505.936	0.0004102055	9.878812	0.002063081	-0.002564797	0.0009125531	0	0	0	
2.732	24	19	49	30	1	-1505.935	0.0003911377	9.959731	0.001099875	-0.002348855	0.0009428455	0	0	0	
2.752	24	19	49	31	1	-1505.935	0.000380387	10.02732	-0.0001818462	-0.002326486	0.000971558	0	0	0	
2.772	24	19	49	31	1	-1505.934	0.0003738929	10.09504	-0.001571969	-0.001877046	0.0009941194	0	0	0	
2.792	24	19	49	31	1	-1505.934	0.0003658894	10.16289	-0.002676046	-0.0006429349	0.001009124	0	0	0	
2.808	24	19	49	31	1	-1505.933	0.0003545992	10.21727	-0.003116104	0.0005944806	0.001019107	0	0	0	
2.828	24	19	49	31	1	-1505.933	0.0003396352	10.28536	-0.003228182	0.001674723	0.001031443	0	0	0	
2.848	24	19	49	31	1	-1505.932	0.0003262817	10.35356	-0.00293019	0.00137065	0.001047597	0	0	0	
2.88	24	19	49	31	1	-1505.931	0.000319478	10.44925	-0.002105481	-0.002119747	0.001079146	0	0	0	
2.904	24	19	49	31	1	-1505.931	0.0003305243	10.53144	-0.001634822	-0.004987032	0.001097167	0	0	0	
2.92	24	19	49	31	1	-1505.93	0.0003575257	10.60005	-0.001555138	-0.005572878	0.001103094	0	0	0	
2.944	24	19	49	31	1	-1505.93	0.0003996687	10.66877	-0.001778205	-0.004285714	0.001103986	0	0	0	
2.968	24	19	49	31	1	-1505.929	0.000480048	10.76515	-0.00224687	-0.001834373	0.001102871	0	0	0	
2.992	24	19	49	31	1	-1505.928	0.0005689624	10.84791	-0.002883545	0.0004865118	0.001099829	0	0	0	
3.016	24	19	49	31	1	-1505.927	0.0006712317	10.93079	-0.003441797	0.001780637	0.001102755	0	0	0	
3.04	24	19	49	31	1	-1505.927	0.0007639913	10.99996	-0.003503194	0.001702914	0.001103107	0	0	0	
3.056	24	19	49	31	1	-1505.926	0.0008526817	11.06921	-0.002892475	0.0007147003	0.001110255	0	0	0	
3.076	24	19	49	31	1	-1505.926	0.0009435118	11.13854	-0.002197074	-0.0002263181	0.001119334	0	0	0	
3.096	24	19	49	31	1	-1505.925	0.001039005	11.20794	-0.001185913	-0.0006082426	0.001126912	0	0	0	
3.116	24	19	49	31	1	-1505.925	0.001121396	11.26352	-0.0002976497	-0.0001504665	0.001127351	0	0	0	
3.14	24	19	49	31	1	-1505.924	0.0012593	11.34697	0.0003285467	0.0005343818	0.001124962	0	0	0	
3.16	24	19	49	31	1	-1505.923	0.001381798	11.41658	0.0005661466	0.0004892765	0.001120527	0	0	0	
3.184	24	19	49	32	1	-1505.923	0.001552862	11.51414	0.000852532	-0.001028349	0.001109823	0	0	0	
3.212	24	19	49	32	1	-1505.922	0.001712706	11.6118	0.00133985	-0.003448384	0.001093233	0	0	0	
3.232	24	19	49	32	1	-1505.921	0.001815237	11.68163	0.001886773	-0.003972165	0.001079241	0	0	0	
3.264	24	19	49	32	1	-1505.92	0.001944594	11.77947	0.002754234	-0.002866739	0.00105266	0	0	0	
3.284	24	19	49	32	1	-1505.92	0.002054338	11.8634	0.002883699	-0.00191969	0.00102491	0	0	0	
3.316	24	19	49	32	1	-1505.919	0.002191499	11.9754	0.002583291	-0.0004104815	0.0009817724	0	0	0	
3.348	24	19	49	32	1	-1505.918	0.002325774	12.08749	0.001297068	-0.0007690738	0.0009454111	0	0	0	
3.368	24	19	49	32	1	-1505.917	0.002414837	12.15759	0.0003800402	-0.001283136	0.0009303219	0	0	0	
3.392	24	19	49	32	1	-1505.917	0.002500336	12.22772	-0.0008291569	-0.002196799	0.0009143103	0	0	0	
3.408	24	19	49	32	1	-1505.916	0.002578918	12.29788	-0.001382667	-0.002422745	0.0009081795	0	0	0	
3.44	24	19	49	32	1	-1505.915	0.002714831	12.41017	-0.002405569	-0.001660447	0.0009022859	0	0	0	
3.468	24	19	49	32	1	-1505.914	0.002821524	12.50847	-0.002191398	-0.001772258	0.0009057397	0	0	0	
3.488	24	19	49	32	1	-1505.914	0.002884545	12.56465	-0.001779264	-0.002221123	0.0009122244	0	0	0	
3.516	24	19	49	32	1	-1505.913	0.003008964	12.66298	-0.001297176	-0.002885214	0.0009212557	0	0	0	
3.536	24	19	49	32	1	-1505.913	0.003125555	12.74728	-0.0009600967	-0.002655834	0.0009298244	0	0	0	
3.56	24	19	49	32	1	-1505.912	0.003238412	12.83158	-0.0002291126	-0.001344591	0.0009408709	0	0	0	
3.588	24	19	49	32	1	-1505.911	0.003360483	12.92994	0.001013269	0.0003819207	0.0009536577	0	0	0	
3.608	24	19	49	32	1	-1505.911	0.003449038	13.00019	0.001722427	0.0005899024	0.0009609913	0	0	0	
3.628	24	19	49	32	1	-1505.91	0.003539913	13.07043	0.002130052	9.221166e-05	0.0009633981	0	0	0	
3.652	24	19	49	32	1	-1505.91	0.00363052	13.14066	0.002297872	-0.00116845	0.0009646627	0	0	0	
3.672	24	19	49	33	1	-1505.909	0.003713944	13.21087	0.002345003	-0.002377406	0.0009744724	0	0	0	
3.7	24	19	49	33	1	-1505.908	0.003845633	13.32319	0.001932109	-0.002538848	0.0009954904	0	0	0	
3.728	24	19	49	33	1	-1505.907	0.003940333	13.4074	0.001209896	-0.001434817	0.001018631	0	0	0	
3.756	24	19	49	33	1	-1505.907	0.004049384	13.5056	0.0002093035	-0.0005796931	0.001043538	0	0	0	
3.772	24	19	49	33	1	-1505.906	0.004113104	13.5617	-0.0004559131	-0.0006690451	0.001055727	0	0	0	
3.792	24	19	49	33	1	-1505.906	0.004196543	13.63179	-0.00133543	-0.001197839	0.001067428	0	0	0	
3.812	24	19	49	33	1	-1505.905	0.00429749	13.71586	-0.002029849	-0.001689147	0.001076773	0	0	0	
3.832	24	19	49	33	1	-1505.905	0.004389011	13.78589	-0.002690346	-0.001611972	0.001085622	0	0	0	
3.852	24	19	49	33	1	-1505.904	0.004465291	13.84189	-0.003137846	-0.0008084018	0.001094397	0	0	0	
3.872	24	19	49	33	1	-1505.903	0.004588882	13.92584	-0.003401897	0.0002174583	0.001107194	0	0	0	
3.892	24	19	49	33	1	-1505.903	0.0046928	13.99575	-0.00320551	0.0009330625	0.00112248	0	0	0	
3.92	24	19	49	33	1	-1505.902	0.00483493	14.09355	-0.002090931	0.0003233043	0.001138761	0	0	0	
3.952	24	19	49	33	1	-1505.901	0.005007168	14.20522	-0.0004713646	-0.002528608	0.001155367	0	0	0	
3.972	24	19	49	33	1	-1505.901	0.005122143	14.27495	0.0004268851	-0.003267111	0.001163558	0	0	0	
3.996	24	19	49	33	1	-1505.9	0.005265867	14.35856	0.0012421	-0.002603814	0.001174272	0	0	0	
4.016	24	19	49	33	1	-1505.899	0.005383548	14.42817	0.001940717	-0.001119013	0.001191173	0	0	0	
4.036	24	19	49	33	1	-1505.899	0.005497989	14.49773	0.002294605	-0.0003687546	0.001203339	0	0	0	
4.064	24	19	49	33	1	-1505.898	0.005655448	14.595	0.002531754	0.0001368091	0.001229293	0	0	0	
4.088	24	19	49	33	1	-1505.897	0.00579571	14.67828	0.00204663	1.342438e-05	0.00125251	0	0	0	
4.112	24	19	49	33	1	-1505.897	0.00594017	14.76147	0.001039449	-0.001168565	0.001276784	0	0	0	
4.148	24	19	49	34	1	-1505.896	0.006174967	14.88608	-0.001338402	-0.002176814	0.00130576	0	0	0	
4.172	24	19	49	34	1	-1505.895	0.006329763	14.96903	-0.002588661	-0.001180076	0.001310296	0	0	0	
4.204	24	19	49	34	1	-1505.894	0.006518432	15.06568	-0.003766307	0.0005473885	0.001291262	0	0	0	
4.24	24	19	49	34	1	-1505.893	0.006807018	15.20349	-0.00412343	0.001163538	0.001270784	0	0	0	
4.276	24	19	49	34	1	-1505.892	0.00707019	15.32725	-0.002795714	-0.001716329	0.001270957	0	0	0	
4.312	24	19	49	34	1	-1505.891	0.007363977	15.45075	-0.001270873	-0.003812833	0.001268333	0	0	0	
4.348	24	19	49	34	1	-1505.89	0.007704074	15.57397	-0.0007191589	-0.004700151	0.001262572	0	0	0	
4.368	24	19	49	34	1	-1505.89	0.007908237	15.64231	-0.0007837122	-0.004773451	0.001265498	0	0	0	
4.388	24	19	49	34	1	-1505.889	0.008111749	15.71055	-0.0007086873	-0.004755388	0.001272254	0	0	0	
4.404	24	19	49	34	1	-1505.889	0.008270883	15.76508	-0.0004463989	-0.00445185	0.001279141	0	0	0	
4.42	24	19	49	34	1	-1505.888	0.008431418	15.81955	-0.0001874011	-0.003712596	0.001283513	0	0	0	
4.444	24	19	49	34	1	-1505.888	0.008674003	15.90113	0.000173708	-0.00263569	0.001289357	0	0	0	
4.472	24	19	49	34	1	-1505.887	0.008962617	15.99614	0.0003757567	-0.002288966	0.001293191	0	0	0	
4.488	24	19	49	34	1	-1505.886	0.009125926	16.05035	0.0005127992	-0.002204893	0.001294386	0	0	0	
4.508	24	19	49	34	1	-1505.886	0.009288073	16.10449	0.0007100827	-0.0022631	0.001301877	0	0	0	
4.532	24	19	49	34	1	-1505.886	0.009520777	16.18558	0.001221274	-0.002344844	0.001314636	0	0	0	
4.552	24	19	49	34	1	-1505.885	0.009752283	16.26651	0.001402588	-0.002797166	0.001324958	0	0	0	
4.58	24	19	49	34	1	-1505.884	0.01000108	16.34729	0.0007643437	-0.003604314	0.001334962	0	0	0	
4.6	24	19	49	34	1	-1505.884	0.01025621	16.4279	-1.186988e-05	-0.003884389	0.001342517	0	0	0	
4.624	24	19	49	34	1	-1505.883	0.01051892	16.50836	-0.001374451	-0.00340933	0.001341286	0	0	0	
4.644	24	19	49	35	1	-1505.883	0.01074623	16.57529	-0.002248755	-0.002747416	0.001337184	0	0	0	
4.668	24	19	49	35	1	-1505.882	0.01102576	16.65545	-0.003363127	-0.001483606	0.001333213	0	0	0	
4.696	24	19	49	35	1	-1505.882	0.01130212	16.73544	-0.003666948	-0.000695431	0.001331906	0	0	0	
4.724	24	19	49	35	1	-1505.881	0.01160491	16.82855	-0.002313448	-0.0008770559	0.001322691	0	0	0	
4.744	24	19	49	35	1	-1505.881	0.01185924	16.90817	-0.0008524108	-0.0009039214	0.001312517	0	0	0	
4.776	24	19	49	35	1	-1505.88	0.01218442	17.01406	0.002123072	-0.0003320442	0.001294687	0	0	0	
4.804	24	19	49	35	1	-1505.879	0.01246322	17.10645	0.004395935	0.0001377749	0.001283461	0	0	0	
4.836	24	19	49	35	1	-1505.879	0.01279099	17.21173	0.005318091	0.001069049	0.001288482	0	0	0	
4.872	24	19	49	35	1	-1505.878	0.01313826	17.32978	0.004995178	-0.0002525905	0.001294507	0	0	0	
4.912	24	19	49	35	1	-1505.877	0.01348686	17.46045	0.003485878	-0.003837922	0.001299951	0	0	0	
4.936	24	19	49	35	1	-1505.876	0.01368826	17.5386	0.001641105	-0.003900231	0.001318973	0	0	0	
4.96	24	19	49	35	1	-1505.876	0.01388176	17.61655	0.0002829305	-0.001978552	0.001325003	0	0	0	
4.984	24	19	49	35	1	-1505.875	0.01406327	17.69431	-0.0009868893	0.0009989282	0.001320636	0	0	0	
5.012	24	19	49	35	1	-1505.875	0.01423147	17.77187	-0.001642234	0.001836415	0.00131942	0	0	0	
5.032	24	19	49	35	1	-1505.874	0.01439248	17.84924	-0.001661034	0.001038235	0.001324235	0	0	0	
5.06	24	19	49	35	1	-1505.873	0.01454897	17.9264	-0.001096157	-3.822974e-05	0.001336793	0	0	0	
5.076	24	19	49	35	1	-1505.873	0.01464726	17.97773	-0.0003939127	-0.0006889235	0.001342686	0	0	0	
5.1	24	19	49	35	1	-1505.873	0.01479024	18.05454	0.0007461545	-0.001281256	0.00135171	0	0	0	
5.12	24	19	49	35	1	-1505.872	0.01494921	18.13115	0.001168953	-0.001105577	0.001357016	0	0	0	
5.156	24	19	49	35	1	-1505.871	0.01517626	18.23298	0.001078246	-0.001723483	0.001364386	0	0	0	
5.168	24	19	49	36	1	-1505.871	0.01528509	18.28375	0.001075964	-0.002413944	0.00136519	0	0	0	
5.192	24	19	49	36	1	-1505.87	0.01544483	18.35972	0.0009773043	-0.004441877	0.001362973	0	0	0	
5.216	24	19	49	36	1	-1505.87	0.01561052	18.43549	0.0005905404	-0.005360275	0.00135861	0	0	0	
5.252	24	19	49	36	1	-1505.869	0.01583977	18.53617	-0.000529595	-0.003332066	0.00134533	0	0	0	
5.28	24	19	49	36	1	-1505.868	0.01607862	18.63647	-0.001676017	-0.0002958092	0.001336633	0	0	0	
5.3	24	19	49	36	1	-1505.868	0.01623092	18.69896	-0.002111576	-0.0001444655	0.001335461	0	0	0	
5.324	24	19	49	36	1	-1505.867	0.01638778	18.76129	-0.002614909	-0.0009915987	0.001340974	0	0	0	
5.348	24	19	49	36	1	-1505.867	0.01661146	18.8483	-0.002731044	-0.002581943	0.001350189	0	0	0	
5.376	24	19	49	36	1	-1505.866	0.01683291	18.935	-0.00212067	-0.004010067	0.001347721	0	0	0	
5.412	24	19	49	36	1	-1505.865	0.01713311	19.046	-0.00106638	-0.003820804	0.001340442	0	0	0	
5.436	24	19	49	36	1	-1505.865	0.01730277	19.10745	-0.0001630065	-0.002980649	0.001343169	0	0	0	
5.448	24	19	49	36	1	-1505.865	0.01743498	19.15649	0.0004040167	-0.00271107	0.001346636	0	0	0	
5.476	24	19	49	36	1	-1505.864	0.01763144	19.22985	0.0016613	-0.001709188	0.001350322	0	0	0	
5.496	24	19	49	36	1	-1505.864	0.01780023	19.29081	0.002139168	-0.0008586185	0.001350073	0	0	0	
5.524	24	19	49	36	1	-1505.863	0.01808317	19.38799	0.001861039	0.0007257859	0.001357638	0	0	0	
5.552	24	19	49	36	1	-1505.863	0.01834524	19.47269	0.0008750404	0.001663833	0.001356881	0	0	0	
5.576	24	19	49	36	1	-1505.862	0.01857346	19.54502	-0.0003652136	0.001795559	0.001355506	0	0	0	
5.596	24	19	49	36	1	-1505.862	0.0187601	19.60512	-0.001226338	0.001053297	0.001360518	0	0	0	
5.632	24	19	49	36	1	-1505.861	0.0190259	19.70093	-0.001031503	-0.001489653	0.001384576	0	0	0	
5.664	24	19	49	36	1	-1505.86	0.01928443	19.79631	-0.0003189433	-0.004010878	0.001403378	0	0	0	
5.688	24	19	49	37	1	-1505.86	0.01948582	19.86756	9.987284e-05	-0.005195804	0.001400071	0	0	0	
5.708	24	19	49	37	1	-1505.859	0.01968621	19.93856	0.0004899147	-0.005122758	0.001389463	0	0	0	
5.744	24	19	49	37	1	-1505.859	0.01994766	20.04461	0.002297386	-0.004517986	0.001368824	0	0	0	
5.768	24	19	49	37	1	-1505.858	0.02012068	20.11501	0.003082555	-0.002967971	0.001355006	0	0	0	
5.788	24	19	49	37	1	-1505.858	0.02026338	20.17348	0.003383913	-0.001889163	0.001345094	0	0	0	
5.816	24	19	49	37	1	-1505.857	0.02045888	20.25505	0.003179084	-0.001897194	0.001328979	0	0	0	
5.84	24	19	49	37	1	-1505.857	0.02062738	20.3247	0.002195606	-0.002974498	0.001305344	0	0	0	
5.872	24	19	49	37	1	-1505.856	0.0208371	20.41716	0.001146227	-0.003228626	0.001280933	0	0	0	
5.896	24	19	49	37	1	-1505.856	0.02098893	20.48622	0.0001702407	-0.002282285	0.00125096	0	0	0	
5.916	24	19	49	37	1	-1505.856	0.0211146	20.54358	-0.0006353377	-0.0006008261	0.00122386	0	0	0	
5.944	24	19	49	37	1	-1505.855	0.02127492	20.62358	-0.001011013	0.001470548	0.001184767	0	0	0	
5.96	24	19	49	37	1	-1505.855	0.02135354	20.66914	-0.0007252172	0.001329086	0.001173504	0	0	0	
5.976	24	19	49	37	1	-1505.855	0.0214227	20.71459	7.880721e-07	0.0005296441	0.001161027	0	0	0	
6	24	19	49	37	1	-1505.854	0.02151735	20.78255	0.001393408	-0.001156723	0.001152448	0	0	0	
6.024	24	19	49	37	1	-1505.854	0.02161174	20.85025	0.002555832	-0.002293714	0.001150743	0	0	0	
6.056	24	19	49	37	1	-1505.853	0.02173022	20.9289	0.003016558	-0.003773054	0.001151658	0	0	0	
6.076	24	19	49	37	1	-1505.853	0.02183769	20.99603	0.002658085	-0.004136464	0.00115998	0	0	0	
6.104	24	19	49	37	1	-1505.852	0.02194843	21.0629	0.001519349	-0.00294132	0.001178149	0	0	0	
6.12	24	19	49	37	1	-1505.852	0.02203471	21.11842	0.0008519398	-0.00169835	0.001187362	0	0	0	
6.14	24	19	49	37	1	-1505.852	0.02211748	21.17377	3.329334e-05	-0.0005411566	0.001196748	0	0	0	
6.156	24	19	49	38	1	-1505.852	0.02218761	21.21791	-0.0007584173	-0.0006100294	0.001202633	0	0	0	
6.176	24	19	49	38	1	-1505.851	0.02227944	21.27292	-0.001785449	-0.001523022	0.001212452	0	0	0	
6.2	24	19	49	38	1	-1505.851	0.02238011	21.3387	-0.002365072	-0.002179641	0.001227042	0	0	0	
6.22	24	19	49	38	1	-1505.85	0.0224585	21.39332	-0.002312193	-0.001326195	0.001234533	0	0	0	
6.248	24	19	49	38	1	-1505.85	0.02257315	21.46947	-0.001888705	0.0008673117	0.001238435	0	0	0	
6.268	24	19	49	38	1	-1505.85	0.02264388	21.52365	-0.0008886524	0.002200648	0.001239735	0	0	0	
6.296	24	19	49	38	1	-1505.849	0.02272333	21.59919	0.001347027	0.002629212	0.001229077	0	0	0	
6.32	24	19	49	38	1	-1505.849	0.02279237	21.65292	0.00247908	0.0006434942	0.001210156	0	0	0	
6.34	24	19	49	38	1	-1505.848	0.02288811	21.71716	0.002741388	-0.001714334	0.001187688	0	0	0	
6.36	24	19	49	38	1	-1505.848	0.02297759	21.77048	0.002350013	-0.003632105	0.001169626	0	0	0	
6.396	24	19	49	38	1	-1505.848	0.02311896	21.85542	0.001133791	-0.004360259	0.001157056	0	0	0	
6.42	24	19	49	38	1	-1505.847	0.023224	21.92935	0.0005445978	-0.002710374	0.001150534	0	0	0	
6.444	24	19	49	38	1	-1505.847	0.02331058	21.99243	-1.598275e-05	-0.0001627281	0.001140848	0	0	0	
6.468	24	19	49	38	1	-1505.846	0.02340112	22.05525	-0.000696053	0.000370648	0.001127476	0	0	0	
6.504	24	19	49	38	1	-1505.846	0.02356528	22.14897	-0.002349439	-0.002036905	0.001123934	0	0	0	
6.54	24	19	49	38	1	-1505.845	0.0237106	22.23176	-0.002982592	-0.0035592	0.001112473	0	0	0	
6.556	24	19	49	38	1	-1505.845	0.02380264	22.28326	-0.002913262	-0.003472505	0.001100328	0	0	0	
6.576	24	19	49	38	1	-1505.844	0.02390541	22.33457	-0.002821986	-0.003511275	0.001086665	0	0	0	
6.604	24	19	49	38	1	-1505.844	0.02404241	22.40609	-0.001847164	-0.004330315	0.001074873	0	0	0	
6.628	24	19	49	38	1	-1505.844	0.0241413	22.45696	-0.0006488602	-0.00486806	0.001067145	0	0	0	
6.652	24	19	49	39	1	-1505.843	0.02425571	22.51774	0.0008541028	-0.004735948	0.001050935	0	0	0	
6.676	24	19	49	39	1	-1505.843	0.02438261	22.58831	0.002397928	-0.004337329	0.001025582	0	0	0	
6.704	24	19	49	39	1	-1505.843	0.02448285	22.64851	0.003959578	-0.003282837	0.001003345	0	0	0	
6.728	24	19	49	39	1	-1505.842	0.02460211	22.71839	0.004446841	-0.001239349	0.001000029	0	0	0	
6.748	24	19	49	39	1	-1505.842	0.02468387	22.76807	0.0043639	0.0003974648	0.001006738	0	0	0	
6.772	24	19	49	39	1	-1505.842	0.02476878	22.82745	0.003988513	0.00148531	0.001018608	0	0	0	
6.792	24	19	49	39	1	-1505.841	0.02482406	22.87671	0.003646179	0.001288813	0.00103018	0	0	0	
6.824	24	19	49	39	1	-1505.841	0.02489633	22.94536	0.002395379	-0.0001299195	0.001045099	0	0	0	
6.852	24	19	49	39	1	-1505.84	0.02496738	23.02337	0.00102188	-0.0003628194	0.001053628	0	0	0	
6.88	24	19	49	39	1	-1505.84	0.02500936	23.09122	6.212677e-05	-0.0003839022	0.001060366	0	0	0	
6.9	24	19	49	39	1	-1505.84	0.02504288	23.13946	-0.0007552917	-0.0001797689	0.001063261	0	0	0	
6.916	24	19	49	39	1	-1505.84	0.02507772	23.17791	-0.001612308	-7.320111e-05	0.00106694	0	0	0	
6.94	24	19	49	39	1	-1505.839	0.0251261	23.23536	-0.002484964	-0.0001339814	0.001069646	0	0	0	
6.972	24	19	49	39	1	-1505.839	0.02518999	23.31155	-0.002877947	-0.00158053	0.001078443	0	0	0	
7.008	24	19	49	39	1	-1505.838	0.02526425	23.38724	-0.002547294	-0.002885474	0.001073943	0	0	0	
7.04	24	19	49	39	1	-1505.838	0.02534032	23.47182	-0.001119107	-0.003287314	0.001070143	0	0	0	
7.072	24	19	49	39	1	-1505.837	0.02541861	23.54648	0.0004625842	-0.002110174	0.001061624	0	0	0	
7.092	24	19	49	39	1	-1505.837	0.02546427	23.58363	0.000964255	-0.001354426	0.001061654	0	0	0	
7.116	24	19	49	39	1	-1505.837	0.02553602	23.64835	0.001798847	-0.001088759	0.001062992	0	0	0	
7.14	24	19	49	39	1	-1505.836	0.02559414	23.70353	0.002408619	-0.002985815	0.001057851	0	0	0	
7.172	24	19	49	40	1	-1505.836	0.0256833	23.77667	0.002154396	-0.006305177	0.001040137	0	0	0	
7.204	24	19	49	40	1	-1505.836	0.02576376	23.84934	0.001518872	-0.004845525	0.001026887	0	0	0	
7.228	24	19	49	40	1	-1505.835	0.02580857	23.89451	0.0009557115	-0.0004564247	0.001016008	0	0	0	
7.252	24	19	49	40	1	-1505.835	0.02586115	23.95743	0.0005549399	0.003396915	0.001006786	0	0	0	
7.276	24	19	49	40	1	-1505.835	0.02588664	24.00215	0.0005348862	0.002991469	0.0009972321	0	0	0	
7.296	24	19	49	40	1	-1505.834	0.02590627	24.04668	0.0006887103	-0.0004406706	0.0009842359	0	0	0	
7.32	24	19	49	40	1	-1505.834	0.02591978	24.09988	0.001130745	-0.005014377	0.0009647585	0	0	0	
7.34	24	19	49	40	1	-1505.834	0.02591844	24.15281	0.001737461	-0.006347206	0.0009527441	0	0	0	
7.372	24	19	49	40	1	-1505.834	0.02591648	24.22297	0.002204891	-0.004067463	0.0009462755	0	0	0	
7.396	24	19	49	40	1	-1505.833	0.02591078	24.27528	0.002242556	-0.001704863	0.0009471412	0	0	0	
7.424	24	19	49	40	1	-1505.833	0.02589075	24.32732	0.002369498	-0.0002458065	0.0009453613	0	0	0	
7.444	24	19	49	40	1	-1505.833	0.02586311	24.37909	0.002328363	-0.0004284791	0.0009397776	0	0	0	
7.464	24	19	49	40	1	-1505.832	0.02582901	24.42202	0.002355878	-0.00130026	0.0009326095	0	0	0	
7.488	24	19	49	40	1	-1505.832	0.02578372	24.46477	0.00251429	-0.002125454	0.0009242301	0	0	0	
7.524	24	19	49	40	1	-1505.832	0.02568553	24.54124	0.002401159	-0.001431486	0.0009228734	0	0	0	
7.56	24	19	49	40	1	-1505.831	0.02560507	24.6255	0.0003785184	-0.0007970692	0.0009130078	0	0	0	
7.596	24	19	49	40	1	-1505.831	0.02559327	24.70071	-0.003689416	-0.002813313	0.0008957621	0	0	0	
7.62	24	19	49	40	1	-1505.831	0.02556914	24.75051	-0.00508415	-0.003952224	0.0008792824	0	0	0	
7.656	24	19	49	40	1	-1505.83	0.02552158	24.81649	-0.004729446	-0.001619527	0.0008509142	0	0	0	
7.688	24	19	49	40	1	-1505.83	0.02545188	24.882	-0.001897453	0.001156936	0.0008412	0	0	0	
7.704	24	19	49	41	1	-1505.83	0.0253937	24.92269	0.0001868487	0.001127971	0.0008450096	0	0	0	
7.732	24	19	49	41	1	-1505.83	0.02530734	24.97936	0.003849476	-0.001265066	0.0008512934	0	0	0	
7.76	24	19	49	41	1	-1505.829	0.02524849	25.03566	0.005640693	-0.003999737	0.0008489075	0	0	0	
7.796	24	19	49	41	1	-1505.829	0.02521549	25.10752	0.004463277	-0.00440871	0.0008620882	0	0	0	
7.828	24	19	49	41	1	-1505.829	0.02519528	25.163	0.001667305	-0.003300622	0.0008844206	0	0	0	
7.848	24	19	49	41	1	-1505.829	0.02518009	25.2024	-0.0004049922	-0.002364674	0.0008964918	0	0	0	
7.868	24	19	49	41	1	-1505.828	0.02515813	25.24944	-0.002268621	-0.002144257	0.0009094672	0	0	0	
7.892	24	19	49	41	1	-1505.828	0.02512704	25.28843	-0.003570183	-0.002639147	0.0009244722	0	0	0	
7.924	24	19	49	41	1	-1505.828	0.0250527	25.35816	-0.003698601	-0.002646442	0.000942448	0	0	0	
7.96	24	19	49	41	1	-1505.828	0.02498357	25.42729	-0.002604218	-0.003114296	0.0009576107	0	0	0	
7.996	24	19	49	41	1	-1505.827	0.02493084	25.49583	-0.000955057	-0.003060212	0.0009533517	0	0	0	
8.032	24	19	49	41	1	-1505.827	0.02486536	25.56377	0.001538631	-0.001245205	0.0009343264	0	0	0	
8.052	24	19	49	41	1	-1505.827	0.02483558	25.60127	0.002504005	-0.0005759413	0.0009237832	0	0	0	
8.072	24	19	49	41	1	-1505.827	0.02481411	25.63858	0.002869276	-0.0008159269	0.0009095776	0	0	0	
8.088	24	19	49	41	1	-1505.827	0.02480322	25.6683	0.002684588	-0.001308503	0.0008930905	0	0	0	
8.116	24	19	49	41	1	-1505.827	0.02478379	25.71266	0.002011984	-0.001814313	0.000858513	0	0	0	
8.132	24	19	49	41	1	-1505.827	0.02476039	25.74943	0.001589412	-0.001961992	0.000838481	0	0	0	
8.156	24	19	49	41	1	-1505.826	0.02472833	25.79331	0.0008426522	-0.001585924	0.0008120731	0	0	0	
8.172	24	19	49	41	1	-1505.826	0.02470934	25.82242	0.0001731067	-0.00121576	0.0007932422	0	0	0	
8.192	24	19	49	41	1	-1505.826	0.02469075	25.85865	-0.000848351	-0.0009810584	0.000770322	0	0	0	
8.22	24	19	49	42	1	-1505.826	0.02467059	25.90906	-0.002251252	-0.0003303727	0.0007358896	0	0	0	
8.236	24	19	49	42	1	-1505.826	0.02465178	25.93771	-0.002559806	-9.223086e-05	0.0007207709	0	0	0	
8.268	24	19	49	42	1	-1505.826	0.02460643	25.99467	-0.002263034	-0.0006014222	0.0006938223	0	0	0	
8.288	24	19	49	42	1	-1505.826	0.02457932	26.03004	-0.00171874	-0.001564249	0.0006732586	0	0	0	
8.312	24	19	49	42	1	-1505.825	0.02453866	26.07225	-0.0004924601	-0.002669278	0.0006399593	0	0	0	
8.336	24	19	49	42	1	-1505.825	0.02448895	26.1142	0.001146985	-0.002826409	0.0006078172	0	0	0	
8.368	24	19	49	42	1	-1505.825	0.0244389	26.16974	0.002430125	-0.002883904	0.0005676908	0	0	0	
8.392	24	19	49	42	1	-1505.825	0.02441797	26.2111	0.002218325	-0.002096602	0.0005377465	0	0	0	
8.42	24	19	49	42	1	-1505.825	0.02440543	26.25903	0.001291143	-0.001423192	0.0005249116	0	0	0	
8.444	24	19	49	42	1	-1505.825	0.02439208	26.29305	0.0003131058	-0.001617575	0.0005171589	0	0	0	
8.472	24	19	49	42	1	-1505.824	0.0243743	26.34713	-0.0009904691	-0.00213156	0.0005105589	0	0	0	
8.492	24	19	49	42	1	-1505.824	0.02437037	26.3807	-0.00201853	-0.001663302	0.0005072608	0	0	0	
8.516	24	19	49	42	1	-1505.824	0.02437059	26.42075	-0.003058595	-0.0004954231	0.0005046978	0	0	0	
8.528	24	19	49	42	1	-1505.824	0.02436842	26.44068	-0.003286422	0.0005900257	0.00050323	0	0	0	
8.552	24	19	49	42	1	-1505.824	0.02434442	26.48035	-0.002618805	0.001556679	0.0005039912	0	0	0	
8.584	24	19	49	42	1	-1505.824	0.02431938	26.52633	-0.001104702	0.0005737879	0.0005128127	0	0	0	
8.612	24	19	49	42	1	-1505.824	0.02429246	26.57197	0.0006578337	-0.001937352	0.0005145198	0	0	0	
8.628	24	19	49	42	1	-1505.823	0.02427046	26.60437	0.001672244	-0.00331305	0.0005107887	0	0	0	
8.664	24	19	49	42	1	-1505.823	0.02423037	26.66227	0.003382408	-0.00442987	0.0004919128	0	0	0	
8.692	24	19	49	42	1	-1505.823	0.02420237	26.70691	0.003680517	-0.00235925	0.0004912419	0	0	0	
8.712	24	19	49	43	1	-1505.823	0.02418841	26.73859	0.003121579	-0.000292292	0.0004947575	0	0	0	
8.744	24	19	49	43	1	-1505.823	0.02416973	26.78266	0.001445577	0.002159265	0.0004990892	0	0	0	
8.764	24	19	49	43	1	-1505.823	0.02414548	26.82018	0.000355846	0.00149158	0.0005077141	0	0	0	
8.784	24	19	49	43	1	-1505.822	0.02411936	26.85126	-0.0005908617	-0.0004624249	0.0005249578	0	0	0	
8.808	24	19	49	43	1	-1505.822	0.02409389	26.88217	-0.001669883	-0.0025469	0.0005527288	0	0	0	
8.836	24	19	49	43	1	-1505.822	0.02407256	26.93128	-0.003101912	-0.003721657	0.0005897378	0	0	0	
8.86	24	19	49	43	1	-1505.822	0.02406781	26.96784	-0.004053482	-0.00305816	0.0006152674	0	0	0	
8.888	24	19	49	43	1	-1505.822	0.02405152	27.01018	-0.003683009	-5.482071e-05	0.000639692	0	0	0	
8.912	24	19	49	43	1	-1505.822	0.02403223	27.04023	-0.002522193	0.001203733	0.0006605327	0	0	0	
8.948	24	19	49	43	1	-1505.821	0.02398837	27.09983	0.0003381607	0.0009416872	0.0007135837	0	0	0	
8.984	24	19	49	43	1	-1505.821	0.02397837	27.1529	0.00209851	-0.0009494267	0.0007641409	0	0	0	
9.02	24	19	49	43	1	-1505.821	0.02399266	27.20545	0.002198445	-0.001879231	0.0008142901	0	0	0	
9.052	24	19	49	43	1	-1505.821	0.02399357	27.24595	0.001911896	0.0001928959	0.000852263	0	0	0	
9.076	24	19	49	43	1	-1505.82	0.02399386	27.28615	0.001314525	0.001012032	0.0008657545	0	0	0	
9.092	24	19	49	43	1	-1505.82	0.02398997	27.30897	0.0007962808	0.000492642	0.0008707874	0	0	0	
9.104	24	19	49	43	1	-1505.82	0.02398705	27.32602	0.0005509607	-1.658814e-05	0.0008720617	0	0	0	
9.128	24	19	49	43	1	-1505.82	0.02398153	27.35431	-0.0001726699	-0.001988167	0.0008747782	0	0	0	
9.148	24	19	49	43	1	-1505.82	0.02396779	27.38804	-0.0005458587	-0.003364666	0.0008757959	0	0	0	
9.18	24	19	49	43	1	-1505.82	0.02394779	27.4271	-0.0008129892	-0.004288016	0.0008674075	0	0	0	
9.196	24	19	49	43	1	-1505.819	0.02392134	27.45481	-0.0004849167	-0.003940339	0.0008589845	0	0	0	
9.22	24	19	49	44	1	-1505.819	0.02386985	27.48785	0.0006825295	-0.002026568	0.0008466216	0	0	0	
9.248	24	19	49	44	1	-1505.819	0.02381133	27.52066	0.002216197	0.001313765	0.000839962	0	0	0	
9.268	24	19	49	44	1	-1505.819	0.02374421	27.55326	0.003192176	0.002104789	0.0008338244	0	0	0	
9.288	24	19	49	44	1	-1505.819	0.02369069	27.58024	0.003749852	0.001564368	0.0008228995	0	0	0	
9.324	24	19	49	44	1	-1505.818	0.02357814	27.62843	0.003907577	-0.0004577751	0.0008013866	0	0	0	
9.36	24	19	49	44	1	-1505.818	0.02344439	27.67611	0.003247335	-0.001022953	0.0007867289	0	0	0	
9.396	24	19	49	44	1	-1505.818	0.0233093	27.72329	0.001313382	-0.001149452	0.0007871886	0	0	0	
9.432	24	19	49	44	1	-1505.817	0.02315697	27.76998	-0.0005824684	-0.002008277	0.0007946183	0	0	0	
9.46	24	19	49	44	1	-1505.817	0.02302391	27.80595	-0.001426983	-0.001083849	0.000799609	0	0	0	
9.48	24	19	49	44	1	-1505.817	0.02292564	27.83146	-0.00170361	9.095788e-05	0.0008011055	0	0	0	
9.504	24	19	49	44	1	-1505.817	0.02280771	27.86187	-0.001735846	0.001960597	0.0008024269	0	0	0	
9.528	24	19	49	44	1	-1505.816	0.02270349	27.88704	-0.001190879	0.003290373	0.0008023684	0	0	0	
9.548	24	19	49	44	1	-1505.816	0.02258352	27.91704	-0.0007451223	0.003178615	0.0007959175	0	0	0	
9.576	24	19	49	44	1	-1505.816	0.02245293	27.95178	-0.000232518	0.001198227	0.0007937119	0	0	0	
9.612	24	19	49	44	1	-1505.815	0.0222832	27.996	0.0005616673	-0.001533351	0.0007904679	0	0	0	
9.648	24	19	49	44	1	-1505.815	0.02212856	28.03492	0.001297568	-0.002943855	0.0007982866	0	0	0	
9.672	24	19	49	44	1	-1505.815	0.02199266	28.06865	0.001499075	-0.002652449	0.000817709	0	0	0	
9.696	24	19	49	44	1	-1505.814	0.02187857	28.09734	0.001361163	-0.002093693	0.0008398728	0	0	0	
9.716	24	19	49	44	1	-1505.814	0.02177936	28.12109	0.001194077	-0.00175306	0.0008648998	0	0	0	
9.732	24	19	49	44	1	-1505.814	0.02170306	28.13998	0.0008436202	-0.001246345	0.0008846672	0	0	0	
9.772	24	19	49	45	1	-1505.813	0.0215423	28.18214	-0.0007438643	-0.001428827	0.0009217709	0	0	0	
9.804	24	19	49	45	1	-1505.813	0.02141896	28.21923	-0.002347795	-0.003675128	0.0009478335	0	0	0	
9.824	24	19	49	45	1	-1505.813	0.02131925	28.24681	-0.00278761	-0.004777092	0.0009668343	0	0	0	
9.852	24	19	49	45	1	-1505.813	0.02123072	28.27418	-0.003255311	-0.004146973	0.0009890879	0	0	0	
9.872	24	19	49	45	1	-1505.812	0.02114394	28.30135	-0.003110217	-0.003076892	0.001004041	0	0	0	
9.892	24	19	49	45	1	-1505.812	0.02106113	28.32383	-0.002210381	-0.001908507	0.001018394	0	0	0	
9.908	24	19	49	45	1	-1505.812	0.0209854	28.34172	-0.0005886766	-0.0007917783	0.001036197	0	0	0	
9.924	24	19	49	45	1	-1505.812	0.02090523	28.35951	0.0005489927	-0.0001190889	0.001049165	0	0	0	
9.956	24	19	49	45	1	-1505.811	0.02073892	28.39483	0.003483852	0.001733539	0.001081026	0	0	0	
9.98	24	19	49	45	1	-1505.811	0.02064617	28.41671	0.004461996	0.002738901	0.001098298	0	0	0	
10	24	19	49	45	1	-1505.811	0.02055083	28.44279	0.0042122	0.002857097	0.001110005	0	0	0	
10.02	24	19	49	45	1	-1505.81	0.02047459	28.46436	0.003154188	0.001608835	0.001118655	0	0	0	
10.04	24	19	49	45	1	-1505.81	0.02040297	28.48152	0.002532197	-5.814365e-05	0.001121934	0	0	0	
10.056	24	19	49	45	1	-1505.81	0.02030016	28.50285	0.002001322	-0.001640869	0.001129563	0	0	0	
10.08	24	19	49	45	1	-1505.81	0.02017274	28.52826	0.0009982246	-0.002538678	0.001150741	0	0	0	
10.108	24	19	49	45	1	-1505.809	0.02002943	28.55766	-0.0005717403	-0.001730473	0.00117781	0	0	0	
10.14	24	19	49	45	1	-1505.809	0.01987464	28.59093	-0.002470018	-0.0004191902	0.001206805	0	0	0	
10.164	24	19	49	45	1	-1505.809	0.01975415	28.61565	-0.00324044	-0.0001850492	0.001239019	0	0	0	
10.2	24	19	49	45	1	-1505.808	0.01956003	28.65237	-0.002809967	-0.00215979	0.001300658	0	0	0	
10.224	24	19	49	45	1	-1505.808	0.01943327	28.6766	-0.001938243	-0.003818595	0.001342606	0	0	0	
10.248	24	19	49	46	1	-1505.808	0.01931654	28.70065	-0.001044109	-0.004598498	0.001377641	0	0	0	
10.268	24	19	49	46	1	-1505.807	0.01921622	28.72054	0.0002173377	-0.003776595	0.001411642	0	0	0	
10.296	24	19	49	46	1	-1505.807	0.01905817	28.74817	0.001952698	-0.002123588	0.001444561	0	0	0	
10.324	24	19	49	46	1	-1505.807	0.01891095	28.77164	0.003925123	-0.0002095277	0.00147614	0	0	0	
10.344	24	19	49	46	1	-1505.806	0.01878804	28.79106	0.004740569	0.000340694	0.001489215	0	0	0	
10.368	24	19	49	46	1	-1505.806	0.01864226	28.81418	0.004798299	-0.000706209	0.001495617	0	0	0	
10.392	24	19	49	46	1	-1505.806	0.01850863	28.83712	0.003525225	-0.002550054	0.001505622	0	0	0	
10.416	24	19	49	46	1	-1505.806	0.01835962	28.86364	0.001461845	-0.00379627	0.001519585	0	0	0	
10.448	24	19	49	46	1	-1505.805	0.01819837	28.88992	-0.001163477	-0.002328183	0.001531724	0	0	0	
10.472	24	19	49	46	1	-1505.805	0.01803859	28.91595	-0.003001047	-0.0001392699	0.001529685	0	0	0	
10.5	24	19	49	46	1	-1505.805	0.01787331	28.94173	-0.004214893	-0.000278696	0.001534182	0	0	0	
10.532	24	19	49	46	1	-1505.804	0.01771987	28.96726	-0.004762746	-0.002775984	0.001555608	0	0	0	
10.544	24	19	49	46	1	-1505.804	0.01763332	28.98174	-0.004574961	-0.003320725	0.00156468	0	0	0	
10.572	24	19	49	46	1	-1505.804	0.01747791	29.0069	-0.003214212	-0.003206078	0.001579158	0	0	0	
10.592	24	19	49	46	1	-1505.804	0.01737415	29.02472	-0.001961755	-0.002521326	0.001580475	0	0	0	
10.628	24	19	49	46	1	-1505.803	0.01723141	29.05297	-0.0001622966	-0.0003025383	0.001583132	0	0	0	
10.64	24	19	49	46	1	-1505.803	0.01718817	29.06349	0.0001043104	0.0002116319	0.001583804	0	0	0	
10.66	24	19	49	46	1	-1505.803	0.01711188	29.08438	0.0003031166	0.0002081724	0.001582192	0	0	0	
10.684	24	19	49	46	1	-1505.803	0.01703923	29.1051	0.0003892907	0.0001088359	0.001577573	0	0	0	
10.708	24	19	49	46	1	-1505.802	0.01697474	29.12564	0.0001208067	-0.0002125562	0.001577984	0	0	0	
10.728	24	19	49	47	1	-1505.802	0.01692686	29.13924	9.239154e-05	-0.0009428134	0.001581495	0	0	0	
10.752	24	19	49	47	1	-1505.802	0.01685655	29.15949	-5.991138e-05	-0.002417913	0.001588419	0	0	0	
10.776	24	19	49	47	1	-1505.802	0.01677586	29.18291	-0.0002058423	-0.003466236	0.001593644	0	0	0	
10.8	24	19	49	47	1	-1505.801	0.01669964	29.20279	-2.743431e-05	-0.001862767	0.00159082	0	0	0	
10.824	24	19	49	47	1	-1505.801	0.01661748	29.22251	0.0002557386	-0.0006506561	0.001584738	0	0	0	
10.844	24	19	49	47	1	-1505.801	0.01655486	29.2388	0.000295892	-0.0009609446	0.001573815	0	0	0	
10.876	24	19	49	47	1	-1505.801	0.01647828	29.26463	-0.0005132071	-0.003417308	0.001548777	0	0	0	
10.9	24	19	49	47	1	-1505.8	0.01642087	29.2838	-0.001032639	-0.00470125	0.001531473	0	0	0	
10.92	24	19	49	47	2	-1505.8	0.01638061	29.29649	-0.001226353	-0.004549484	0.001522066	0	0	0	
10.94	24	19	49	47	2	-1505.8	0.01632317	29.31224	-0.0009434713	-0.002706024	0.001519835	0	0	0	
10.96	24	19	49	47	2	-1505.8	0.01626463	29.32791	-0.001088498	0.002574312	0.002085059	0	0	0	
10.98	24	19	49	47	2	-1505.799	0.01636905	29.34389	-0.007847842	0.02216531	0.004527833	0	0	0	
11.012	24	19	49	47	2	-1505.797	0.01727101	29.3741	-0.03505698	0.07759727	0.01185325	0	0	0	
11.04	24	19	49	47	2	-1505.794	0.01869291	29.39887	-0.06996692	0.1173763	0.02120116	0	0	0	
11.064	24	19	49	47	2	-1505.793	0.02011467	29.41725	-0.1007894	0.1260761	0.03297707	0	0	0	
11.084	24	19	49	47	2	-1505.79	0.02225584	29.44007	-0.1216245	0.1165285	0.04632868	0	0	0	
11.104	24	19	49	47	2	-1505.788	0.02440299	29.45976	-0.1344846	0.09988588	0.06232299	0	0	0	
11.116	24	19	49	47	2	-1505.787	0.02586005	29.47186	-0.1376533	0.09032309	0.07259658	0	0	0	
11.152	24	19	49	47	2	-1505.781	0.03107554	29.50955	-0.1238038	0.0790527	0.1068549	0	0	0	
11.18	24	19	49	47	2	-1505.776	0.03533531	29.5358	-0.1022336	0.08784583	0.1271682	0	0	0	
11.196	24	19	49	48	2	-1505.772	0.03939372	29.55838	-0.08121869	0.09847476	0.1447492	0	0	0	
11.216	24	19	49	48	2	-1505.767	0.04391019	29.58158	-0.06471885	0.1058205	0.1595165	0	0	0	
11.24	24	19	49	48	2	-1505.76	0.04990695	29.61026	-0.0436453	0.1112835	0.1827957	0	0	0	
11.264	24	19	49	48	2	-1505.754	0.05649633	29.63984	-0.02984799	0.1097498	0.207008	0	0	0	
11.288	24	19	49	48	2	-1505.746	0.06365073	29.67032	-0.0246909	0.1052518	0.2317039	0	0	0	
11.316	24	19	49	48	2	-1505.737	0.07269842	29.70701	-0.02897916	0.1026916	0.260812	0	0	0	
11.344	24	19	49	48	2	-1505.727	0.08249979	29.74487	-0.04145217	0.1063943	0.2899938	0	0	0	
11.372	24	19	49	48	2	-1505.715	0.0930392	29.78387	-0.05721485	0.113918	0.319085	0	0	0	
11.392	24	19	49	48	2	-1505.707	0.1010018	29.81241	-0.06734255	0.1185917	0.3398665	0	0	0	
11.42	24	19	49	48	2	-1505.695	0.1127482	29.85334	-0.07621877	0.1212942	0.3691205	0	0	0	
11.452	24	19	49	48	2	-1505.682	0.125212	29.89538	-0.07567137	0.1192407	0.4027162	0	0	0	
11.476	24	19	49	48	2	-1505.668	0.1384418	29.93856	-0.06773074	0.1167456	0.4277337	0	0	0	
11.504	24	19	49	48	2	-1505.653	0.152491	29.98287	-0.05275754	0.1156187	0.4564316	0	0	0	
11.524	24	19	49	48	2	-1505.642	0.1630428	30.01522	-0.04042941	0.1164963	0.4765775	0	0	0	
11.548	24	19	49	48	2	-1505.628	0.176268	30.0548	-0.02629153	0.1188138	0.5004069	0	0	0	
11.576	24	19	49	48	2	-1505.611	0.1924465	30.10201	-0.01347432	0.1216814	0.5277736	0	0	0	
11.616	24	19	49	48	2	-1505.589	0.2143811	30.16435	-0.005884983	0.1236788	0.5660108	0	0	0	
11.648	24	19	49	48	2	-1505.565	0.2375493	30.22849	-0.00875579	0.123713	0.5958015	0	0	0	
11.68	24	19	49	48	2	-1505.542	0.2591696	30.28699	-0.01624144	0.1239549	0.6248286	0	0	0	
11.72	24	19	49	48	2	-1505.513	0.2875541	30.36206	-0.02529969	0.1253998	0.6600062	0	0	0	
11.76	24	19	49	49	2	-1505.482	0.3174513	30.43924	-0.02740849	0.1267173	0.6939985	0	0	0	
11.788	24	19	49	49	2	-1505.462	0.3361251	30.48654	-0.0231947	0.1269666	0.7170943	0	0	0	
11.808	24	19	49	49	2	-1505.446	0.3521144	30.52652	-0.01768514	0.126811	0.7332258	0	0	0	
11.828	24	19	49	49	2	-1505.425	0.3718229	30.57517	-0.01081495	0.1265522	0.7490376	0	0	0	
11.848	24	19	49	49	2	-1505.408	0.3886858	30.61626	-0.003395646	0.1263838	0.7645228	0	0	0	
11.872	24	19	49	49	2	-1505.386	0.4094507	30.66622	0.005050375	0.1265081	0.782684	0	0	0	
11.892	24	19	49	49	2	-1505.368	0.4271919	30.7084	0.01087092	0.1268243	0.797472	0	0	0	
11.916	24	19	49	49	2	-1505.349	0.4453252	30.75106	0.01565389	0.1273219	0.8148102	0	0	0	
11.94	24	19	49	49	2	-1505.322	0.4713607	30.81157	0.01770653	0.127762	0.8317034	0	0	0	
11.956	24	19	49	49	2	-1505.307	0.4865732	30.84656	0.01746548	0.1279486	0.845445	0	0	0	
11.98	24	19	49	49	2	-1505.283	0.5098438	30.8996	0.01586871	0.1279353	0.8588826	0	0	0	
12.012	24	19	49	49	2	-1505.254	0.5376756	30.96231	0.01194716	0.1276394	0.8797688	0	0	0	
12.04	24	19	49	49	2	-1505.22	0.5703845	31.03504	0.008930976	0.1272914	0.8974558	0	0	0	
12.076	24	19	49	49	2	-1505.181	0.6083419	31.1182	0.007916044	0.127128	0.9194204	0	0	0	
12.108	24	19	49	49	2	-1505.15	0.6387199	31.18384	0.01070701	0.1272776	0.9382317	0	0	0	
12.132	24	19	49	49	2	-1505.122	0.6653559	31.24074	0.01488298	0.1274434	0.9519064	0	0	0	
12.168	24	19	49	49	2	-1505.076	0.7109758	31.33687	0.02391341	0.1274662	0.9738787	0	0	0	
12.208	24	19	49	49	2	-1505.027	0.758128	31.43455	0.03152193	0.1271525	0.9928084	0	0	0	
12.244	24	19	49	49	2	-1504.987	0.7969496	31.51379	0.0362674	0.1267247	1.010961	0	0	0	
12.264	24	19	49	49	2	-1504.957	0.8267053	31.57384	0.03729431	0.1265559	1.020724	0	0	0	
12.296	24	19	49	50	2	-1504.915	0.8672264	31.6547	0.03678625	0.1263848	1.035877	0	0	0	
12.32	24	19	49	50	2	-1504.883	0.898247	31.71593	0.03527872	0.1262494	1.046879	0	0	0	
12.34	24	19	49	50	2	-1504.862	0.9192267	31.75703	0.03381042	0.1261342	1.055816	0	0	0	
12.356	24	19	49	50	2	-1504.84	0.9404459	31.79834	0.03278377	0.1260562	1.062816	0	0	0	
12.372	24	19	49	50	2	-1504.812	0.9673066	31.85028	0.03207565	0.1259862	1.069682	0	0	0	
12.392	24	19	49	50	2	-1504.784	0.9945424	31.90254	0.03184522	0.1259252	1.078079	0	0	0	
12.416	24	19	49	50	2	-1504.75	1.02772	31.96567	0.03271995	0.1258305	1.08789	0	0	0	
12.444	24	19	49	50	2	-1504.71	1.067109	32.03988	0.0353188	0.1256288	1.098978	0	0	0	
12.48	24	19	49	50	2	-1504.657	1.118838	32.13616	0.04103862	0.1253334	1.114187	0	0	0	
12.524	24	19	49	50	2	-1504.596	1.177746	32.24424	0.04695949	0.1250449	1.128692	0	0	0	
12.56	24	19	49	50	2	-1504.541	1.232049	32.34245	0.0506044	0.1247303	1.141153	0	0	0	
12.592	24	19	49	50	2	-1504.49	1.281335	32.43048	0.051803	0.124432	1.151783	0	0	0	
12.616	24	19	49	50	2	-1504.452	1.318926	32.49692	0.05154003	0.1242241	1.159495	0	0	0	
12.628	24	19	49	50	2	-1504.426	1.344284	32.54142	0.0511419	0.1241155	1.163269	0	0	0	
12.664	24	19	49	50	2	-1504.373	1.39571	32.63089	0.04952418	0.1238031	1.174256	0	0	0	
12.688	24	19	49	50	2	-1504.333	1.434902	32.69839	0.04865147	0.1235981	1.181317	0	0	0	
12.716	24	19	49	50	2	-1504.286	1.481297	32.77756	0.04838594	0.1233651	1.189297	0	0	0	
12.736	24	19	49	50	2	-1504.251	1.514881	32.83438	0.04885752	0.1232139	1.194835	0	0	0	
12.764	24	19	49	50	2	-1504.203	1.562519	32.91428	0.0504746	0.1230458	1.202366	0	0	0	
12.788	24	19	49	50	2	-1504.153	1.610884	32.99458	0.05258232	0.1229433	1.208621	0	0	0	
12.812	24	19	49	51	2	-1504.11	1.652916	33.06373	0.05546	0.1228521	1.215694	0	0	0	
12.836	24	19	49	51	2	-1504.074	1.688349	33.12156	0.05749493	0.122746	1.2206	0	0	0	
12.86	24	19	49	51	2	-1504.03	1.731353	33.1912	0.05959406	0.1225229	1.22632	0	0	0	
12.88	24	19	49	51	2	-1503.986	1.774888	33.2611	0.06088757	0.1223223	1.230957	0	0	0	
12.904	24	19	49	51	2	-1503.948	1.811571	33.31955	0.06178027	0.1220974	1.236372	0	0	0	
12.936	24	19	49	51	2	-1503.888	1.871028	33.41341	0.0618707	0.1218469	1.243342	0	0	0	
12.952	24	19	49	51	2	-1503.849	1.908665	33.47228	0.06144081	0.1217132	1.247564	0	0	0	
12.984	24	19	49	51	2	-1503.795	1.961971	33.55497	0.06055389	0.1215992	1.25331	0	0	0	
13.008	24	19	49	51	2	-1503.74	2.015996	33.63795	0.05985975	0.1215739	1.258081	0	0	0	
13.028	24	19	49	51	2	-1503.7	2.055022	33.6974	0.05953939	0.1215539	1.26195	0	0	0	
13.052	24	19	49	51	2	-1503.651	2.102333	33.76893	0.05963618	0.1214478	1.266464	0	0	0	
13.076	24	19	49	51	2	-1503.611	2.142159	33.82868	0.0603288	0.1212491	1.270846	0	0	0	
13.096	24	19	49	51	2	-1503.562	2.190429	33.90055	0.06133063	0.1210356	1.274401	0	0	0	
13.12	24	19	49	51	2	-1503.512	2.239224	33.97261	0.06290255	0.1208027	1.278558	0	0	0	
13.14	24	19	49	51	2	-1503.47	2.280289	34.03278	0.06435361	0.1207056	1.281941	0	0	0	
13.164	24	19	49	51	2	-1503.428	2.32172	34.09307	0.0660362	0.1207075	1.285903	0	0	0	
13.188	24	19	49	51	2	-1503.376	2.371916	34.16557	0.06743253	0.1206901	1.289747	0	0	0	
13.212	24	19	49	51	2	-1503.316	2.431137	34.25033	0.06838013	0.1206054	1.293471	0	0	0	
13.236	24	19	49	51	2	-1503.273	2.473871	34.311	0.0688117	0.1204573	1.297084	0	0	0	
13.244	24	19	49	51	2	-1503.246	2.499685	34.34745	0.06884656	0.1203958	1.298265	0	0	0	
13.276	24	19	49	52	2	-1503.184	2.560424	34.43262	0.0685545	0.1201716	1.302876	0	0	0	
13.304	24	19	49	52	2	-1503.113	2.630708	34.53017	0.06796382	0.1200336	1.306771	0	0	0	
13.344	24	19	49	52	2	-1503.022	2.719859	34.65241	0.06723538	0.11987	1.312639	0	0	0	
13.384	24	19	49	52	2	-1502.93	2.810449	34.77495	0.0674015	0.1197077	1.317225	0	0	0	
13.42	24	19	49	52	2	-1502.845	2.893206	34.88546	0.06841574	0.1195138	1.321625	0	0	0	
13.444	24	19	49	52	2	-1502.789	2.949024	34.95925	0.06945221	0.1194189	1.324459	0	0	0	
13.48	24	19	49	52	2	-1502.702	3.033719	35.07008	0.07119726	0.1193252	1.32856	0	0	0	
13.512	24	19	49	52	2	-1502.635	3.100393	35.15639	0.07255343	0.1192469	1.332059	0	0	0	
13.528	24	19	49	52	2	-1502.586	3.148446	35.21809	0.07305712	0.119199	1.333758	0	0	0	
13.556	24	19	49	52	2	-1502.517	3.216319	35.30454	0.07357619	0.1191244	1.336653	0	0	0	
13.584	24	19	49	52	2	-1502.457	3.275054	35.37869	0.07362851	0.1190978	1.339452	0	0	0	
13.616	24	19	49	52	2	-1502.366	3.364116	35.49001	0.07327849	0.1190405	1.342535	0	0	0	
13.636	24	19	49	52	2	-1502.316	3.414091	35.55189	0.07297046	0.118973	1.344398	0	0	0	
13.656	24	19	49	52	2	-1502.264	3.464421	35.6138	0.07269335	0.1188767	1.346214	0	0	0	
13.68	24	19	49	52	2	-1502.213	3.515105	35.67573	0.07250623	0.118745	1.348331	0	0	0	
13.712	24	19	49	52	2	-1502.13	3.596937	35.77485	0.07263726	0.1185947	1.351058	0	0	0	
13.732	24	19	49	52	2	-1502.067	3.658906	35.84922	0.07296828	0.1185661	1.352715	0	0	0	
13.768	24	19	49	52	2	-1501.971	3.752816	35.96078	0.07395715	0.1185867	1.355612	0	0	0	
13.796	24	19	49	52	2	-1501.907	3.816056	36.03517	0.074892	0.118538	1.357784	0	0	0	
13.82	24	19	49	52	2	-1501.831	3.890476	36.12195	0.07565721	0.1184241	1.359587	0	0	0	
13.836	24	19	49	53	2	-1501.788	3.933312	36.17153	0.07609324	0.1183329	1.360758	0	0	0	
13.868	24	19	49	53	2	-1501.711	4.008815	36.2583	0.0767011	0.1181935	1.363042	0	0	0	
13.892	24	19	49	53	2	-1501.634	4.085009	36.34505	0.07689621	0.1181802	1.364709	0	0	0	
13.92	24	19	49	53	2	-1501.556	4.16189	36.43177	0.07687275	0.1181906	1.366599	0	0	0	
13.94	24	19	49	53	2	-1501.511	4.206129	36.48131	0.0767474	0.1181633	1.36791	0	0	0	
13.956	24	19	49	53	2	-1501.454	4.261743	36.54322	0.07662314	0.1181269	1.368935	0	0	0	
13.98	24	19	49	53	2	-1501.398	4.317705	36.60511	0.07645067	0.118054	1.370436	0	0	0	
13.996	24	19	49	53	2	-1501.34	4.374017	36.66697	0.07637892	0.1180133	1.371415	0	0	0	
14.016	24	19	49	53	2	-1501.283	4.430678	36.72881	0.07637029	0.1180002	1.372615	0	0	0	
14.04	24	19	49	53	2	-1501.213	4.499132	36.80298	0.07650433	0.1180189	1.37402	0	0	0	
14.072	24	19	49	53	2	-1501.12	4.591183	36.9018	0.07692474	0.118032	1.37583	0	0	0	
14.108	24	19	49	53	2	-1501.014	4.695802	37.01286	0.07760408	0.1179306	1.37778	0	0	0	
14.136	24	19	49	53	2	-1500.943	4.766173	37.08684	0.07815709	0.1178306	1.379239	0	0	0	
14.164	24	19	49	53	2	-1500.847	4.860778	37.18537	0.07863567	0.1177631	1.38065	0	0	0	
14.188	24	19	49	53	2	-1500.774	4.932314	37.2592	0.07893684	0.1177517	1.38182	0	0	0	
14.228	24	19	49	53	2	-1500.652	5.052648	37.38209	0.07916834	0.1177558	1.3837	0	0	0	
14.268	24	19	49	53	2	-1500.541	5.162128	37.49251	0.07911315	0.1177138	1.385494	0	0	0	
14.292	24	19	49	53	2	-1500.454	5.248049	37.57828	0.07903951	0.1176227	1.386531	0	0	0	
14.316	24	19	49	53	2	-1500.379	5.322232	37.6517	0.0789733	0.117551	1.387543	0	0	0	
14.34	24	19	49	53	2	-1500.303	5.396911	37.72503	0.07895993	0.1175392	1.388532	0	0	0	
14.368	24	19	49	54	2	-1500.227	5.472085	37.79828	0.07905793	0.1175615	1.389657	0	0	0	
14.396	24	19	49	54	2	-1500.138	5.560411	37.88361	0.07927864	0.1175628	1.390747	0	0	0	
14.432	24	19	49	54	2	-1500.021	5.674957	37.99312	0.07968813	0.1175222	1.392093	0	0	0	
14.46	24	19	49	54	2	-1499.917	5.777705	38.09028	0.08003647	0.117476	1.393099	0	0	0	
14.488	24	19	49	54	2	-1499.826	5.868327	38.17513	0.08034171	0.1174272	1.394073	0	0	0	
14.512	24	19	49	54	2	-1499.76	5.933465	38.23565	0.08052299	0.1174092	1.39489	0	0	0	
14.528	24	19	49	54	2	-1499.693	5.998945	38.29609	0.0806124	0.1173871	1.395557	0	0	0	
14.552	24	19	49	54	2	-1499.627	6.064764	38.35645	0.08065419	0.1173689	1.396212	0	0	0	
14.576	24	19	49	54	2	-1499.546	6.144195	38.42877	0.08065845	0.1173793	1.396987	0	0	0	
14.6	24	19	49	54	2	-1499.452	6.237483	38.513	0.08064076	0.1173849	1.397746	0	0	0	
14.624	24	19	49	54	2	-1499.384	6.304523	38.57305	0.08062067	0.1173297	1.398481	0	0	0	
14.648	24	19	49	54	2	-1499.302	6.385416	38.645	0.08061753	0.1172367	1.399192	0	0	0	
14.672	24	19	49	54	2	-1499.22	6.466796	38.71683	0.08065782	0.1171692	1.399887	0	0	0	
14.7	24	19	49	54	2	-1499.123	6.562355	38.80046	0.08078339	0.1171609	1.400684	0	0	0	
14.724	24	19	49	54	2	-1499.026	6.658576	38.8839	0.0809557	0.1172144	1.401355	0	0	0	
14.74	24	19	49	54	2	-1498.97	6.713856	38.9315	0.08111298	0.1172661	1.401901	0	0	0	
14.764	24	19	49	54	2	-1498.885	6.797179	39.00277	0.08126898	0.1173104	1.402436	0	0	0	
14.788	24	19	49	54	2	-1498.815	6.866985	39.06206	0.08144171	0.1173186	1.403059	0	0	0	
14.812	24	19	49	54	2	-1498.715	6.965273	39.1449	0.08158697	0.1172244	1.403656	0	0	0	
14.836	24	19	49	54	2	-1498.63	7.050043	39.21575	0.08169174	0.1170891	1.404235	0	0	0	
14.86	24	19	49	55	2	-1498.544	7.135295	39.28644	0.08174743	0.1170046	1.404803	0	0	0	
14.896	24	19	49	55	2	-1498.428	7.249718	39.38046	0.08176459	0.1170667	1.405645	0	0	0	
14.936	24	19	49	55	2	-1498.267	7.408447	39.50929	0.08176434	0.1172362	1.406562	0	0	0	
14.976	24	19	49	55	2	-1498.12	7.554143	39.62595	0.0818074	0.1172239	1.407435	0	0	0	
15.004	24	19	49	55	2	-1498.031	7.642198	39.69573	0.08186694	0.1171193	1.40802	0	0	0	
15.028	24	19	49	55	2	-1497.942	7.730731	39.76535	0.08193845	0.117012	1.408505	0	0	0	
15.064	24	19	49	55	2	-1497.791	7.87935	39.88101	0.08208352	0.1169465	1.409291	0	0	0	
15.108	24	19	49	55	2	-1497.625	8.044364	40.0077	0.08225157	0.1169727	1.410052	0	0	0	
15.14	24	19	49	55	2	-1497.518	8.150206	40.08802	0.08238042	0.116986	1.410639	0	0	0	
15.168	24	19	49	55	2	-1497.41	8.256694	40.1681	0.08248786	0.1170087	1.411137	0	0	0	
15.208	24	19	49	55	2	-1497.256	8.40994	40.28208	0.08261617	0.1170388	1.411827	0	0	0	
15.232	24	19	49	55	2	-1497.146	8.517995	40.36157	0.08265677	0.1170247	1.412229	0	0	0	
15.248	24	19	49	55	2	-1497.084	8.58003	40.40688	0.08266304	0.1169895	1.412491	0	0	0	
15.276	24	19	49	55	2	-1496.989	8.673476	40.47469	0.08264838	0.1169324	1.412944	0	0	0	
15.316	24	19	49	55	2	-1496.815	8.846019	40.59853	0.0826449	0.1168728	1.413578	0	0	0	
15.344	24	19	49	55	2	-1496.72	8.940801	40.66581	0.08266196	0.1168203	1.414017	0	0	0	
15.372	24	19	49	55	2	-1496.607	9.051973	40.74406	0.08271155	0.1167638	1.414441	0	0	0	
15.4	24	19	49	55	2	-1496.478	9.17981	40.83318	0.08278711	0.1167367	1.414855	0	0	0	
15.424	24	19	49	55	2	-1496.381	9.276236	40.89979	0.08285997	0.1167463	1.415204	0	0	0	
15.448	24	19	49	55	2	-1496.3	9.356949	40.95515	0.08293948	0.1167746	1.415543	0	0	0	
15.464	24	19	49	56	2	-1496.218	9.437986	41.01038	0.08299694	0.116804	1.415765	0	0	0	
15.472	24	19	49	56	2	-1496.185	9.470492	41.03243	0.08302393	0.1168172	1.415876	0	0	0	
15.492	24	19	49	56	2	-1496.103	9.551984	41.08746	0.08308236	0.1168329	1.416145	0	0	0	
15.516	24	19	49	56	2	-1496.02	9.633799	41.14235	0.08313816	0.1168136	1.41646	0	0	0	
15.54	24	19	49	56	2	-1495.904	9.748883	41.21896	0.08316937	0.1167596	1.416768	0	0	0	
15.572	24	19	49	56	2	-1495.788	9.8646	41.2953	0.08316847	0.1166859	1.417167	0	0	0	
15.596	24	19	49	56	2	-1495.67	9.980951	41.37135	0.08314023	0.1166591	1.417464	0	0	0	
15.616	24	19	49	56	2	-1495.586	10.06445	41.42551	0.08311604	0.1166759	1.41771	0	0	0	
15.636	24	19	49	56	2	-1495.518	10.13148	41.46873	0.08311353	0.116703	1.417955	0	0	0	
15.66	24	19	49	56	2	-1495.4	10.24927	41.54415	0.08313197	0.1166974	1.418239	0	0	0	
15.684	24	19	49	56	2	-1495.297	10.35074	41.60856	0.08317244	0.1166424	1.418513	0	0	0	
15.708	24	19	49	56	2	-1495.195	10.45267	41.67277	0.08322608	0.1165984	1.418785	0	0	0	
15.732	24	19	49	56	2	-1495.109	10.53796	41.72612	0.08328885	0.1166051	1.419058	0	0	0	
15.756	24	19	49	56	2	-1494.988	10.65792	41.80055	0.08337548	0.1166447	1.419376	0	0	0	
15.788	24	19	49	56	2	-1494.849	10.79577	41.88526	0.08345679	0.1166525	1.419684	0	0	0	
15.804	24	19	49	56	2	-1494.779	10.865	41.92748	0.08349511	0.1166272	1.419853	0	0	0	
15.828	24	19	49	56	2	-1494.674	10.96924	41.99062	0.08352915	0.1165765	1.420098	0	0	0	
15.856	24	19	49	56	2	-1494.551	11.09142	42.06401	0.08354305	0.1165233	1.420378	0	0	0	
15.884	24	19	49	56	2	-1494.427	11.21423	42.1371	0.08354972	0.1164528	1.420688	0	0	0	
15.908	24	19	49	56	2	-1494.321	11.31999	42.19952	0.08355027	0.1164047	1.420881	0	0	0	
15.932	24	19	49	57	2	-1494.232	11.40847	42.25136	0.08355093	0.1163771	1.421113	0	0	0	
15.956	24	19	49	57	2	-1494.106	11.53288	42.32369	0.08355787	0.1164178	1.421344	0	0	0	
15.964	24	19	49	57	2	-1494.07	11.56854	42.3443	0.08356084	0.1164409	1.421421	0	0	0	
15.988	24	19	49	57	2	-1493.962	11.67583	42.40598	0.08357393	0.1164795	1.421649	0	0	0	
16.016	24	19	49	57	2	-1493.854	11.78356	42.46744	0.08359415	0.1164585	1.421904	0	0	0	
16.032	24	19	49	57	2	-1493.763	11.87369	42.51848	0.08360632	0.1164242	1.422048	0	0	0	
16.048	24	19	49	57	2	-1493.69	11.94602	42.55921	0.08361345	0.1163684	1.42219	0	0	0	
16.072	24	19	49	57	2	-1493.581	12.05489	42.62011	0.08361536	0.1162915	1.422403	0	0	0	
16.112	24	19	49	57	2	-1493.415	12.21904	42.71103	0.08360802	0.1162819	1.42277	0	0	0	
16.14	24	19	49	57	2	-1493.268	12.36582	42.79143	0.08359772	0.1163254	1.423024	0	0	0	
16.164	24	19	49	57	2	-1493.156	12.47642	42.85147	0.0835998	0.116329	1.423266	0	0	0	
16.196	24	19	49	57	2	-1493.026	12.60603	42.92122	0.08361587	0.1162964	1.423502	0	0	0	
16.22	24	19	49	57	2	-1492.895	12.73626	42.99066	0.0836458	0.1162498	1.423703	0	0	0	
16.24	24	19	49	57	2	-1492.801	12.82965	43.04007	0.0836739	0.1161979	1.423907	0	0	0	
16.264	24	19	49	57	2	-1492.688	12.94213	43.09915	0.08368823	0.1161718	1.424081	0	0	0	
16.304	24	19	49	57	2	-1492.498	13.1306	43.19711	0.0837121	0.1161916	1.424441	0	0	0	
16.34	24	19	49	57	2	-1492.345	13.28227	43.27502	0.08370937	0.1162454	1.424771	0	0	0	
16.368	24	19	49	57	2	-1492.192	13.43474	43.35252	0.08370895	0.116178	1.42502	0	0	0	
16.404	24	19	49	57	2	-1492.019	13.60721	43.43921	0.08373809	0.115996	1.425336	0	0	0	
16.432	24	19	49	57	2	-1491.883	13.74205	43.50627	0.08377576	0.1159088	1.425578	0	0	0	
16.456	24	19	49	58	2	-1491.766	13.8581	43.5635	0.08379517	0.1159045	1.425785	0	0	0	
16.496	24	19	49	58	2	-1491.59	14.03303	43.6489	0.08379438	0.1159649	1.426124	0	0	0	
16.536	24	19	49	58	2	-1491.374	14.24817	43.75256	0.08375663	0.1159439	1.426492	0	0	0	
16.572	24	19	49	58	2	-1491.196	14.42531	43.83679	0.08373755	0.1158358	1.426749	0	0	0	
16.596	24	19	49	58	2	-1491.077	14.54395	43.89265	0.08375192	0.115792	1.426939	0	0	0	
16.632	24	19	49	58	2	-1490.917	14.70283	43.96676	0.08380092	0.1158106	1.427234	0	0	0	
16.656	24	19	49	58	2	-1490.777	14.84249	44.03126	0.08382719	0.1158387	1.427436	0	0	0	
16.696	24	19	49	58	2	-1490.595	15.02293	44.11371	0.08383574	0.1158479	1.427781	0	0	0	
16.728	24	19	49	58	2	-1490.413	15.20436	44.19563	0.0838133	0.1157593	1.428051	0	0	0	
16.748	24	19	49	58	2	-1490.312	15.30558	44.24091	0.08379134	0.1156258	1.428251	0	0	0	
16.772	24	19	49	58	2	-1490.21	15.4071	44.28602	0.08377953	0.1155186	1.428416	0	0	0	
16.792	24	19	49	58	2	-1490.107	15.50893	44.33098	0.0837812	0.1154631	1.428579	0	0	0	
16.812	24	19	49	58	2	-1489.984	15.63152	44.3847	0.0837973	0.1154624	1.428743	0	0	0	
16.836	24	19	49	58	2	-1489.861	15.75456	44.43818	0.08381943	0.1154769	1.428942	0	0	0	
16.864	24	19	49	58	2	-1489.716	15.89864	44.50027	0.08382575	0.1154475	1.429167	0	0	0	
16.888	24	19	49	58	2	-1489.591	16.02261	44.55323	0.08381284	0.1153792	1.42935	0	0	0	
16.908	24	19	49	58	2	-1489.487	16.12625	44.59719	0.08379722	0.1153203	1.429504	0	0	0	
16.932	24	19	49	58	2	-1489.383	16.2302	44.64097	0.08378174	0.1152959	1.429697	0	0	0	
16.952	24	19	49	58	2	-1489.278	16.33444	44.68459	0.08377417	0.115319	1.429861	0	0	0	
16.968	24	19	49	58	2	-1489.173	16.43899	44.72805	0.08377015	0.1153587	1.429992	0	0	0	
16.988	24	19	49	59	2	-1489.068	16.54383	44.77133	0.08376534	0.1153953	1.430155	0	0	0	
17.02	24	19	49	59	2	-1488.899	16.71221	44.84024	0.08376368	0.115335	1.43041	0	0	0	
17.056	24	19	49	59	2	-1488.708	16.90255	44.91726	0.08379181	0.1151782	1.43069	0	0	0	
17.076	24	19	49	59	2	-1488.623	16.98745	44.95131	0.08381498	0.1151099	1.430843	0	0	0	
17.1	24	19	49	59	2	-1488.473	17.1365	45.01065	0.08383238	0.1150797	1.431029	0	0	0	
17.124	24	19	49	59	2	-1488.345	17.26472	45.06126	0.08383655	0.1150832	1.431219	0	0	0	
17.164	24	19	49	59	2	-1488.129	17.47937	45.14507	0.08379988	0.1150989	1.431539	0	0	0	
17.204	24	19	49	59	2	-1487.913	17.69521	45.22822	0.08375467	0.114961	1.431841	0	0	0	
17.244	24	19	49	59	2	-1487.695	17.91224	45.3107	0.08372233	0.1148389	1.432139	0	0	0	
17.28	24	19	49	59	2	-1487.498	18.10858	45.38437	0.08372183	0.1149055	1.432421	0	0	0	
17.304	24	19	49	59	2	-1487.388	18.21807	45.42507	0.08374285	0.1149265	1.432613	0	0	0	
17.332	24	19	49	59	2	-1487.212	18.39387	45.48983	0.08377317	0.1148679	1.432829	0	0	0	
17.364	24	19	49	59	2	-1487.035	18.57042	45.55417	0.0838113	0.1147638	1.433075	0	0	0	
17.4	24	19	49	59	2	-1486.835	18.76994	45.62605	0.08384662	0.1147098	1.433391	0	0	0	
17.428	24	19	49	59	2	-1486.679	18.92578	45.68158	0.08383653	0.1146708	1.433575	0	0	0	
17.452	24	19	49	59	2	-1486.544	19.05982	45.72892	0.0838095	0.1146278	1.433754	0	0	0	
17.476	24	19	49	59	2	-1486.432	19.17184	45.76819	0.08377653	0.1145705	1.433929	0	0	0	
17.508	24	19	49	59	2	-1486.252	19.35167	45.83068	0.08374287	0.1145162	1.434163	0	0	0	
17.536	24	19	49	59	2	-1486.071	19.53226	45.89274	0.08372947	0.1145031	1.43436	0	0	0	
17.56	24	19	49	59	2	-1485.935	19.66819	45.93901	0.08372634	0.1145169	1.434526	0	0	0	
17.588	24	19	50	0	2	-1485.798	19.80454	45.98503	0.08372677	0.1145586	1.434718	0	0	0	
17.604	24	19	50	0	2	-1485.684	19.91849	46.02321	0.08372003	0.1145755	1.434855	0	0	0	
17.632	24	19	50	0	2	-1485.524	20.0785	46.07638	0.08371205	0.1145324	1.435017	0	0	0	
17.652	24	19	50	0	2	-1485.432	20.17019	46.10661	0.08371524	0.1144355	1.435146	0	0	0	
17.672	24	19	50	0	2	-1485.317	20.28506	46.14426	0.08373692	0.1143168	1.435272	0	0	0	
17.692	24	19	50	0	2	-1485.178	20.42329	46.18922	0.08377492	0.1142182	1.435428	0	0	0	
17.72	24	19	50	0	2	-1485.016	20.58508	46.24137	0.08381096	0.1142144	1.435589	0	0	0	
17.74	24	19	50	0	2	-1484.9	20.701	46.27843	0.08381892	0.1142419	1.435728	0	0	0	
17.76	24	19	50	0	2	-1484.784	20.8172	46.31532	0.08379726	0.1142571	1.435867	0	0	0	
17.78	24	19	50	0	2	-1484.667	20.9337	46.35205	0.08375267	0.1142333	1.436005	0	0	0	
17.808	24	19	50	0	2	-1484.503	21.09727	46.40319	0.08367419	0.1141596	1.436196	0	0	0	
17.84	24	19	50	0	2	-1484.315	21.2849	46.46125	0.08359246	0.114043	1.436416	0	0	0	
17.876	24	19	50	0	2	-1484.103	21.49686	46.52607	0.08348465	0.1139164	1.436665	0	0	0	
17.9	24	19	50	0	2	-1483.961	21.63868	46.569	0.08343258	0.1138727	1.436839	0	0	0	
17.924	24	19	50	0	2	-1483.819	21.78091	46.61169	0.08341999	0.113855	1.437018	0	0	0	
17.956	24	19	50	0	2	-1483.652	21.94738	46.6612	0.08346175	0.1138421	1.437252	0	0	0	
17.968	24	19	50	0	2	-1483.557	22.04275	46.68935	0.08349109	0.1138251	1.43734	0	0	0	
17.992	24	19	50	0	2	-1483.413	22.18615	46.73138	0.0835698	0.1137896	1.437515	0	0	0	
18.032	24	19	50	0	2	-1483.197	22.40201	46.794	0.08371028	0.1137155	1.437815	0	0	0	
18.06	24	19	50	0	2	-1483.029	22.57055	46.84233	0.08374795	0.1136783	1.438031	0	0	0	
18.08	24	19	50	1	2	-1482.884	22.71545	46.88352	0.0837365	0.1136851	1.43819	0	0	0	
18.116	24	19	50	1	2	-1482.665	22.93356	46.94486	0.08364294	0.1136443	1.438468	0	0	0	
18.152	24	19	50	1	2	-1482.446	23.15259	47.00568	0.08348562	0.1134993	1.438738	0	0	0	
18.176	24	19	50	1	2	-1482.3	23.29912	47.04594	0.08338472	0.11342	1.438922	0	0	0	
18.192	24	19	50	1	2	-1482.226	23.37253	47.06598	0.08333257	0.1133909	1.439047	0	0	0	
18.212	24	19	50	1	2	-1482.079	23.51967	47.1059	0.08329926	0.1133762	1.439204	0	0	0	
18.232	24	19	50	1	2	-1481.956	23.6426	47.139	0.08330116	0.1133838	1.439363	0	0	0	
18.256	24	19	50	1	2	-1481.808	23.79048	47.1785	0.08334034	0.1134059	1.439553	0	0	0	
18.276	24	19	50	1	2	-1481.685	23.91402	47.21124	0.08339113	0.113391	1.439709	0	0	0	
18.3	24	19	50	1	2	-1481.561	24.03784	47.24383	0.08346255	0.1133269	1.439885	0	0	0	
18.32	24	19	50	1	2	-1481.412	24.1868	47.28272	0.08351698	0.1132574	1.440029	0	0	0	
18.34	24	19	50	1	2	-1481.313	24.28632	47.30853	0.0835571	0.1131821	1.440173	0	0	0	
18.36	24	19	50	1	2	-1481.163	24.43595	47.34705	0.08357695	0.1131019	1.440313	0	0	0	
18.376	24	19	50	1	2	-1481.063	24.53592	47.3726	0.08357624	0.1130276	1.440421	0	0	0	
18.4	24	19	50	1	2	-1480.913	24.68622	47.41075	0.08353398	0.1129247	1.440586	0	0	0	
18.424	24	19	50	1	2	-1480.787	24.81177	47.44236	0.08345858	0.1128695	1.440759	0	0	0	
18.44	24	19	50	1	2	-1480.662	24.9376	47.47382	0.08340411	0.1128689	1.44088	0	0	0	
18.468	24	19	50	1	2	-1480.51	25.08897	47.51137	0.08331132	0.1129192	1.441092	0	0	0	
18.488	24	19	50	1	2	-1480.384	25.21541	47.54249	0.08326327	0.1129367	1.441242	0	0	0	
18.508	24	19	50	1	2	-1480.232	25.36751	47.57963	0.08323343	0.1129068	1.44139	0	0	0	
18.532	24	19	50	2	2	-1480.08	25.52	47.61655	0.08323024	0.1127926	1.441562	0	0	0	
18.564	24	19	50	2	2	-1479.876	25.72394	47.66543	0.08327232	0.1126334	1.441794	0	0	0	
18.596	24	19	50	2	2	-1479.672	25.92859	47.71392	0.08334614	0.1125917	1.442043	0	0	0	
18.62	24	19	50	2	2	-1479.543	26.05686	47.74403	0.08339331	0.112606	1.442237	0	0	0	
18.644	24	19	50	2	2	-1479.364	26.23689	47.78593	0.08341472	0.1126232	1.44243	0	0	0	
18.672	24	19	50	2	2	-1479.183	26.41746	47.82752	0.08341806	0.1126322	1.442652	0	0	0	
18.7	24	19	50	2	2	-1479.002	26.59857	47.86882	0.08338858	0.1125531	1.442865	0	0	0	
18.728	24	19	50	2	2	-1478.821	26.78022	47.90983	0.08334444	0.1124408	1.443077	0	0	0	
18.728	24	19	50	2	2	-1478.587	27.01455	47.96212	0.08328952	0.112276	1.443356	0	0	0	
18.728	24	19	50	2	2	-1478.457	27.14511	47.99096	0.08326157	0.1122261	1.443553	0	0	0	
18.728	24	19	50	2	2	-1478.248	27.35459	48.03679	0.08326124	0.1122795	1.443791	0	0	0	
18.728	24	19	50	2	2	-1478.011	27.59108	48.08789	0.08326779	0.1123213	1.444101	0	0	0	
18.728	24	19	50	2	2	-1477.801	27.80203	48.13292	0.08326331	0.1121902	1.444355	0	0	0	
18.728	24	19	50	2	2	-1477.563	28.04019	48.18312	0.08324345	0.1119984	1.444637	0	0	0	
18.728	24	19	50	2	2	-1477.351	28.25261	48.22735	0.08319563	0.1118973	1.44493	0	0	0	
18.728	24	19	50	2	2	-1477.165	28.43906	48.26573	0.08314615	0.1118822	1.445167	0	0	0	
18.728	24	19	50	2	2	-1476.952	28.65278	48.30926	0.08310928	0.1118943	1.445404	0	0	0	
18.728	24	19	50	2	2	-1476.765	28.84035	48.34703	0.08309087	0.1119096	1.445643	0	0	0	
18.728	24	19	50	2	2	-1476.631	28.97466	48.37384	0.08308992	0.1118853	1.44581	0	0	0	
18.728	24	19	50	2	2	-1476.416	29.1901	48.41642	0.08310898	0.1117683	1.446067	0	0	0	
18.728	24	19	50	3	2	-1476.254	29.35214	48.44812	0.08313198	0.1117018	1.446289	0	0	0	
18.728	24	19	50	3	2	-1476.092	29.51456	48.47961	0.08314709	0.1116904	1.446449	0	0	0	
18.728	24	19	50	3	2	-1475.876	29.73172	48.52128	0.08316251	0.1116508	1.446706	0	0	0	
18.728	24	19	50	3	2	-1475.658	29.94956	48.56259	0.08314908	0.1115231	1.446988	0	0	0	
18.728	24	19	50	3	2	-1475.441	30.16809	48.60354	0.08312847	0.1114266	1.447208	0	0	0	
18.728	24	19	50	3	2	-1475.222	30.3873	48.64412	0.0830907	0.111384	1.447505	0	0	0	
18.728	24	19	50	3	2	-1475.03	30.57966	48.67933	0.08306818	0.1113496	1.447712	0	0	0	
18.728	24	19	50	3	2	-1474.838	30.77255	48.71427	0.08303242	0.1112386	1.447953	0	0	0	
18.728	24	19	50	3	2	-1474.618	30.99362	48.75387	0.08298581	0.1111163	1.448233	0	0	0	
18.728	24	19	50	3	2	-1474.397	31.21538	48.79311	0.08295534	0.1110645	1.448527	0	0	0	
18.728	24	19	50	3	2	-1474.175	31.4378	48.83199	0.08294926	0.111055	1.448832	0	0	0	
18.728	24	19	50	3	2	-1473.953	31.66091	48.87052	0.08296175	0.1110265	1.44917	0	0	0	
18.728	24	19	50	3	2	-1473.785	31.82867	48.89919	0.08297918	0.1110008	1.449394	0	0	0	
18.728	24	19	50	3	2	-1473.59	32.02488	48.93239	0.08299917	0.11096	1.449616	0	0	0	
18.728	24	19	50	3	2	-1473.422	32.19347	48.96063	0.08302329	0.1108969	1.449838	0	0	0	
18.728	24	19	50	3	2	-1473.254	32.36243	48.98867	0.08304331	0.11079	1.45006	0	0	0	
18.728	24	19	50	3	2	-1473.085	32.53177	49.01652	0.08305543	0.1106813	1.450323	0	0	0	
18.728	24	19	50	3	2	-1472.831	32.78649	49.05793	0.08304173	0.1106469	1.450635	0	0	0	
18.728	24	19	50	3	2	-1472.548	33.0705	49.10342	0.08299811	0.110688	1.451033	0	0	0	
18.728	24	19	50	3	2	-1472.378	33.2414	49.13046	0.08295089	0.1106743	1.451313	0	0	0	
18.728	24	19	50	4	2	-1472.151	33.46986	49.16622	0.08290322	0.1105808	1.451586	0	0	0	
18.728	24	19	50	4	2	-1471.98	33.64164	49.19281	0.08287524	0.1104608	1.451813	0	0	0	
18.728	24	19	50	4	2	-1471.78	33.84251	49.2236	0.08287207	0.1103448	1.452082	0	0	0	
18.728	24	19	50	4	2	-1471.579	34.0439	49.25413	0.08289464	0.1102689	1.452355	0	0	0	
18.728	24	19	50	4	2	-1471.292	34.33247	49.29729	0.08293349	0.1102233	1.45275	0	0	0	
18.728	24	19	50	4	2	-1471.09	34.53509	49.3272	0.08295845	0.1101596	1.453027	0	0	0	
18.728	24	19	50	4	2	-1470.83	34.79633	49.36528	0.0829533	0.1100642	1.453384	0	0	0	
18.728	24	19	50	4	2	-1470.569	35.0584	49.40295	0.0829085	0.1099488	1.453741	0	0	0	
18.728	24	19	50	4	2	-1470.279	35.35057	49.4443	0.08287801	0.1099263	1.454144	0	0	0	
18.728	24	19	50	4	2	-1470.016	35.6144	49.48109	0.08288611	0.1099646	1.454545	0	0	0	
18.728	24	19	50	4	2	-1469.782	35.84961	49.51344	0.08290113	0.1099868	1.454818	0	0	0	
18.728	24	19	50	4	2	-1469.606	36.02644	49.53748	0.08290907	0.1099506	1.455043	0	0	0	
18.728	24	19	50	4	2	-1469.371	36.26279	49.56926	0.08292088	0.1097403	1.455366	0	0	0	
18.728	24	19	50	4	2	-1469.076	36.55914	49.60853	0.08293381	0.1095578	1.455699	0	0	0	
18.728	24	19	50	4	2	-1468.781	36.8565	49.64731	0.08293963	0.109494	1.456095	0	0	0	
18.728	24	19	50	4	2	-1468.543	37.09513	49.67797	0.08292574	0.1095385	1.456421	0	0	0	
18.728	24	19	50	4	2	-1468.365	37.27452	49.70075	0.08290141	0.1095431	1.456699	0	0	0	
18.728	24	19	50	4	2	-1468.157	37.48426	49.72711	0.0828648	0.1094419	1.456965	0	0	0	
18.728	24	19	50	4	2	-1467.888	37.75466	49.76065	0.0828129	0.1092129	1.457301	0	0	0	
18.728	24	19	50	4	2	-1467.678	37.96553	49.78646	0.08277205	0.1090898	1.457567	0	0	0	
18.728	24	19	50	5	2	-1467.438	38.20713	49.81567	0.08273956	0.1090473	1.457836	0	0	0	
18.728	24	19	50	5	2	-1467.288	38.35846	49.83377	0.08272336	0.1090618	1.458072	0	0	0	
18.728	24	19	50	5	2	-1467.107	38.54038	49.85533	0.08272246	0.1090733	1.458274	0	0	0	
18.728	24	19	50	5	2	-1466.895	38.75308	49.88026	0.08275032	0.1090988	1.4586	0	0	0	
18.728	24	19	50	5	2	-1466.714	38.93578	49.90145	0.08277867	0.1090929	1.458802	0	0	0	
18.728	24	19	50	5	2	-1466.502	39.14938	49.92595	0.08281713	0.1090173	1.459079	0	0	0	
18.728	24	19	50	5	2	-1466.319	39.33285	49.94676	0.08284598	0.1088682	1.459353	0	0	0	
18.728	24	19	50	5	2	-1466.076	39.57804	49.97425	0.08283802	0.1087467	1.459632	0	0	0	
18.728	24	19	50	5	2	-1466.045	39.60874	49.97766	0.0828295	0.1087289	1.459714	0	0	0	
18.728	24	19	50	5	2	-1466.045	39.60874	49.97766	0.0828295	0.1087289	1.459714	0	0	0	
18.728	24	19	50	5	2	-1466.045	39.60874	49.97766	0.0828295	0.1087289	1.459714	0	0	0	
18.728	24	19	50	5	2	-1466.045	39.60874	49.97766	0.0828295	0.1087289	1.459714	0	0	0	
18.728	24	19	50	5	2	-1466.045	39.60874	49.97766	0.0828295	0.1087289	1.459714	0	0	0	
18.728	24	19	50	5	2	-1466.045	39.60874	49.97766	0.0828295	0.1087289	1.459714	0	0	0	
18.728	24	19	50	5	2	-1466.045	39.60874	49.97766	0.0828295	0.1087289	1.459714	0	0	0	
18.728	24	19	50	5	2	-1466.045	39.60874	49.97766	0.0828295	0.1087289	1.459714	0	0	0	
18.728	24	19	50	5	2	-1466.045	39.60874	49.97766	0.0828295	0.1087289	1.459714	0	0	0	
18.728	24	19	50	5	2	-1466.045	39.60874	49.97766	0.0828295	0.1087289	1.459714	0	0	0	
18.728	24	19	50	5	2	-1466.045	39.60874	49.97766	0.0828295	0.1087289	1.459714	0	0	0	
18.728	24	19	50	5	2	-1466.045	39.60874	49.97766	0.0828295	0.1087289	1.459714	0	0	0	
18.728	24	19	50	6	2	-1466.045	39.60874	49.97766	0.0828295	0.1087289	1.459714	0	0	0	
18.728	24	19	50	6	2	-1466.045	39.60874	49.97766	0.0828295	0.1087289	1.459714	0	0	0	
18.728	24	19	50	6	2	-1466.045	39.60874	49.97766	0.0828295	0.1087289	1.459714	0	0	0	
18.728	24	19	50	6	2	-1466.045	39.60874	49.97766	0.0828295	0.1087289	1.459714	0	0	0	
18.728	24	19	50	6	2	-1466.045	39.60874	49.97766	0.0828295	0.1087289	1.459714	0	0	0	
18.728	24	19	50	6	2	-1466.045	39.60874	49.97766	0.0828295	0.1087289	1.459714	0	0	0	
18.728	24	19	50	6	2	-1466.045	39.60874	49.97766	0.0828295	0.1087289	1.459714	0	0	0	
18.728	24	19	50	6	2	-1466.045	39.60874	49.97766	0.0828295	0.1087289	1.459714	0	0	0	
18.728	24	19	50	6	2	-1466.045	39.60874	49.97766	0.0828295	0.1087289	1.459714	0	0	0	
18.728	24	19	50	6	2	-1466.045	39.60874	49.97766	0.0828295	0.1087289	1.459714	0	0	0	
18.728	24	19	50	6	2	-1466.045	39.60874	49.97766	0.0828295	0.1087289	1.459714	0	0	0	
18.728	24	19	50	6	2	-1466.045	39.60874	49.97766	0.0828295	0.1087289	1.459714	0	0	0	
18.728	24	19	50	6	2	-1466.045	39.60874	49.97766	0.0828295	0.1087289	1.459714	0	0	0	
18.728	24	19	50	6	2	-1466.045	39.60874	49.97766	0.0828295	0.1087289	1.459714	0	0	0	
18.728	24	19	50	6	2	-1466.045	39.60874	49.97766	0.0828295	0.1087289	1.459714	0	0	0	
18.728	24	19	50	6	2	-1466.045	39.60874	49.97766	0.0828295	0.1087289	1.459714	0	0	0	
18.728	24	19	50	6	2	-1466.045	39.60874	49.97766	0.0828295	0.1087289	1.459714	0	0	0	
18.728	24	19	50	6	2	-1466.045	39.60874	49.97766	0.0828295	0.1087289	1.459714	0	0	0	
18.728	24	19	50	6	2	-1466.045	39.60874	49.97766	0.0828295	0.1087289	1.459714	0	0	0	
18.728	24	19	50	6	2	-1466.045	39.60874	49.97766	0.0828295	0.1087289	1.459714	0	0	0	
18.728	24	19	50	7	2	-1466.045	39.60874	49.97766	0.0828295	0.1087289	1.459714	0	0	0	
18.728	24	19	50	7	2	-1466.045	39.60874	49.97766	0.0828295	0.1087289	1.459714	0	0	0	
18.728	24	19	50	7	2	-1466.045	39.60874	49.97766	0.0828295	0.1087289	1.459714	0	0	0	
18.728	24	19	50	7	2	-1466.045	39.60874	49.97766	0.0828295	0.1087289	1.459714	0	0	0	
18.728	24	19	50	7	2	-1466.045	39.60874	49.97766	0.0828295	0.1087289	1.459714	0	0	0	
18.728	24	19	50	7	2	-1466.045	39.60874	49.97766	0.0828295	0.1087289	1.459714	0	0	0	
18.728	24	19	50	7	2	-1466.045	39.60874	49.97766	0.0828295	0.1087289	1.459714	0	0	0	
18.728	24	19	50	7	2	-1466.045	39.60874	49.97766	0.0828295	0.1087289	1.459714	0	0	0	
18.728	24	19	50	7	2	-1466.045	39.60874	49.97766	0.0828295	0.1087289	1.459714	0	0	0	
18.728	24	19	50	7	2	-1466.045	39.60874	49.97766	0.0828295	0.1087289	1.459714	0	0	0	
18.728	24	19	50	7	2	-1466.045	39.60874	49.97766	0.0828295	0.1087289	1.459714	0	0	0	
18.728	24	19	50	7	2	-1466.045	39.60874	49.97766	0.0828295	0.1087289	1.459714	0	0	0	
18.728	24	19	50	7	2	-1466.045	39.60874	49.97766	0.0828295	0.1087289	1.459714	0	0	0	
18.728	24	19	50	7	2	-1466.045	39.60874	49.97766	0.0828295	0.1087289	1.459714	0	0	0	
18.728	24	19	50	7	2	-1466.045	39.60874	49.97766	0.0828295	0.1087289	1.459714	0	0	0	
18.728	24	19	50	7	2	-1466.045	39.60874	49.97766	0.0828295	0.1087289	1.459714	0	0	0	
18.728	24	19	50	7	2	-1466.045	39.60874	49.97766	0.0828295	0.1087289	1.459714	0	0	0	
18.728	24	19	50	7	2	-1466.045	39.60874	49.97766	0.0828295	0.1087289	1.459714	0	0	0	
18.728	24	19	50	7	2	-1466.045	39.60874	49.97766	0.0828295	0.1087289	1.459714	0	0	0	
18.728	24	19	50	7	2	-1466.045	39.60874	49.97766	0.0828295	0.1087289	1.459714	0	0	0	
18.728	24	19	50	8	2	-1466.045	39.60874	49.97766	0.0828295	0.1087289	1.459714	0	0	0	
18.728	24	19	50	8	2	-1466.045	39.60874	49.97766	0.0828295	0.1087289	1.459714	0	0	0	
18.728	24	19	50	8	2	-1466.045	39.60874	49.97766	0.0828295	0.1087289	1.459714	0	0	0	
18.728	24	19	50	8	2	-1466.045	39.60874	49.97766	0.0828295	0.1087289	1.459714	0	0	0	
18.728	24	19	50	8	2	-1466.045	39.60874	49.97766	0.0828295	0.1087289	1.459714	0	0	0	
18.728	24	19	50	8	2	-1466.045	39.60874	49.97766	0.0828295	0.1087289	1.459714	0	0	0	
18.728	24	19	50	8	2	-1466.045	39.60874	49.97766	0.0828295	0.1087289	1.459714	0	0	0	
18.728	24	19	50	8	2	-1466.045	39.60874	49.97766	0.0828295	0.1087289	1.459714	0	0	0	
18.728	24	19	50	8	2	-1466.045	39.60874	49.97766	0.0828295	0.1087289	1.459714	0	0	0	
18.728	24	19	50	8	2	-1466.045	39.60874	49.97766	0.0828295	0.1087289	1.459714	0	0	0	
18.728	24	19	50	8	2	-1466.045	39.60874	49.97766	0.0828295	0.1087289	1.459714	0	0	0	
18.728	24	19	50	8	2	-1466.045	39.60874	49.97766	0.0828295	0.1087289	1.459714	0	0	0	
18.728	24	19	50	8	2	-1466.045	39.60874	49.97766	0.0828295	0.1087289	1.459714	0	0	0	
18.728	24	19	50	8	2	-1466.045	39.60874	49.97766	0.0828295	0.1087289	1.459714	0	0	0	
18.728	24	19	50	8	2	-1466.045	39.60874	49.97766	0.0828295	0.1087289	1.459714	0	0	0	
18.728	24	19	50	8	2	-1466.045	39.60874	49.97766	0.0828295	0.1087289	1.459714	0	0	0	
18.728	24	19	50	8	2	-1466.045	39.60874	49.97766	0.0828295	0.1087289	1.459714	0	0	0	
18.728	24	19	50	8	2	-1466.045	39.60874	49.97766	0.0828295	0.1087289	1.459714	0	0	0	
18.728	24	19	50	8	2	-1466.045	39.60874	49.97766	0.0828295	0.1087289	1.459714	0	0	0	
18.728	24	19	50	8	2	-1466.045	39.60874	49.97766	0.0828295	0.1087289	1.459714	0	0	0	
18.728	24	19	50	9	2	-1466.045	39.60874	49.97766	0.0828295	0.1087289	1.459714	0	0	0	
18.728	24	19	50	9	2	-1466.045	39.60874	49.97766	0.0828295	0.1087289	1.459714	0	0	0	
18.728	24	19	50	9	2	-1466.045	39.60874	49.97766	0.0828295	0.1087289	1.459714	0	0	0	
18.728	24	19	50	9	2	-1466.045	39.60874	49.97766	0.0828295	0.1087289	1.459714	0	0	0	
18.728	24	19	50	9	2	-1466.045	39.60874	49.97766	0.0828295	0.1087289	1.459714	0	0	0	
18.728	24	19	50	9	2	-1466.045	39.60874	49.97766	0.0828295	0.1087289	1.459714	0	0	0	
18.728	24	19	50	9	2	-1466.045	39.60874	49.97766	0.0828295	0.1087289	1.459714	0	0	0	
18.728	24	19	50	9	2	-1466.045	39.60874	49.97766	0.0828295	0.1087289	1.459714	0	0	0	
18.728	24	19	50	9	2	-1466.045	39.60874	49.97766	0.0828295	0.1087289	1.459714	0	0	0	
18.728	24	19	50	9	2	-1466.045	39.60874	49.97766	0.0828295	0.1087289	1.459714	0	0	0	
18.728	24	19	50	9	2	-1466.045	39.60874	49.97766	0.0828295	0.1087289	1.459714	0	0	0	
18.728	24	19	50	9	2	-1466.045	39.60874	49.97766	0.0828295	0.1087289	1.459714	0	0	0	
18.728	24	19	50	9	2	-1466.045	39.60874	49.97766	0.0828295	0.1087289	1.459714	0	0	0	
18.728	24	19	50	9	2	-1466.045	39.60874	49.97766	0.0828295	0.1087289	1.459714	0	0	0	
18.728	24	19	50	9	2	-1466.045	39.60874	49.97766	0.0828295	0.1087289	1.459714	0	0	0	
18.728	24	19	50	9	2	-1466.045	39.60874	49.97766	0.0828295	0.1087289	1.459714	0	0	0	
18.728	24	19	50	9	2	-1466.045	39.60874	49.97766	0.0828295	0.1087289	1.459714	0	0	0	
18.728	24	19	50	9	2	-1466.045	39.60874	49.97766	0.0828295	0.1087289	1.459714	0	0	0	
18.728	24	19	50	9	2	-1466.045	39.60874	49.97766	0.0828295	0.1087289	1.459714	0	0	0	
18.728	24	19	50	9	2	-1466.045	39.60874	49.97766	0.0828295	0.1087289	1.459714	0	0	0	
18.728	24	19	50	10	2	-1466.045	39.60874	49.97766	0.0828295	0.1087289	1.459714	0	0	0	
18.728	24	19	50	10	2	-1466.045	39.60874	49.97766	0.0828295	0.1087289	1.459714	0	0	0	
18.728	24	19	50	10	2	-1466.045	39.60874	49.97766	0.0828295	0.1087289	1.459714	0	0	0	
18.728	24	19	50	10	2	-1466.045	39.60874	49.97766	0.0828295	0.1087289	1.459714	0	0	0	
18.728	24	19	50	10	2	-1466.045	39.60874	49.97766	0.0828295	0.1087289	1.459714	0	0	0	
18.728	24	19	50	10	2	-1466.045	39.60874	49.97766	0.0828295	0.1087289	1.459714	0	0	0	
18.728	24	19	50	10	2	-1466.045	39.60874	49.97766	0.0828295	0.1087289	1.459714	0	0	0	
18.728	24	19	50	10	2	-1466.045	39.60874	49.97766	0.0828295	0.1087289	1.459714	0	0	0	
18.728	24	19	50	10	2	-1466.045	39.60874	49.97766	0.0828295	0.1087289	1.459714	0	0	0	
18.728	24	19	50	10	2	-1466.045	39.60874	49.97766	0.0828295	0.1087289	1.459714	0	0	0	
18.728	24	19	50	10	2	-1466.045	39.60874	49.97766	0.0828295	0.1087289	1.459714	0	0	0	
18.728	24	19	50	10	2	-1466.045	39.60874	49.97766	0.0828295	0.1087289	1.459714	0	0	0	
18.728	24	19	50	10	2	-1466.045	39.60874	49.97766	0.0828295	0.1087289	1.459714	0	0	0	
18.728	24	19	50	10	2	-1466.045	39.60874	49.97766	0.0828295	0.1087289	1.459714	0	0	0	
18.728	24	19	50	10	2	-1466.045	39.60874	49.97766	0.0828295	0.1087289	1.459714	0	0	0	
18.728	24	19	50	10	2	-1466.045	39.60874	49.97766	0.0828295	0.1087289	1.459714	0	0	0	
18.728	24	19	50	10	2	-1466.045	39.60874	49.97766	0.0828295	0.1087289	1.459714	0	0	0	
18.728	24	19	50	10	2	-1466.045	39.60874	49.97766	0.0828295	0.1087289	1.459714	0	0	0	
18.728	24	19	50	10	2	-1466.045	39.60874	49.97766	0.0828295	0.1087289	1.459714	0	0	0	
18.728	24	19	50	10	2	-1466.045	39.60874	49.97766	0.0828295	0.1087289	1.459714	0	0	0	
18.728	24	19	50	11	2	-1466.045	39.60874	49.97766	0.0828295	0.1087289	1.459714	0	0	0	
18.728	24	19	50	11	2	-1466.045	39.60874	49.97766	0.0828295	0.1087289	1.459714	0	0	0	
18.728	24	19	50	11	2	-1466.045	39.60874	49.97766	0.0828295	0.1087289	1.459714	0	0	0	
18.728	24	19	50	11	2	-1466.045	39.60874	49.97766	0.0828295	0.1087289	1.459714	0	0	0	
18.728	24	19	50	11	2	-1466.045	39.60874	49.97766	0.0828295	0.1087289	1.459714	0	0	0	
18.728	24	19	50	11	2	-1466.045	39.60874	49.97766	0.0828295	0.1087289	1.459714	0	0	0	
18.728	24	19	50	11	2	-1466.045	39.60874	49.97766	0.0828295	0.1087289	1.459714	0	0	0	
18.728	24	19	50	11	2	-1466.045	39.60874	49.97766	0.0828295	0.1087289	1.459714	0	0	0	
18.728	24	19	50	11	2	-1466.045	39.60874	49.97766	0.0828295	0.1087289	1.459714	0	0	0	
18.728	24	19	50	11	2	-1466.045	39.60874	49.97766	0.0828295	0.1087289	1.459714	0	0	0	
18.728	24	19	50	11	2	-1466.045	39.60874	49.97766	0.0828295	0.1087289	1.459714	0	0	0	
18.728	24	19	50	11	2	-1466.045	39.60874	49.97766	0.0828295	0.1087289	1.459714	0	0	0	
18.728	24	19	50	11	2	-1466.045	39.60874	49.97766	0.0828295	0.1087289	1.459714	0	0	0	
18.728	24	19	50	11	2	-1466.045	39.60874	49.97766	0.0828295	0.1087289	1.459714	0	0	0	
18.728	24	19	50	11	2	-1466.045	39.60874	49.97766	0.0828295	0.1087289	1.459714	0	0	0	
18.728	24	19	50	11	2	-1466.045	39.60874	49.97766	0.0828295	0.1087289	1.459714	0	0	0	
18.728	24	19	50	11	2	-1466.045	39.60874	49.97766	0.0828295	0.1087289	1.459714	0	0	0	
18.728	24	19	50	11	2	-1466.045	39.60874	49.97766	0.0828295	0.1087289	1.459714	0	0	0	
18.728	24	19	50	11	2	-1466.045	39.60874	49.97766	0.0828295	0.1087289	1.459714	0	0	0	
18.728	24	19	50	11	2	-1466.045	39.60874	49.97766	0.0828295	0.1087289	1.459714	0	0	0	
18.728	24	19	50	12	2	-1466.045	39.60874	49.97766	0.0828295	0.1087289	1.459714	0	0	0	
18.728	24	19	50	12	2	-1466.045	39.60874	49.97766	0.0828295	0.1087289	1.459714	0	0	0	
18.728	24	19	50	12	2	-1466.045	39.60874	49.97766	0.0828295	0.1087289	1.459714	0	0	0	
18.728	24	19	50	12	2	-1466.045	39.60874	49.97766	0.0828295	0.1087289	1.459714	0	0	0	
18.728	24	19	50	12	2	-1466.045	39.60874	49.97766	0.0828295	0.1087289	1.459714	0	0	0	
18.728	24	19	50	12	2	-1466.045	39.60874	49.97766	0.0828295	0.1087289	1.459714	0	0	0	
18.728	24	19	50	12	2	-1466.045	39.60874	49.97766	0.0828295	0.1087289	1.459714	0	0	0	
18.728	24	19	50	12	2	-1466.045	39.60874	49.97766	0.0828295	0.1087289	1.459714	0	0	0	
18.728	24	19	50	12	2	-1466.045	39.60874	49.97766	0.0828295	0.1087289	1.459714	0	0	0	
18.728	24	19	50	12	2	-1466.045	39.60874	49.97766	0.0828295	0.1087289	1.459714	0	0	0	
18.728	24	19	50	12	2	-1466.045	39.60874	49.97766	0.0828295	0.1087289	1.459714	0	0	0	
18.728	24	19	50	12	2	-1466.045	39.60874	49.97766	0.0828295	0.1087289	1.459714	0	0	0	
18.728	24	19	50	12	2	-1466.045	39.60874	49.97766	0.0828295	0.1087289	1.459714	0	0	0	
18.728	24	19	50	12	2	-1466.045	39.60874	49.97766	0.0828295	0.1087289	1.459714	0	0	0	
18.728	24	19	50	12	2	-1466.045	39.60874	49.97766	0.0828295	0.1087289	1.459714	0	0	0	
18.728	24	19	50	12	2	-1466.045	39.60874	49.97766	0.0828295	0.1087289	1.459714	0	0	0	
18.728	24	19	50	12	2	-1466.045	39.60874	49.97766	0.0828295	0.1087289	1.459714	0	0	0	
18.728	24	19	50	12	2	-1466.045	39.60874	49.97766	0.0828295	0.1087289	1.459714	0	0	0	
18.728	24	19	50	12	2	-1466.045	39.60874	49.97766	0.0828295	0.1087289	1.459714	0	0	0	
18.728	24	19	50	12	2	-1466.045	39.60874	49.97766	0.0828295	0.1087289	1.459714	0	0	0	
18.728	24	19	50	13	2	-1466.045	39.60874	49.97766	0.0828295	0.1087289	1.459714	0	0	0	
18.728	24	19	50	13	2	-1466.045	39.60874	49.97766	0.0828295	0.1087289	1.459714	0	0	0	
18.728	24	19	50	13	2	-1466.045	39.60874	49.97766	0.0828295	0.1087289	1.459714	0	0	0	
18.728	24	19	50	13	2	-1466.045	39.60874	49.97766	0.0828295	0.1087289	1.459714	0	0	0	
18.728	24	19	50	13	2	-1466.045	39.60874	49.97766	0.0828295	0.1087289	1.459714	0	0	0	
18.728	24	19	50	13	2	-1466.045	39.60874	49.97766	0.0828295	0.1087289	1.459714	0	0	0	
18.728	24	19	50	13	2	-1466.045	39.60874	49.97766	0.0828295	0.1087289	1.459714	0	0	0	
18.728	24	19	50	13	2	-1466.045	39.60874	49.97766	0.0828295	0.1087289	1.459714	0	0	0	
18.728	24	19	50	13	2	-1466.045	39.60874	49.97766	0.0828295	0.1087289	1.459714	0	0	0	
18.728	24	19	50	13	2	-1466.045	39.60874	49.97766	0.0828295	0.1087289	1.459714	0	0	0	
18.728	24	19	50	13	2	-1466.045	39.60874	49.97766	0.0828295	0.1087289	1.459714	0	0	0	
18.728	24	19	50	13	2	-1466.045	39.60874	49.97766	0.0828295	0.1087289	1.459714	0	0	0	
18.728	24	19	50	13	2	-1466.045	39.60874	49.97766	0.0828295	0.1087289	1.459714	0	0	0	
18.728	24	19	50	13	2	-1466.045	39.60874	49.97766	0.0828295	0.1087289	1.459714	0	0	0	
18.728	24	19	50	13	2	-1466.045	39.60874	49.97766	0.0828295	0.1087289	1.459714	0	0	0	
18.728	24	19	50	13	2	-1466.045	39.60874	49.97766	0.0828295	0.1087289	1.459714	0	0	0	
18.728	24	19	50	13	2	-1466.045	39.60874	49.97766	0.0828295	0.1087289	1.459714	0	0	0	
18.728	24	19	50	13	2	-1466.045	39.60874	49.97766	0.0828295	0.1087289	1.459714	0	0	0	
18.728	24	19	50	13	2	-1466.045	39.60874	49.97766	0.0828295	0.1087289	1.459714	0	0	0	
18.728	24	19	50	13	2	-1466.045	39.60874	49.97766	0.0828295	0.1087289	1.459714	0	0	0	
18.728	24	19	50	14	2	-1466.045	39.60874	49.97766	0.0828295	0.1087289	1.459714	0	0	0	
18.728	24	19	50	14	2	-1466.045	39.60874	49.97766	0.0828295	0.1087289	1.459714	0	0	0	
