time	day	hour	min	sec	control_state	uav_pos_x	uav_pos_y	uav_pos_z	uav_roll	uav_pitch	uav_yaw	uav_vel_x	uav_vel_y	uav_vel_z	vessel_a_error	vessel_b_error	vessel_c_error	vessel_d_error	vessel_e_error	vessel_f_error	vessel_g_error	
0	20	14	32	40	0	0	0	0	0	0	0	0	0	0	8660.254	8660.254	8660.254	8660.254	8660.254	8660.254	8660.254	
0	20	14	32	40	0	0	0	0	0	0	0	0	0	0	8660.254	8660.254	8660.254	8660.254	8660.254	8660.254	8660.254	
0	20	14	32	40	0	0	0	0	0	0	0	0	0	0	8660.254	8660.254	8660.254	8660.254	8660.254	8660.254	8660.254	
0	20	14	32	40	0	0	0	0	0	0	0	0	0	0	8660.254	8660.254	8660.254	8660.254	8660.254	8660.254	8660.254	
0	20	14	32	40	0	0	0	0	0	0	0	0	0	0	8660.254	8660.254	8660.254	8660.254	8660.254	8660.254	8660.254	
0	20	14	32	40	0	0	0	0	0	0	0	0	0	0	8660.254	8660.254	8660.254	8660.254	8660.254	8660.254	8660.254	
0	20	14	32	40	0	0	0	0	0	0	0	0	0	0	8660.254	8660.254	8660.254	8660.254	8660.254	8660.254	8660.254	
0	20	14	32	40	0	0	0	0	0	0	0	0	0	0	8660.254	8660.254	8660.254	8660.254	8660.254	8660.254	8660.254	
0	20	14	32	40	0	0	0	0	0	0	0	0	0	0	8660.254	8660.254	8660.254	8660.254	8660.254	8660.254	8660.254	
0	20	14	32	40	0	0	0	0	0	0	0	0	0	0	8660.254	8660.254	8660.254	8660.254	8660.254	8660.254	8660.254	
0	20	14	32	40	0	0	0	0	0	0	0	0	0	0	8660.254	8660.254	8660.254	8660.254	8660.254	8660.254	8660.254	
0	20	14	32	40	0	0	0	0	0	0	0	0	0	0	8660.254	8660.254	8660.254	8660.254	8660.254	8660.254	8660.254	
0	20	14	32	40	0	0	0	0	0	0	0	0	0	0	8660.254	8660.254	8660.254	8660.254	8660.254	8660.254	8660.254	
0	20	14	32	40	0	0	0	0	0	0	0	0	0	0	8660.254	8660.254	8660.254	8660.254	8660.254	8660.254	8660.254	
0	20	14	32	40	0	0	0	0	0	0	0	0	0	0	8660.254	8660.254	8660.254	8660.254	8660.254	8660.254	8660.254	
0	20	14	32	41	0	0	0	0	0	0	0	0	0	0	8660.254	8660.254	8660.254	8660.254	8660.254	8660.254	8660.254	
0	20	14	32	41	0	0	0	0	0	0	0	0	0	0	8660.254	8660.254	8660.254	8660.254	8660.254	8660.254	8660.254	
0	20	14	32	41	0	0	0	0	0	0	0	0	0	0	8660.254	8660.254	8660.254	8660.254	8660.254	8660.254	8660.254	
0	20	14	32	41	0	0	0	0	0	0	0	0	0	0	8660.254	8660.254	8660.254	8660.254	8660.254	8660.254	8660.254	
0	20	14	32	41	0	0	0	0	0	0	0	0	0	0	8660.254	8660.254	8660.254	8660.254	8660.254	8660.254	8660.254	
0	20	14	32	41	0	0	0	0	0	0	0	0	0	0	8660.254	8660.254	8660.254	8660.254	8660.254	8660.254	8660.254	
0	20	14	32	41	0	0	0	0	0	0	0	0	0	0	8660.254	8660.254	8660.254	8660.254	8660.254	8660.254	8660.254	
0	20	14	32	41	0	0	0	0	0	0	0	0	0	0	8660.254	8660.254	8660.254	8660.254	8660.254	8660.254	8660.254	
0	20	14	32	41	0	0	0	0	0	0	0	0	0	0	8660.254	8660.254	8660.254	8660.254	8660.254	8660.254	8660.254	
0	20	14	32	41	0	0	0	0	0	0	0	0	0	0	8660.254	8660.254	8660.254	8660.254	8660.254	8660.254	8660.254	
0	20	14	32	41	0	0	0	0	0	0	0	0	0	0	8660.254	8660.254	8660.254	8660.254	8660.254	8660.254	8660.254	
0	20	14	32	41	0	0	0	0	0	0	0	0	0	0	8660.254	8660.254	8660.254	8660.254	8660.254	8660.254	8660.254	
0	20	14	32	41	0	0	0	0	0	0	0	0	0	0	8660.254	8660.254	8660.254	8660.254	8660.254	8660.254	8660.254	
0	20	14	32	41	0	0	0	0	0	0	0	0	0	0	8660.254	8660.254	8660.254	8660.254	8660.254	8660.254	8660.254	
0	20	14	32	41	0	0	0	0	0	0	0	0	0	0	8660.254	8660.254	8660.254	8660.254	8660.254	8660.254	8660.254	
0	20	14	32	41	0	0	0	0	0	0	0	0	0	0	8660.254	8660.254	8660.254	8660.254	8660.254	8660.254	8660.254	
0	20	14	32	41	0	0	0	0	0	0	0	0	0	0	8660.254	8660.254	8660.254	8660.254	8660.254	8660.254	8660.254	
0	20	14	32	41	0	0	0	0	0	0	0	0	0	0	8660.254	8660.254	8660.254	8660.254	8660.254	8660.254	8660.254	
0	20	14	32	41	0	0	0	0	0	0	0	0	0	0	8660.254	8660.254	8660.254	8660.254	8660.254	8660.254	8660.254	
0	20	14	32	41	0	0	0	0	0	0	0	0	0	0	8660.254	8660.254	8660.254	8660.254	8660.254	8660.254	8660.254	
0	20	14	32	42	0	0	0	0	0	0	0	0	0	0	8660.254	8660.254	8660.254	8660.254	8660.254	8660.254	8660.254	
0	20	14	32	42	0	0	0	0	0	0	0	0	0	0	8660.254	8660.254	8660.254	8660.254	8660.254	8660.254	8660.254	
0	20	14	32	42	0	0	0	0	0	0	0	0	0	0	8660.254	8660.254	8660.254	8660.254	8660.254	8660.254	8660.254	
0	20	14	32	42	0	0	0	0	0	0	0	0	0	0	8660.254	8660.254	8660.254	8660.254	8660.254	8660.254	8660.254	
0	20	14	32	42	0	0	0	0	0	0	0	0	0	0	8660.254	8660.254	8660.254	8660.254	8660.254	8660.254	8660.254	
0	20	14	32	42	0	0	0	0	0	0	0	0	0	0	8660.254	8660.254	8660.254	8660.254	8660.254	8660.254	8660.254	
0	20	14	32	42	0	0	0	0	0	0	0	0	0	0	8660.254	8660.254	8660.254	8660.254	8660.254	8660.254	8660.254	
0	20	14	32	42	0	0	0	0	0	0	0	0	0	0	8660.254	8660.254	8660.254	8660.254	8660.254	8660.254	8660.254	
0	20	14	32	42	0	0	0	0	0	0	0	0	0	0	8660.254	8660.254	8660.254	8660.254	8660.254	8660.254	8660.254	
0	20	14	32	42	0	0	0	0	0	0	0	0	0	0	8660.254	8660.254	8660.254	8660.254	8660.254	8660.254	8660.254	
0	20	14	32	42	0	0	0	0	0	0	0	0	0	0	8660.254	8660.254	8660.254	8660.254	8660.254	8660.254	8660.254	
0	20	14	32	42	0	0	0	0	0	0	0	0	0	0	8660.254	8660.254	8660.254	8660.254	8660.254	8660.254	8660.254	
0	20	14	32	42	0	0	0	0	0	0	0	0	0	0	8660.254	8660.254	8660.254	8660.254	8660.254	8660.254	8660.254	
0	20	14	32	42	0	0	0	0	0	0	0	0	0	0	8660.254	8660.254	8660.254	8660.254	8660.254	8660.254	8660.254	
0	20	14	32	42	0	0	0	0	0	0	0	0	0	0	8660.254	8660.254	8660.254	8660.254	8660.254	8660.254	8660.254	
0	20	14	32	42	0	0	0	0	0	0	0	0	0	0	8660.254	8660.254	8660.254	8660.254	8660.254	8660.254	8660.254	
0	20	14	32	42	0	0	0	0	0	0	0	0	0	0	8660.254	8660.254	8660.254	8660.254	8660.254	8660.254	8660.254	
0	20	14	32	42	0	0	0	0	0	0	0	0	0	0	8660.254	8660.254	8660.254	8660.254	8660.254	8660.254	8660.254	
0	20	14	32	42	0	0	0	0	0	0	0	0	0	0	8660.254	8660.254	8660.254	8660.254	8660.254	8660.254	8660.254	
0	20	14	32	42	0	0	0	0	0	0	0	0	0	0	8660.254	8660.254	8660.254	8660.254	8660.254	8660.254	8660.254	
0	20	14	32	43	0	0	0	0	0	0	0	0	0	0	8660.254	8660.254	8660.254	8660.254	8660.254	8660.254	8660.254	
0	20	14	32	43	0	0	0	0	0	0	0	0	0	0	8660.254	8660.254	8660.254	8660.254	8660.254	8660.254	8660.254	
0	20	14	32	43	0	0	0	0	0	0	0	0	0	0	8660.254	8660.254	8660.254	8660.254	8660.254	8660.254	8660.254	
0	20	14	32	43	0	0	0	0	0	0	0	0	0	0	8660.254	8660.254	8660.254	8660.254	8660.254	8660.254	8660.254	
0	20	14	32	43	0	0	0	0	0	0	0	0	0	0	8660.254	8660.254	8660.254	8660.254	8660.254	8660.254	8660.254	
0	20	14	32	43	0	0	0	0	0	0	0	0	0	0	8660.254	8660.254	8660.254	8660.254	8660.254	8660.254	8660.254	
0	20	14	32	43	0	0	0	0	0	0	0	0	0	0	8660.254	8660.254	8660.254	8660.254	8660.254	8660.254	8660.254	
0	20	14	32	43	0	0	0	0	0	0	0	0	0	0	8660.254	8660.254	8660.254	8660.254	8660.254	8660.254	8660.254	
0	20	14	32	43	0	0	0	0	0	0	0	0	0	0	8660.254	8660.254	8660.254	8660.254	8660.254	8660.254	8660.254	
0	20	14	32	43	0	0	0	0	0	0	0	0	0	0	8660.254	8660.254	8660.254	8660.254	8660.254	8660.254	8660.254	
0	20	14	32	43	0	0	0	0	0	0	0	0	0	0	8660.254	8660.254	8660.254	8660.254	8660.254	8660.254	8660.254	
0	20	14	32	43	0	0	0	0	0	0	0	0	0	0	8660.254	8660.254	8660.254	8660.254	8660.254	8660.254	8660.254	
0	20	14	32	43	0	0	0	0	0	0	0	0	0	0	8660.254	8660.254	8660.254	8660.254	8660.254	8660.254	8660.254	
0	20	14	32	43	0	0	0	0	0	0	0	0	0	0	8660.254	8660.254	8660.254	8660.254	8660.254	8660.254	8660.254	
0	20	14	32	43	0	0	0	0	0	0	0	0	0	0	8660.254	8660.254	8660.254	8660.254	8660.254	8660.254	8660.254	
0	20	14	32	43	0	0	0	0	0	0	0	0	0	0	8660.254	8660.254	8660.254	8660.254	8660.254	8660.254	8660.254	
0	20	14	32	43	0	0	0	0	0	0	0	0	0	0	8660.254	8660.254	8660.254	8660.254	8660.254	8660.254	8660.254	
0	20	14	32	43	0	0	0	0	0	0	0	0	0	0	8660.254	8660.254	8660.254	8660.254	8660.254	8660.254	8660.254	
0	20	14	32	43	0	0	0	0	0	0	0	0	0	0	8660.254	8660.254	8660.254	8660.254	8660.254	8660.254	8660.254	
0	20	14	32	43	0	0	0	0	0	0	0	0	0	0	8660.254	8660.254	8660.254	8660.254	8660.254	8660.254	8660.254	
0	20	14	32	44	0	0	0	0	0	0	0	0	0	0	8660.254	8660.254	8660.254	8660.254	8660.254	8660.254	8660.254	
0	20	14	32	44	0	0	0	0	0	0	0	0	0	0	8660.254	8660.254	8660.254	8660.254	8660.254	8660.254	8660.254	
0	20	14	32	44	0	0	0	0	0	0	0	0	0	0	8660.254	8660.254	8660.254	8660.254	8660.254	8660.254	8660.254	
0	20	14	32	44	0	0	0	0	0	0	0	0	0	0	8660.254	8660.254	8660.254	8660.254	8660.254	8660.254	8660.254	
0	20	14	32	44	0	0	0	0	0	0	0	0	0	0	8660.254	8660.254	8660.254	8660.254	8660.254	8660.254	8660.254	
0	20	14	32	44	0	0	0	0	0	0	0	0	0	0	8660.254	8660.254	8660.254	8660.254	8660.254	8660.254	8660.254	
0	20	14	32	44	0	0	0	0	0	0	0	0	0	0	8660.254	8660.254	8660.254	8660.254	8660.254	8660.254	8660.254	
0	20	14	32	44	0	0	0	0	0	0	0	0	0	0	8660.254	8660.254	8660.254	8660.254	8660.254	8660.254	8660.254	
0	20	14	32	44	0	0	0	0	0	0	0	0	0	0	8660.254	8660.254	8660.254	8660.254	8660.254	8660.254	8660.254	
0	20	14	32	44	0	0	0	0	0	0	0	0	0	0	8660.254	8660.254	8660.254	8660.254	8660.254	8660.254	8660.254	
0	20	14	32	44	0	0	0	0	0	0	0	0	0	0	8660.254	8660.254	8660.254	8660.254	8660.254	8660.254	8660.254	
0	20	14	32	44	0	0	0	0	0	0	0	0	0	0	8660.254	8660.254	8660.254	8660.254	8660.254	8660.254	8660.254	
0	20	14	32	44	0	0	0	0	0	0	0	0	0	0	8660.254	8660.254	8660.254	8660.254	8660.254	8660.254	8660.254	
0	20	14	32	44	0	0	0	0	0	0	0	0	0	0	8660.254	8660.254	8660.254	8660.254	8660.254	8660.254	8660.254	
0	20	14	32	44	0	0	0	0	0	0	0	0	0	0	8660.254	8660.254	8660.254	8660.254	8660.254	8660.254	8660.254	
0	20	14	32	44	0	0	0	0	0	0	0	0	0	0	8660.254	8660.254	8660.254	8660.254	8660.254	8660.254	8660.254	
0	20	14	32	44	0	0	0	0	0	0	0	0	0	0	8660.254	8660.254	8660.254	8660.254	8660.254	8660.254	8660.254	
0	20	14	32	44	0	0	0	0	0	0	0	0	0	0	8660.254	8660.254	8660.254	8660.254	8660.254	8660.254	8660.254	
0	20	14	32	44	0	0	0	0	0	0	0	0	0	0	8660.254	8660.254	8660.254	8660.254	8660.254	8660.254	8660.254	
0	20	14	32	44	0	0	0	0	0	0	0	0	0	0	8660.254	8660.254	8660.254	8660.254	8660.254	8660.254	8660.254	
0	20	14	32	45	0	0	0	0	0	0	0	0	0	0	8660.254	8660.254	8660.254	8660.254	8660.254	8660.254	8660.254	
0	20	14	32	45	0	0	0	0	0	0	0	0	0	0	8660.254	8660.254	8660.254	8660.254	8660.254	8660.254	8660.254	
0	20	14	32	45	0	0	0	0	0	0	0	0	0	0	8660.254	8660.254	8660.254	8660.254	8660.254	8660.254	8660.254	
0	20	14	32	45	0	0	0	0	0	0	0	0	0	0	8660.254	8660.254	8660.254	8660.254	8660.254	8660.254	8660.254	
0	20	14	32	45	0	0	0	0	0	0	0	0	0	0	8660.254	8660.254	8660.254	8660.254	8660.254	8660.254	8660.254	
0	20	14	32	45	0	0	0	0	0	0	0	0	0	0	8660.254	8660.254	8660.254	8660.254	8660.254	8660.254	8660.254	
0	20	14	32	45	0	0	0	0	0	0	0	0	0	0	8660.254	8660.254	8660.254	8660.254	8660.254	8660.254	8660.254	
0	20	14	32	45	0	0	0	0	0	0	0	0	0	0	8660.254	8660.254	8660.254	8660.254	8660.254	8660.254	8660.254	
0	20	14	32	45	0	0	0	0	0	0	0	0	0	0	8660.254	8660.254	8660.254	8660.254	8660.254	8660.254	8660.254	
0	20	14	32	45	0	0	0	0	0	0	0	0	0	0	8660.254	8660.254	8660.254	8660.254	8660.254	8660.254	8660.254	
0	20	14	32	45	0	0	0	0	0	0	0	0	0	0	8660.254	8660.254	8660.254	8660.254	8660.254	8660.254	8660.254	
0	20	14	32	45	0	0	0	0	0	0	0	0	0	0	8660.254	8660.254	8660.254	8660.254	8660.254	8660.254	8660.254	
0	20	14	32	45	0	0	0	0	0	0	0	0	0	0	8660.254	8660.254	8660.254	8660.254	8660.254	8660.254	8660.254	
0	20	14	32	45	0	0	0	0	0	0	0	0	0	0	8660.254	8660.254	8660.254	8660.254	8660.254	8660.254	8660.254	
0	20	14	32	45	0	0	0	0	0	0	0	0	0	0	8660.254	8660.254	8660.254	8660.254	8660.254	8660.254	8660.254	
0	20	14	32	45	0	0	0	0	0	0	0	0	0	0	8660.254	8660.254	8660.254	8660.254	8660.254	8660.254	8660.254	
0	20	14	32	45	0	0	0	0	0	0	0	0	0	0	8660.254	8660.254	8660.254	8660.254	8660.254	8660.254	8660.254	
0	20	14	32	45	0	0	0	0	0	0	0	0	0	0	8660.254	8660.254	8660.254	8660.254	8660.254	8660.254	8660.254	
0	20	14	32	45	0	0	0	0	0	0	0	0	0	0	8660.254	8660.254	8660.254	8660.254	8660.254	8660.254	8660.254	
0	20	14	32	45	0	0	0	0	0	0	0	0	0	0	8660.254	8660.254	8660.254	8660.254	8660.254	8660.254	8660.254	
0	20	14	32	46	0	0	0	0	0	0	0	0	0	0	8660.254	8660.254	8660.254	8660.254	8660.254	8660.254	8660.254	
0	20	14	32	46	0	0	0	0	0	0	0	0	0	0	8660.254	8660.254	8660.254	8660.254	8660.254	8660.254	8660.254	
0	20	14	32	46	0	0	0	0	0	0	0	0	0	0	8660.254	8660.254	8660.254	8660.254	8660.254	8660.254	8660.254	
0	20	14	32	46	0	0	0	0	0	0	0	0	0	0	8660.254	8660.254	8660.254	8660.254	8660.254	8660.254	8660.254	
0	20	14	32	46	0	0	0	0	0	0	0	0	0	0	8660.254	8660.254	8660.254	8660.254	8660.254	8660.254	8660.254	
0	20	14	32	46	0	0	0	0	0	0	0	0	0	0	8660.254	8660.254	8660.254	8660.254	8660.254	8660.254	8660.254	
0	20	14	32	46	0	0	0	0	0	0	0	0	0	0	8660.254	8660.254	8660.254	8660.254	8660.254	8660.254	8660.254	
0	20	14	32	46	0	0	0	0	0	0	0	0	0	0	8660.254	8660.254	8660.254	8660.254	8660.254	8660.254	8660.254	
0	20	14	32	46	0	0	0	0	0	0	0	0	0	0	8660.254	8660.254	8660.254	8660.254	8660.254	8660.254	8660.254	
0	20	14	32	46	0	0	0	0	0	0	0	0	0	0	8660.254	8660.254	8660.254	8660.254	8660.254	8660.254	8660.254	
0	20	14	32	46	0	0	0	0	0	0	0	0	0	0	8660.254	8660.254	8660.254	8660.254	8660.254	8660.254	8660.254	
0	20	14	32	46	0	0	0	0	0	0	0	0	0	0	8660.254	8660.254	8660.254	8660.254	8660.254	8660.254	8660.254	
0	20	14	32	46	0	0	0	0	0	0	0	0	0	0	8660.254	8660.254	8660.254	8660.254	8660.254	8660.254	8660.254	
0	20	14	32	46	0	0	0	0	0	0	0	0	0	0	8660.254	8660.254	8660.254	8660.254	8660.254	8660.254	8660.254	
0	20	14	32	46	0	0	0	0	0	0	0	0	0	0	8660.254	8660.254	8660.254	8660.254	8660.254	8660.254	8660.254	
0	20	14	32	46	0	0	0	0	0	0	0	0	0	0	8660.254	8660.254	8660.254	8660.254	8660.254	8660.254	8660.254	
0	20	14	32	46	0	0	0	0	0	0	0	0	0	0	8660.254	8660.254	8660.254	8660.254	8660.254	8660.254	8660.254	
0	20	14	32	46	0	0	0	0	0	0	0	0	0	0	8660.254	8660.254	8660.254	8660.254	8660.254	8660.254	8660.254	
0	20	14	32	46	0	0	0	0	0	0	0	0	0	0	8660.254	8660.254	8660.254	8660.254	8660.254	8660.254	8660.254	
0	20	14	32	46	0	0	0	0	0	0	0	0	0	0	8660.254	8660.254	8660.254	8660.254	8660.254	8660.254	8660.254	
0	20	14	32	47	0	0	0	0	0	0	0	0	0	0	8660.254	8660.254	8660.254	8660.254	8660.254	8660.254	8660.254	
0	20	14	32	47	0	0	0	0	0	0	0	0	0	0	8660.254	8660.254	8660.254	8660.254	8660.254	8660.254	8660.254	
0	20	14	32	47	0	0	0	0	0	0	0	0	0	0	8660.254	8660.254	8660.254	8660.254	8660.254	8660.254	8660.254	
0	20	14	32	47	0	0	0	0	0	0	0	0	0	0	8660.254	8660.254	8660.254	8660.254	8660.254	8660.254	8660.254	
0	20	14	32	47	0	0	0	0	0	0	0	0	0	0	8660.254	8660.254	8660.254	8660.254	8660.254	8660.254	8660.254	
0	20	14	32	47	0	0	0	0	0	0	0	0	0	0	8660.254	8660.254	8660.254	8660.254	8660.254	8660.254	8660.254	
0	20	14	32	47	0	0	0	0	0	0	0	0	0	0	8660.254	8660.254	8660.254	8660.254	8660.254	8660.254	8660.254	
0	20	14	32	47	0	0	0	0	0	0	0	0	0	0	8660.254	8660.254	8660.254	8660.254	8660.254	8660.254	8660.254	
0	20	14	32	47	0	0	0	0	0	0	0	0	0	0	8660.254	8660.254	8660.254	8660.254	8660.254	8660.254	8660.254	
0	20	14	32	47	0	0	0	0	0	0	0	0	0	0	8660.254	8660.254	8660.254	8660.254	8660.254	8660.254	8660.254	
0	20	14	32	47	0	0	0	0	0	0	0	0	0	0	8660.254	8660.254	8660.254	8660.254	8660.254	8660.254	8660.254	
0	20	14	32	47	0	0	0	0	0	0	0	0	0	0	8660.254	8660.254	8660.254	8660.254	8660.254	8660.254	8660.254	
0	20	14	32	47	0	0	0	0	0	0	0	0	0	0	8660.254	8660.254	8660.254	8660.254	8660.254	8660.254	8660.254	
0	20	14	32	47	0	0	0	0	0	0	0	0	0	0	8660.254	8660.254	8660.254	8660.254	8660.254	8660.254	8660.254	
0	20	14	32	47	0	0	0	0	0	0	0	0	0	0	8660.254	8660.254	8660.254	8660.254	8660.254	8660.254	8660.254	
0	20	14	32	47	0	0	0	0	0	0	0	0	0	0	8660.254	8660.254	8660.254	8660.254	8660.254	8660.254	8660.254	
0	20	14	32	47	0	0	0	0	0	0	0	0	0	0	8660.254	8660.254	8660.254	8660.254	8660.254	8660.254	8660.254	
0	20	14	32	47	0	0	0	0	0	0	0	0	0	0	8660.254	8660.254	8660.254	8660.254	8660.254	8660.254	8660.254	
0	20	14	32	47	0	0	0	0	0	0	0	0	0	0	8660.254	8660.254	8660.254	8660.254	8660.254	8660.254	8660.254	
0	20	14	32	47	0	0	0	0	0	0	0	0	0	0	8660.254	8660.254	8660.254	8660.254	8660.254	8660.254	8660.254	
0	20	14	32	48	0	0	0	0	0	0	0	0	0	0	8660.254	8660.254	8660.254	8660.254	8660.254	8660.254	8660.254	
0	20	14	32	48	0	0	0	0	0	0	0	0	0	0	8660.254	8660.254	8660.254	8660.254	8660.254	8660.254	8660.254	
0	20	14	32	48	0	0	0	0	0	0	0	0	0	0	8660.254	8660.254	8660.254	8660.254	8660.254	8660.254	8660.254	
0	20	14	32	48	0	0	0	0	0	0	0	0	0	0	8660.254	8660.254	8660.254	8660.254	8660.254	8660.254	8660.254	
0	20	14	32	48	0	0	0	0	0	0	0	0	0	0	8660.254	8660.254	8660.254	8660.254	8660.254	8660.254	8660.254	
0	20	14	32	48	0	0	0	0	0	0	0	0	0	0	8660.254	8660.254	8660.254	8660.254	8660.254	8660.254	8660.254	
0	20	14	32	48	0	0	0	0	0	0	0	0	0	0	8660.254	8660.254	8660.254	8660.254	8660.254	8660.254	8660.254	
0	20	14	32	48	0	0	0	0	0	0	0	0	0	0	8660.254	8660.254	8660.254	8660.254	8660.254	8660.254	8660.254	
0	20	14	32	48	0	0	0	0	0	0	0	0	0	0	8660.254	8660.254	8660.254	8660.254	8660.254	8660.254	8660.254	
0	20	14	32	48	0	0	0	0	0	0	0	0	0	0	8660.254	8660.254	8660.254	8660.254	8660.254	8660.254	8660.254	
0	20	14	32	48	0	0	0	0	0	0	0	0	0	0	8660.254	8660.254	8660.254	8660.254	8660.254	8660.254	8660.254	
0	20	14	32	48	0	0	0	0	0	0	0	0	0	0	8660.254	8660.254	8660.254	8660.254	8660.254	8660.254	8660.254	
0	20	14	32	48	0	0	0	0	0	0	0	0	0	0	8660.254	8660.254	8660.254	8660.254	8660.254	8660.254	8660.254	
0	20	14	32	48	0	0	0	0	0	0	0	0	0	0	8660.254	8660.254	8660.254	8660.254	8660.254	8660.254	8660.254	
0	20	14	32	48	0	0	0	0	0	0	0	0	0	0	8660.254	8660.254	8660.254	8660.254	8660.254	8660.254	8660.254	
0	20	14	32	48	0	0	0	0	0	0	0	0	0	0	8660.254	8660.254	8660.254	8660.254	8660.254	8660.254	8660.254	
0	20	14	32	48	0	0	0	0	0	0	0	0	0	0	8660.254	8660.254	8660.254	8660.254	8660.254	8660.254	8660.254	
0	20	14	32	48	0	0	0	0	0	0	0	0	0	0	8660.254	8660.254	8660.254	8660.254	8660.254	8660.254	8660.254	
0	20	14	32	48	0	0	0	0	0	0	0	0	0	0	8660.254	8660.254	8660.254	8660.254	8660.254	8660.254	8660.254	
0	20	14	32	48	0	0	0	0	0	0	0	0	0	0	8660.254	8660.254	8660.254	8660.254	8660.254	8660.254	8660.254	
0	20	14	32	49	0	0	0	0	0	0	0	0	0	0	8660.254	8660.254	8660.254	8660.254	8660.254	8660.254	8660.254	
0	20	14	32	49	0	0	0	0	0	0	0	0	0	0	8660.254	8660.254	8660.254	8660.254	8660.254	8660.254	8660.254	
0	20	14	32	49	0	0	0	0	0	0	0	0	0	0	8660.254	8660.254	8660.254	8660.254	8660.254	8660.254	8660.254	
0	20	14	32	49	0	0	0	0	0	0	0	0	0	0	8660.254	8660.254	8660.254	8660.254	8660.254	8660.254	8660.254	
0	20	14	32	49	0	0	0	0	0	0	0	0	0	0	8660.254	8660.254	8660.254	8660.254	8660.254	8660.254	8660.254	
0	20	14	32	49	0	0	0	0	0	0	0	0	0	0	8660.254	8660.254	8660.254	8660.254	8660.254	8660.254	8660.254	
0	20	14	32	49	0	0	0	0	0	0	0	0	0	0	8660.254	8660.254	8660.254	8660.254	8660.254	8660.254	8660.254	
0	20	14	32	49	0	0	0	0	0	0	0	0	0	0	8660.254	8660.254	8660.254	8660.254	8660.254	8660.254	8660.254	
0	20	14	32	49	0	0	0	0	0	0	0	0	0	0	8660.254	8660.254	8660.254	8660.254	8660.254	8660.254	8660.254	
0	20	14	32	49	0	0	0	0	0	0	0	0	0	0	8660.254	8660.254	8660.254	8660.254	8660.254	8660.254	8660.254	
0	20	14	32	49	0	0	0	0	0	0	0	0	0	0	8660.254	8660.254	8660.254	8660.254	8660.254	8660.254	8660.254	
0	20	14	32	49	0	0	0	0	0	0	0	0	0	0	8660.254	8660.254	8660.254	8660.254	8660.254	8660.254	8660.254	
0	20	14	32	49	0	0	0	0	0	0	0	0	0	0	8660.254	8660.254	8660.254	8660.254	8660.254	8660.254	8660.254	
0	20	14	32	49	0	0	0	0	0	0	0	0	0	0	8660.254	8660.254	8660.254	8660.254	8660.254	8660.254	8660.254	
0	20	14	32	49	0	0	0	0	0	0	0	0	0	0	8660.254	8660.254	8660.254	8660.254	8660.254	8660.254	8660.254	
0	20	14	32	49	0	0	0	0	0	0	0	0	0	0	8660.254	8660.254	8660.254	8660.254	8660.254	8660.254	8660.254	
0	20	14	32	49	0	0	0	0	0	0	0	0	0	0	8660.254	8660.254	8660.254	8660.254	8660.254	8660.254	8660.254	
0	20	14	32	49	0	0	0	0	0	0	0	0	0	0	8660.254	8660.254	8660.254	8660.254	8660.254	8660.254	8660.254	
0	20	14	32	49	0	0	0	0	0	0	0	0	0	0	8660.254	8660.254	8660.254	8660.254	8660.254	8660.254	8660.254	
0	20	14	32	49	0	0	0	0	0	0	0	0	0	0	8660.254	8660.254	8660.254	8660.254	8660.254	8660.254	8660.254	
0	20	14	32	50	0	0	0	0	0	0	0	0	0	0	8660.254	8660.254	8660.254	8660.254	8660.254	8660.254	8660.254	
0	20	14	32	50	0	0	0	0	0	0	0	0	0	0	8660.254	8660.254	8660.254	8660.254	8660.254	8660.254	8660.254	
0	20	14	32	50	0	0	0	0	0	0	0	0	0	0	8660.254	8660.254	8660.254	8660.254	8660.254	8660.254	8660.254	
0	20	14	32	50	0	0	0	0	0	0	0	0	0	0	8660.254	8660.254	8660.254	8660.254	8660.254	8660.254	8660.254	
0	20	14	32	50	0	0	0	0	0	0	0	0	0	0	8660.254	8660.254	8660.254	8660.254	8660.254	8660.254	8660.254	
0	20	14	32	50	0	0	0	0	0	0	0	0	0	0	8660.254	8660.254	8660.254	8660.254	8660.254	8660.254	8660.254	
0	20	14	32	50	0	0	0	0	0	0	0	0	0	0	8660.254	8660.254	8660.254	8660.254	8660.254	8660.254	8660.254	
0	20	14	32	50	0	0	0	0	0	0	0	0	0	0	8660.254	8660.254	8660.254	8660.254	8660.254	8660.254	8660.254	
0	20	14	32	50	0	0	0	0	0	0	0	0	0	0	8660.254	8660.254	8660.254	8660.254	8660.254	8660.254	8660.254	
0	20	14	32	50	0	0	0	0	0	0	0	0	0	0	8660.254	8660.254	8660.254	8660.254	8660.254	8660.254	8660.254	
0	20	14	32	50	0	0	0	0	0	0	0	0	0	0	8660.254	8660.254	8660.254	8660.254	8660.254	8660.254	8660.254	
0	20	14	32	50	0	0	0	0	0	0	0	0	0	0	8660.254	8660.254	8660.254	8660.254	8660.254	8660.254	8660.254	
0	20	14	32	50	0	0	0	0	0	0	0	0	0	0	8660.254	8660.254	8660.254	8660.254	8660.254	8660.254	8660.254	
0	20	14	32	50	0	0	0	0	0	0	0	0	0	0	8660.254	8660.254	8660.254	8660.254	8660.254	8660.254	8660.254	
0	20	14	32	50	0	0	0	0	0	0	0	0	0	0	8660.254	8660.254	8660.254	8660.254	8660.254	8660.254	8660.254	
0	20	14	32	50	0	0	0	0	0	0	0	0	0	0	8660.254	8660.254	8660.254	8660.254	8660.254	8660.254	8660.254	
0	20	14	32	50	0	0	0	0	0	0	0	0	0	0	8660.254	8660.254	8660.254	8660.254	8660.254	8660.254	8660.254	
0	20	14	32	50	0	0	0	0	0	0	0	0	0	0	8660.254	8660.254	8660.254	8660.254	8660.254	8660.254	8660.254	
0	20	14	32	50	0	0	0	0	0	0	0	0	0	0	8660.254	8660.254	8660.254	8660.254	8660.254	8660.254	8660.254	
0	20	14	32	50	0	0	0	0	0	0	0	0	0	0	8660.254	8660.254	8660.254	8660.254	8660.254	8660.254	8660.254	
0	20	14	32	51	0	0	0	0	0	0	0	0	0	0	8660.254	8660.254	8660.254	8660.254	8660.254	8660.254	8660.254	
0	20	14	32	51	0	0	0	0	0	0	0	0	0	0	8660.254	8660.254	8660.254	8660.254	8660.254	8660.254	8660.254	
0	20	14	32	51	0	0	0	0	0	0	0	0	0	0	8660.254	8660.254	8660.254	8660.254	8660.254	8660.254	8660.254	
0	20	14	32	51	0	0	0	0	0	0	0	0	0	0	8660.254	8660.254	8660.254	8660.254	8660.254	8660.254	8660.254	
0	20	14	32	51	0	0	0	0	0	0	0	0	0	0	8660.254	8660.254	8660.254	8660.254	8660.254	8660.254	8660.254	
0	20	14	32	51	0	0	0	0	0	0	0	0	0	0	8660.254	8660.254	8660.254	8660.254	8660.254	8660.254	8660.254	
0	20	14	32	51	0	0	0	0	0	0	0	0	0	0	8660.254	8660.254	8660.254	8660.254	8660.254	8660.254	8660.254	
0	20	14	32	51	0	0	0	0	0	0	0	0	0	0	8660.254	8660.254	8660.254	8660.254	8660.254	8660.254	8660.254	
0	20	14	32	51	0	0	0	0	0	0	0	0	0	0	8660.254	8660.254	8660.254	8660.254	8660.254	8660.254	8660.254	
0	20	14	32	51	0	0	0	0	0	0	0	0	0	0	8660.254	8660.254	8660.254	8660.254	8660.254	8660.254	8660.254	
0	20	14	32	51	0	0	0	0	0	0	0	0	0	0	8660.254	8660.254	8660.254	8660.254	8660.254	8660.254	8660.254	
0	20	14	32	51	0	0	0	0	0	0	0	0	0	0	8660.254	8660.254	8660.254	8660.254	8660.254	8660.254	8660.254	
0	20	14	32	51	0	0	0	0	0	0	0	0	0	0	8660.254	8660.254	8660.254	8660.254	8660.254	8660.254	8660.254	
0	20	14	32	51	0	0	0	0	0	0	0	0	0	0	8660.254	8660.254	8660.254	8660.254	8660.254	8660.254	8660.254	
0	20	14	32	51	0	0	0	0	0	0	0	0	0	0	8660.254	8660.254	8660.254	8660.254	8660.254	8660.254	8660.254	
0	20	14	32	51	0	0	0	0	0	0	0	0	0	0	8660.254	8660.254	8660.254	8660.254	8660.254	8660.254	8660.254	
0	20	14	32	51	0	0	0	0	0	0	0	0	0	0	8660.254	8660.254	8660.254	8660.254	8660.254	8660.254	8660.254	
0	20	14	32	51	0	0	0	0	0	0	0	0	0	0	8660.254	8660.254	8660.254	8660.254	8660.254	8660.254	8660.254	
0	20	14	32	51	0	0	0	0	0	0	0	0	0	0	8660.254	8660.254	8660.254	8660.254	8660.254	8660.254	8660.254	
0	20	14	32	51	0	0	0	0	0	0	0	0	0	0	8660.254	8660.254	8660.254	8660.254	8660.254	8660.254	8660.254	
0	20	14	32	52	0	0	0	0	0	0	0	0	0	0	8660.254	8660.254	8660.254	8660.254	8660.254	8660.254	8660.254	
0	20	14	32	52	0	0	0	0	0	0	0	0	0	0	8660.254	8660.254	8660.254	8660.254	8660.254	8660.254	8660.254	
0	20	14	32	52	0	0	0	0	0	0	0	0	0	0	8660.254	8660.254	8660.254	8660.254	8660.254	8660.254	8660.254	
0	20	14	32	52	0	0	0	0	0	0	0	0	0	0	8660.254	8660.254	8660.254	8660.254	8660.254	8660.254	8660.254	
0	20	14	32	52	0	0	0	0	0	0	0	0	0	0	8660.254	8660.254	8660.254	8660.254	8660.254	8660.254	8660.254	
0	20	14	32	52	0	0	0	0	0	0	0	0	0	0	8660.254	8660.254	8660.254	8660.254	8660.254	8660.254	8660.254	
0	20	14	32	52	0	0	0	0	0	0	0	0	0	0	8660.254	8660.254	8660.254	8660.254	8660.254	8660.254	8660.254	
0	20	14	32	52	0	0	0	0	0	0	0	0	0	0	8660.254	8660.254	8660.254	8660.254	8660.254	8660.254	8660.254	
0	20	14	32	52	0	0	0	0	0	0	0	0	0	0	8660.254	8660.254	8660.254	8660.254	8660.254	8660.254	8660.254	
0	20	14	32	52	0	0	0	0	0	0	0	0	0	0	8660.254	8660.254	8660.254	8660.254	8660.254	8660.254	8660.254	
0	20	14	32	52	0	0	0	0	0	0	0	0	0	0	8660.254	8660.254	8660.254	8660.254	8660.254	8660.254	8660.254	
0	20	14	32	52	0	0	0	0	0	0	0	0	0	0	8660.254	8660.254	8660.254	8660.254	8660.254	8660.254	8660.254	
0	20	14	32	52	0	0	0	0	0	0	0	0	0	0	8660.254	8660.254	8660.254	8660.254	8660.254	8660.254	8660.254	
0	20	14	32	52	0	0	0	0	0	0	0	0	0	0	8660.254	8660.254	8660.254	8660.254	8660.254	8660.254	8660.254	
0	20	14	32	52	0	0	0	0	0	0	0	0	0	0	8660.254	8660.254	8660.254	8660.254	8660.254	8660.254	8660.254	
0	20	14	32	52	0	0	0	0	0	0	0	0	0	0	8660.254	8660.254	8660.254	8660.254	8660.254	8660.254	8660.254	
0	20	14	32	52	0	0	0	0	0	0	0	0	0	0	8660.254	8660.254	8660.254	8660.254	8660.254	8660.254	8660.254	
0	20	14	32	52	0	0	0	0	0	0	0	0	0	0	8660.254	8660.254	8660.254	8660.254	8660.254	8660.254	8660.254	
0	20	14	32	52	0	0	0	0	0	0	0	0	0	0	8660.254	8660.254	8660.254	8660.254	8660.254	8660.254	8660.254	
0	20	14	32	52	0	0	0	0	0	0	0	0	0	0	8660.254	8660.254	8660.254	8660.254	8660.254	8660.254	8660.254	
0	20	14	32	53	0	0	0	0	0	0	0	0	0	0	8660.254	8660.254	8660.254	8660.254	8660.254	8660.254	8660.254	
0	20	14	32	53	0	0	0	0	0	0	0	0	0	0	8660.254	8660.254	8660.254	8660.254	8660.254	8660.254	8660.254	
0	20	14	32	53	0	0	0	0	0	0	0	0	0	0	8660.254	8660.254	8660.254	8660.254	8660.254	8660.254	8660.254	
0	20	14	32	53	0	0	0	0	0	0	0	0	0	0	8660.254	8660.254	8660.254	8660.254	8660.254	8660.254	8660.254	
0	20	14	32	53	0	0	0	0	0	0	0	0	0	0	8660.254	8660.254	8660.254	8660.254	8660.254	8660.254	8660.254	
0	20	14	32	53	0	0	0	0	0	0	0	0	0	0	8660.254	8660.254	8660.254	8660.254	8660.254	8660.254	8660.254	
0	20	14	32	53	0	0	0	0	0	0	0	0	0	0	8660.254	8660.254	8660.254	8660.254	8660.254	8660.254	8660.254	
0	20	14	32	53	0	0	0	0	0	0	0	0	0	0	8660.254	8660.254	8660.254	8660.254	8660.254	8660.254	8660.254	
0	20	14	32	53	0	0	0	0	0	0	0	0	0	0	8660.254	8660.254	8660.254	8660.254	8660.254	8660.254	8660.254	
0	20	14	32	53	0	0	0	0	0	0	0	0	0	0	8660.254	8660.254	8660.254	8660.254	8660.254	8660.254	8660.254	
0	20	14	32	53	0	0	0	0	0	0	0	0	0	0	8660.254	8660.254	8660.254	8660.254	8660.254	8660.254	8660.254	
0	20	14	32	53	0	0	0	0	0	0	0	0	0	0	8660.254	8660.254	8660.254	8660.254	8660.254	8660.254	8660.254	
0	20	14	32	53	0	0	0	0	0	0	0	0	0	0	8660.254	8660.254	8660.254	8660.254	8660.254	8660.254	8660.254	
0	20	14	32	53	0	0	0	0	0	0	0	0	0	0	8660.254	8660.254	8660.254	8660.254	8660.254	8660.254	8660.254	
0	20	14	32	53	0	0	0	0	0	0	0	0	0	0	8660.254	8660.254	8660.254	8660.254	8660.254	8660.254	8660.254	
0	20	14	32	53	0	0	0	0	0	0	0	0	0	0	8660.254	8660.254	8660.254	8660.254	8660.254	8660.254	8660.254	
0	20	14	32	53	0	0	0	0	0	0	0	0	0	0	8660.254	8660.254	8660.254	8660.254	8660.254	8660.254	8660.254	
0	20	14	32	53	0	0	0	0	0	0	0	0	0	0	8660.254	8660.254	8660.254	8660.254	8660.254	8660.254	8660.254	
0	20	14	32	53	0	0	0	0	0	0	0	0	0	0	8660.254	8660.254	8660.254	8660.254	8660.254	8660.254	8660.254	
0	20	14	32	53	0	0	0	0	0	0	0	0	0	0	8660.254	8660.254	8660.254	8660.254	8660.254	8660.254	8660.254	
0	20	14	32	54	0	0	0	0	0	0	0	0	0	0	8660.254	8660.254	8660.254	8660.254	8660.254	8660.254	8660.254	
0	20	14	32	54	0	0	0	0	0	0	0	0	0	0	8660.254	8660.254	8660.254	8660.254	8660.254	8660.254	8660.254	
0	20	14	32	54	0	0	0	0	0	0	0	0	0	0	8660.254	8660.254	8660.254	8660.254	8660.254	8660.254	8660.254	
0	20	14	32	54	0	0	0	0	0	0	0	0	0	0	8660.254	8660.254	8660.254	8660.254	8660.254	8660.254	8660.254	
0	20	14	32	54	0	0	0	0	0	0	0	0	0	0	8660.254	8660.254	8660.254	8660.254	8660.254	8660.254	8660.254	
0	20	14	32	54	0	0	0	0	0	0	0	0	0	0	8660.254	8660.254	8660.254	8660.254	8660.254	8660.254	8660.254	
0	20	14	32	54	0	0	0	0	0	0	0	0	0	0	8660.254	8660.254	8660.254	8660.254	8660.254	8660.254	8660.254	
0	20	14	32	54	0	0	0	0	0	0	0	0	0	0	8660.254	8660.254	8660.254	8660.254	8660.254	8660.254	8660.254	
0	20	14	32	54	0	0	0	0	0	0	0	0	0	0	8660.254	8660.254	8660.254	8660.254	8660.254	8660.254	8660.254	
0	20	14	32	54	0	0	0	0	0	0	0	0	0	0	8660.254	8660.254	8660.254	8660.254	8660.254	8660.254	8660.254	
0	20	14	32	54	0	0	0	0	0	0	0	0	0	0	8660.254	8660.254	8660.254	8660.254	8660.254	8660.254	8660.254	
0	20	14	32	54	0	0	0	0	0	0	0	0	0	0	8660.254	8660.254	8660.254	8660.254	8660.254	8660.254	8660.254	
0	20	14	32	54	0	0	0	0	0	0	0	0	0	0	8660.254	8660.254	8660.254	8660.254	8660.254	8660.254	8660.254	
0	20	14	32	54	0	0	0	0	0	0	0	0	0	0	8660.254	8660.254	8660.254	8660.254	8660.254	8660.254	8660.254	
0	20	14	32	54	0	0	0	0	0	0	0	0	0	0	8660.254	8660.254	8660.254	8660.254	8660.254	8660.254	8660.254	
0	20	14	32	54	0	0	0	0	0	0	0	0	0	0	8660.254	8660.254	8660.254	8660.254	8660.254	8660.254	8660.254	
0	20	14	32	54	0	0	0	0	0	0	0	0	0	0	8660.254	8660.254	8660.254	8660.254	8660.254	8660.254	8660.254	
0	20	14	32	54	0	0	0	0	0	0	0	0	0	0	8660.254	8660.254	8660.254	8660.254	8660.254	8660.254	8660.254	
0	20	14	32	54	0	0	0	0	0	0	0	0	0	0	8660.254	8660.254	8660.254	8660.254	8660.254	8660.254	8660.254	
0	20	14	32	54	0	0	0	0	0	0	0	0	0	0	8660.254	8660.254	8660.254	8660.254	8660.254	8660.254	8660.254	
0	20	14	32	55	0	0	0	0	0	0	0	0	0	0	8660.254	8660.254	8660.254	8660.254	8660.254	8660.254	8660.254	
0	20	14	32	55	0	0	0	0	0	0	0	0	0	0	8660.254	8660.254	8660.254	8660.254	8660.254	8660.254	8660.254	
0	20	14	32	55	0	0	0	0	0	0	0	0	0	0	8660.254	8660.254	8660.254	8660.254	8660.254	8660.254	8660.254	
0	20	14	32	55	0	0	0	0	0	0	0	0	0	0	8660.254	8660.254	8660.254	8660.254	8660.254	8660.254	8660.254	
0	20	14	32	55	0	0	0	0	0	0	0	0	0	0	8660.254	8660.254	8660.254	8660.254	8660.254	8660.254	8660.254	
0	20	14	32	55	0	0	0	0	0	0	0	0	0	0	8660.254	8660.254	8660.254	8660.254	8660.254	8660.254	8660.254	
0	20	14	32	55	0	0	0	0	0	0	0	0	0	0	8660.254	8660.254	8660.254	8660.254	8660.254	8660.254	8660.254	
0	20	14	32	55	0	0	0	0	0	0	0	0	0	0	8660.254	8660.254	8660.254	8660.254	8660.254	8660.254	8660.254	
0	20	14	32	55	0	0	0	0	0	0	0	0	0	0	8660.254	8660.254	8660.254	8660.254	8660.254	8660.254	8660.254	
0	20	14	32	55	0	0	0	0	0	0	0	0	0	0	8660.254	8660.254	8660.254	8660.254	8660.254	8660.254	8660.254	
0	20	14	32	55	0	0	0	0	0	0	0	0	0	0	8660.254	8660.254	8660.254	8660.254	8660.254	8660.254	8660.254	
0	20	14	32	55	0	0	0	0	0	0	0	0	0	0	8660.254	8660.254	8660.254	8660.254	8660.254	8660.254	8660.254	
0	20	14	32	55	0	0	0	0	0	0	0	0	0	0	8660.254	8660.254	8660.254	8660.254	8660.254	8660.254	8660.254	
0	20	14	32	55	0	0	0	0	0	0	0	0	0	0	8660.254	8660.254	8660.254	8660.254	8660.254	8660.254	8660.254	
0	20	14	32	55	0	0	0	0	0	0	0	0	0	0	8660.254	8660.254	8660.254	8660.254	8660.254	8660.254	8660.254	
0	20	14	32	55	0	0	0	0	0	0	0	0	0	0	8660.254	8660.254	8660.254	8660.254	8660.254	8660.254	8660.254	
0	20	14	32	55	0	0	0	0	0	0	0	0	0	0	8660.254	8660.254	8660.254	8660.254	8660.254	8660.254	8660.254	
0	20	14	32	55	0	0	0	0	0	0	0	0	0	0	8660.254	8660.254	8660.254	8660.254	8660.254	8660.254	8660.254	
0	20	14	32	55	0	0	0	0	0	0	0	0	0	0	8660.254	8660.254	8660.254	8660.254	8660.254	8660.254	8660.254	
0	20	14	32	55	0	0	0	0	0	0	0	0	0	0	8660.254	8660.254	8660.254	8660.254	8660.254	8660.254	8660.254	
0	20	14	32	56	0	0	0	0	0	0	0	0	0	0	8660.254	8660.254	8660.254	8660.254	8660.254	8660.254	8660.254	
0	20	14	32	56	0	0	0	0	0	0	0	0	0	0	8660.254	8660.254	8660.254	8660.254	8660.254	8660.254	8660.254	
0	20	14	32	56	0	0	0	0	0	0	0	0	0	0	8660.254	8660.254	8660.254	8660.254	8660.254	8660.254	8660.254	
0	20	14	32	56	0	0	0	0	0	0	0	0	0	0	8660.254	8660.254	8660.254	8660.254	8660.254	8660.254	8660.254	
0	20	14	32	56	0	0	0	0	0	0	0	0	0	0	8660.254	8660.254	8660.254	8660.254	8660.254	8660.254	8660.254	
0	20	14	32	56	0	0	0	0	0	0	0	0	0	0	8660.254	8660.254	8660.254	8660.254	8660.254	8660.254	8660.254	
0	20	14	32	56	0	0	0	0	0	0	0	0	0	0	8660.254	8660.254	8660.254	8660.254	8660.254	8660.254	8660.254	
0	20	14	32	56	0	0	0	0	0	0	0	0	0	0	8660.254	8660.254	8660.254	8660.254	8660.254	8660.254	8660.254	
0	20	14	32	56	0	0	0	0	0	0	0	0	0	0	8660.254	8660.254	8660.254	8660.254	8660.254	8660.254	8660.254	
0	20	14	32	56	0	0	0	0	0	0	0	0	0	0	8660.254	8660.254	8660.254	8660.254	8660.254	8660.254	8660.254	
0	20	14	32	56	0	0	0	0	0	0	0	0	0	0	8660.254	8660.254	8660.254	8660.254	8660.254	8660.254	8660.254	
0	20	14	32	56	0	0	0	0	0	0	0	0	0	0	8660.254	8660.254	8660.254	8660.254	8660.254	8660.254	8660.254	
0	20	14	32	56	0	0	0	0	0	0	0	0	0	0	8660.254	8660.254	8660.254	8660.254	8660.254	8660.254	8660.254	
0	20	14	32	56	0	0	0	0	0	0	0	0	0	0	8660.254	8660.254	8660.254	8660.254	8660.254	8660.254	8660.254	
0	20	14	32	56	0	0	0	0	0	0	0	0	0	0	8660.254	8660.254	8660.254	8660.254	8660.254	8660.254	8660.254	
0	20	14	32	56	0	0	0	0	0	0	0	0	0	0	8660.254	8660.254	8660.254	8660.254	8660.254	8660.254	8660.254	
0	20	14	32	56	0	0	0	0	0	0	0	0	0	0	8660.254	8660.254	8660.254	8660.254	8660.254	8660.254	8660.254	
0	20	14	32	56	0	0	0	0	0	0	0	0	0	0	8660.254	8660.254	8660.254	8660.254	8660.254	8660.254	8660.254	
0	20	14	32	56	0	0	0	0	0	0	0	0	0	0	8660.254	8660.254	8660.254	8660.254	8660.254	8660.254	8660.254	
0	20	14	32	56	0	0	0	0	0	0	0	0	0	0	8660.254	8660.254	8660.254	8660.254	8660.254	8660.254	8660.254	
0	20	14	32	57	0	0	0	0	0	0	0	0	0	0	8660.254	8660.254	8660.254	8660.254	8660.254	8660.254	8660.254	
0	20	14	32	57	0	0	0	0	0	0	0	0	0	0	8660.254	8660.254	8660.254	8660.254	8660.254	8660.254	8660.254	
0	20	14	32	57	0	0	0	0	0	0	0	0	0	0	8660.254	8660.254	8660.254	8660.254	8660.254	8660.254	8660.254	
0	20	14	32	57	0	0	0	0	0	0	0	0	0	0	8660.254	8660.254	8660.254	8660.254	8660.254	8660.254	8660.254	
0	20	14	32	57	0	0	0	0	0	0	0	0	0	0	8660.254	8660.254	8660.254	8660.254	8660.254	8660.254	8660.254	
0	20	14	32	57	0	0	0	0	0	0	0	0	0	0	8660.254	8660.254	8660.254	8660.254	8660.254	8660.254	8660.254	
0	20	14	32	57	0	0	0	0	0	0	0	0	0	0	8660.254	8660.254	8660.254	8660.254	8660.254	8660.254	8660.254	
0	20	14	32	57	0	0	0	0	0	0	0	0	0	0	8660.254	8660.254	8660.254	8660.254	8660.254	8660.254	8660.254	
0	20	14	32	57	0	0	0	0	0	0	0	0	0	0	8660.254	8660.254	8660.254	8660.254	8660.254	8660.254	8660.254	
0	20	14	32	57	0	0	0	0	0	0	0	0	0	0	8660.254	8660.254	8660.254	8660.254	8660.254	8660.254	8660.254	
0	20	14	32	57	0	0	0	0	0	0	0	0	0	0	8660.254	8660.254	8660.254	8660.254	8660.254	8660.254	8660.254	
0	20	14	32	57	0	0	0	0	0	0	0	0	0	0	8660.254	8660.254	8660.254	8660.254	8660.254	8660.254	8660.254	
0	20	14	32	57	0	0	0	0	0	0	0	0	0	0	8660.254	8660.254	8660.254	8660.254	8660.254	8660.254	8660.254	
0	20	14	32	57	0	0	0	0	0	0	0	0	0	0	8660.254	8660.254	8660.254	8660.254	8660.254	8660.254	8660.254	
0	20	14	32	57	0	0	0	0	0	0	0	0	0	0	8660.254	8660.254	8660.254	8660.254	8660.254	8660.254	8660.254	
0	20	14	32	57	0	0	0	0	0	0	0	0	0	0	8660.254	8660.254	8660.254	8660.254	8660.254	8660.254	8660.254	
0	20	14	32	57	0	0	0	0	0	0	0	0	0	0	8660.254	8660.254	8660.254	8660.254	8660.254	8660.254	8660.254	
0	20	14	32	57	0	0	0	0	0	0	0	0	0	0	8660.254	8660.254	8660.254	8660.254	8660.254	8660.254	8660.254	
0	20	14	32	57	0	0	0	0	0	0	0	0	0	0	8660.254	8660.254	8660.254	8660.254	8660.254	8660.254	8660.254	
0	20	14	32	57	0	0	0	0	0	0	0	0	0	0	8660.254	8660.254	8660.254	8660.254	8660.254	8660.254	8660.254	
0	20	14	32	58	0	0	0	0	0	0	0	0	0	0	8660.254	8660.254	8660.254	8660.254	8660.254	8660.254	8660.254	
0	20	14	32	58	0	0	0	0	0	0	0	0	0	0	8660.254	8660.254	8660.254	8660.254	8660.254	8660.254	8660.254	
0	20	14	32	58	0	0	0	0	0	0	0	0	0	0	8660.254	8660.254	8660.254	8660.254	8660.254	8660.254	8660.254	
0	20	14	32	58	0	0	0	0	0	0	0	0	0	0	8660.254	8660.254	8660.254	8660.254	8660.254	8660.254	8660.254	
0	20	14	32	58	0	0	0	0	0	0	0	0	0	0	8660.254	8660.254	8660.254	8660.254	8660.254	8660.254	8660.254	
0	20	14	32	58	0	0	0	0	0	0	0	0	0	0	8660.254	8660.254	8660.254	8660.254	8660.254	8660.254	8660.254	
0	20	14	32	58	0	0	0	0	0	0	0	0	0	0	8660.254	8660.254	8660.254	8660.254	8660.254	8660.254	8660.254	
0	20	14	32	58	0	0	0	0	0	0	0	0	0	0	8660.254	8660.254	8660.254	8660.254	8660.254	8660.254	8660.254	
0	20	14	32	58	0	0	0	0	0	0	0	0	0	0	8660.254	8660.254	8660.254	8660.254	8660.254	8660.254	8660.254	
0	20	14	32	58	0	0	0	0	0	0	0	0	0	0	8660.254	8660.254	8660.254	8660.254	8660.254	8660.254	8660.254	
0	20	14	32	58	0	0	0	0	0	0	0	0	0	0	8660.254	8660.254	8660.254	8660.254	8660.254	8660.254	8660.254	
0	20	14	32	58	0	0	0	0	0	0	0	0	0	0	8660.254	8660.254	8660.254	8660.254	8660.254	8660.254	8660.254	
0	20	14	32	58	0	0	0	0	0	0	0	0	0	0	8660.254	8660.254	8660.254	8660.254	8660.254	8660.254	8660.254	
0	20	14	32	58	0	0	0	0	0	0	0	0	0	0	8660.254	8660.254	8660.254	8660.254	8660.254	8660.254	8660.254	
0	20	14	32	58	0	0	0	0	0	0	0	0	0	0	8660.254	8660.254	8660.254	8660.254	8660.254	8660.254	8660.254	
0	20	14	32	58	0	0	0	0	0	0	0	0	0	0	8660.254	8660.254	8660.254	8660.254	8660.254	8660.254	8660.254	
0	20	14	32	58	0	0	0	0	0	0	0	0	0	0	8660.254	8660.254	8660.254	8660.254	8660.254	8660.254	8660.254	
0	20	14	32	58	0	0	0	0	0	0	0	0	0	0	8660.254	8660.254	8660.254	8660.254	8660.254	8660.254	8660.254	
0	20	14	32	58	0	0	0	0	0	0	0	0	0	0	8660.254	8660.254	8660.254	8660.254	8660.254	8660.254	8660.254	
0	20	14	32	58	0	0	0	0	0	0	0	0	0	0	8660.254	8660.254	8660.254	8660.254	8660.254	8660.254	8660.254	
0	20	14	32	59	0	0	0	0	0	0	0	0	0	0	8660.254	8660.254	8660.254	8660.254	8660.254	8660.254	8660.254	
0	20	14	32	59	0	0	0	0	0	0	0	0	0	0	8660.254	8660.254	8660.254	8660.254	8660.254	8660.254	8660.254	
0	20	14	32	59	0	0	0	0	0	0	0	0	0	0	8660.254	8660.254	8660.254	8660.254	8660.254	8660.254	8660.254	
0	20	14	32	59	0	0	0	0	0	0	0	0	0	0	8660.254	8660.254	8660.254	8660.254	8660.254	8660.254	8660.254	
0	20	14	32	59	0	0	0	0	0	0	0	0	0	0	8660.254	8660.254	8660.254	8660.254	8660.254	8660.254	8660.254	
0	20	14	32	59	0	0	0	0	0	0	0	0	0	0	8660.254	8660.254	8660.254	8660.254	8660.254	8660.254	8660.254	
0	20	14	32	59	0	0	0	0	0	0	0	0	0	0	8660.254	8660.254	8660.254	8660.254	8660.254	8660.254	8660.254	
0	20	14	32	59	0	0	0	0	0	0	0	0	0	0	8660.254	8660.254	8660.254	8660.254	8660.254	8660.254	8660.254	
0	20	14	32	59	0	0	0	0	0	0	0	0	0	0	8660.254	8660.254	8660.254	8660.254	8660.254	8660.254	8660.254	
0	20	14	32	59	0	0	0	0	0	0	0	0	0	0	8660.254	8660.254	8660.254	8660.254	8660.254	8660.254	8660.254	
0	20	14	32	59	0	0	0	0	0	0	0	0	0	0	8660.254	8660.254	8660.254	8660.254	8660.254	8660.254	8660.254	
0	20	14	32	59	0	0	0	0	0	0	0	0	0	0	8660.254	8660.254	8660.254	8660.254	8660.254	8660.254	8660.254	
0	20	14	32	59	0	0	0	0	0	0	0	0	0	0	8660.254	8660.254	8660.254	8660.254	8660.254	8660.254	8660.254	
0	20	14	32	59	0	0	0	0	0	0	0	0	0	0	8660.254	8660.254	8660.254	8660.254	8660.254	8660.254	8660.254	
0	20	14	32	59	0	0	0	0	0	0	0	0	0	0	8660.254	8660.254	8660.254	8660.254	8660.254	8660.254	8660.254	
0	20	14	32	59	0	0	0	0	0	0	0	0	0	0	8660.254	8660.254	8660.254	8660.254	8660.254	8660.254	8660.254	
0	20	14	32	59	0	0	0	0	0	0	0	0	0	0	8660.254	8660.254	8660.254	8660.254	8660.254	8660.254	8660.254	
0	20	14	32	59	0	0	0	0	0	0	0	0	0	0	8660.254	8660.254	8660.254	8660.254	8660.254	8660.254	8660.254	
0	20	14	32	59	0	0	0	0	0	0	0	0	0	0	8660.254	8660.254	8660.254	8660.254	8660.254	8660.254	8660.254	
0	20	14	32	59	0	0	0	0	0	0	0	0	0	0	8660.254	8660.254	8660.254	8660.254	8660.254	8660.254	8660.254	
0	20	14	33	0	0	0	0	0	0	0	0	0	0	0	8660.254	8660.254	8660.254	8660.254	8660.254	8660.254	8660.254	
0	20	14	33	0	0	0	0	0	0	0	0	0	0	0	8660.254	8660.254	8660.254	8660.254	8660.254	8660.254	8660.254	
0	20	14	33	0	0	0	0	0	0	0	0	0	0	0	8660.254	8660.254	8660.254	8660.254	8660.254	8660.254	8660.254	
0	20	14	33	0	0	0	0	0	0	0	0	0	0	0	8660.254	8660.254	8660.254	8660.254	8660.254	8660.254	8660.254	
0	20	14	33	0	0	0	0	0	0	0	0	0	0	0	8660.254	8660.254	8660.254	8660.254	8660.254	8660.254	8660.254	
0	20	14	33	0	0	0	0	0	0	0	0	0	0	0	8660.254	8660.254	8660.254	8660.254	8660.254	8660.254	8660.254	
0	20	14	33	0	0	0	0	0	0	0	0	0	0	0	8660.254	8660.254	8660.254	8660.254	8660.254	8660.254	8660.254	
0	20	14	33	0	0	0	0	0	0	0	0	0	0	0	8660.254	8660.254	8660.254	8660.254	8660.254	8660.254	8660.254	
0	20	14	33	0	0	0	0	0	0	0	0	0	0	0	8660.254	8660.254	8660.254	8660.254	8660.254	8660.254	8660.254	
0	20	14	33	0	0	0	0	0	0	0	0	0	0	0	8660.254	8660.254	8660.254	8660.254	8660.254	8660.254	8660.254	
0	20	14	33	0	0	0	0	0	0	0	0	0	0	0	8660.254	8660.254	8660.254	8660.254	8660.254	8660.254	8660.254	
0	20	14	33	0	0	0	0	0	0	0	0	0	0	0	8660.254	8660.254	8660.254	8660.254	8660.254	8660.254	8660.254	
0	20	14	33	0	0	0	0	0	0	0	0	0	0	0	8660.254	8660.254	8660.254	8660.254	8660.254	8660.254	8660.254	
0	20	14	33	0	0	0	0	0	0	0	0	0	0	0	8660.254	8660.254	8660.254	8660.254	8660.254	8660.254	8660.254	
0	20	14	33	0	0	0	0	0	0	0	0	0	0	0	8660.254	8660.254	8660.254	8660.254	8660.254	8660.254	8660.254	
0	20	14	33	0	0	0	0	0	0	0	0	0	0	0	8660.254	8660.254	8660.254	8660.254	8660.254	8660.254	8660.254	
0	20	14	33	0	0	0	0	0	0	0	0	0	0	0	8660.254	8660.254	8660.254	8660.254	8660.254	8660.254	8660.254	
0	20	14	33	0	0	0	0	0	0	0	0	0	0	0	8660.254	8660.254	8660.254	8660.254	8660.254	8660.254	8660.254	
0	20	14	33	0	0	0	0	0	0	0	0	0	0	0	8660.254	8660.254	8660.254	8660.254	8660.254	8660.254	8660.254	
0	20	14	33	0	0	0	0	0	0	0	0	0	0	0	8660.254	8660.254	8660.254	8660.254	8660.254	8660.254	8660.254	
0	20	14	33	1	0	0	0	0	0	0	0	0	0	0	8660.254	8660.254	8660.254	8660.254	8660.254	8660.254	8660.254	
0	20	14	33	1	0	0	0	0	0	0	0	0	0	0	8660.254	8660.254	8660.254	8660.254	8660.254	8660.254	8660.254	
0	20	14	33	1	0	0	0	0	0	0	0	0	0	0	8660.254	8660.254	8660.254	8660.254	8660.254	8660.254	8660.254	
0	20	14	33	1	0	0	0	0	0	0	0	0	0	0	8660.254	8660.254	8660.254	8660.254	8660.254	8660.254	8660.254	
0	20	14	33	1	0	0	0	0	0	0	0	0	0	0	8660.254	8660.254	8660.254	8660.254	8660.254	8660.254	8660.254	
0	20	14	33	1	0	0	0	0	0	0	0	0	0	0	8660.254	8660.254	8660.254	8660.254	8660.254	8660.254	8660.254	
0	20	14	33	1	0	0	0	0	0	0	0	0	0	0	8660.254	8660.254	8660.254	8660.254	8660.254	8660.254	8660.254	
0	20	14	33	1	0	0	0	0	0	0	0	0	0	0	8660.254	8660.254	8660.254	8660.254	8660.254	8660.254	8660.254	
0	20	14	33	1	0	0	0	0	0	0	0	0	0	0	8660.254	8660.254	8660.254	8660.254	8660.254	8660.254	8660.254	
0	20	14	33	1	0	0	0	0	0	0	0	0	0	0	8660.254	8660.254	8660.254	8660.254	8660.254	8660.254	8660.254	
0	20	14	33	1	0	0	0	0	0	0	0	0	0	0	8660.254	8660.254	8660.254	8660.254	8660.254	8660.254	8660.254	
0	20	14	33	1	0	0	0	0	0	0	0	0	0	0	8660.254	8660.254	8660.254	8660.254	8660.254	8660.254	8660.254	
0	20	14	33	1	0	0	0	0	0	0	0	0	0	0	8660.254	8660.254	8660.254	8660.254	8660.254	8660.254	8660.254	
0	20	14	33	1	0	0	0	0	0	0	0	0	0	0	8660.254	8660.254	8660.254	8660.254	8660.254	8660.254	8660.254	
0	20	14	33	1	0	0	0	0	0	0	0	0	0	0	8660.254	8660.254	8660.254	8660.254	8660.254	8660.254	8660.254	
0	20	14	33	1	0	0	0	0	0	0	0	0	0	0	8660.254	8660.254	8660.254	8660.254	8660.254	8660.254	8660.254	
0	20	14	33	1	0	0	0	0	0	0	0	0	0	0	8660.254	8660.254	8660.254	8660.254	8660.254	8660.254	8660.254	
0	20	14	33	1	0	0	0	0	0	0	0	0	0	0	8660.254	8660.254	8660.254	8660.254	8660.254	8660.254	8660.254	
0	20	14	33	1	0	0	0	0	0	0	0	0	0	0	8660.254	8660.254	8660.254	8660.254	8660.254	8660.254	8660.254	
0	20	14	33	1	0	0	0	0	0	0	0	0	0	0	8660.254	8660.254	8660.254	8660.254	8660.254	8660.254	8660.254	
0	20	14	33	2	0	0	0	0	0	0	0	0	0	0	8660.254	8660.254	8660.254	8660.254	8660.254	8660.254	8660.254	
0	20	14	33	2	0	0	0	0	0	0	0	0	0	0	8660.254	8660.254	8660.254	8660.254	8660.254	8660.254	8660.254	
0	20	14	33	2	0	0	0	0	0	0	0	0	0	0	8660.254	8660.254	8660.254	8660.254	8660.254	8660.254	8660.254	
0	20	14	33	2	0	0	0	0	0	0	0	0	0	0	8660.254	8660.254	8660.254	8660.254	8660.254	8660.254	8660.254	
0	20	14	33	2	0	0	0	0	0	0	0	0	0	0	8660.254	8660.254	8660.254	8660.254	8660.254	8660.254	8660.254	
0	20	14	33	2	0	0	0	0	0	0	0	0	0	0	8660.254	8660.254	8660.254	8660.254	8660.254	8660.254	8660.254	
0	20	14	33	2	0	0	0	0	0	0	0	0	0	0	8660.254	8660.254	8660.254	8660.254	8660.254	8660.254	8660.254	
0	20	14	33	2	0	0	0	0	0	0	0	0	0	0	8660.254	8660.254	8660.254	8660.254	8660.254	8660.254	8660.254	
0	20	14	33	2	0	0	0	0	0	0	0	0	0	0	8660.254	8660.254	8660.254	8660.254	8660.254	8660.254	8660.254	
0	20	14	33	2	0	0	0	0	0	0	0	0	0	0	8660.254	8660.254	8660.254	8660.254	8660.254	8660.254	8660.254	
0	20	14	33	2	0	0	0	0	0	0	0	0	0	0	8660.254	8660.254	8660.254	8660.254	8660.254	8660.254	8660.254	
0	20	14	33	2	0	0	0	0	0	0	0	0	0	0	8660.254	8660.254	8660.254	8660.254	8660.254	8660.254	8660.254	
0	20	14	33	2	0	0	0	0	0	0	0	0	0	0	8660.254	8660.254	8660.254	8660.254	8660.254	8660.254	8660.254	
0	20	14	33	2	0	0	0	0	0	0	0	0	0	0	8660.254	8660.254	8660.254	8660.254	8660.254	8660.254	8660.254	
0	20	14	33	2	0	0	0	0	0	0	0	0	0	0	8660.254	8660.254	8660.254	8660.254	8660.254	8660.254	8660.254	
0	20	14	33	2	0	0	0	0	0	0	0	0	0	0	8660.254	8660.254	8660.254	8660.254	8660.254	8660.254	8660.254	
0	20	14	33	2	0	0	0	0	0	0	0	0	0	0	8660.254	8660.254	8660.254	8660.254	8660.254	8660.254	8660.254	
0	20	14	33	2	0	0	0	0	0	0	0	0	0	0	8660.254	8660.254	8660.254	8660.254	8660.254	8660.254	8660.254	
0	20	14	33	2	0	0	0	0	0	0	0	0	0	0	8660.254	8660.254	8660.254	8660.254	8660.254	8660.254	8660.254	
0	20	14	33	2	0	0	0	0	0	0	0	0	0	0	8660.254	8660.254	8660.254	8660.254	8660.254	8660.254	8660.254	
0	20	14	33	3	0	0	0	0	0	0	0	0	0	0	8660.254	8660.254	8660.254	8660.254	8660.254	8660.254	8660.254	
0	20	14	33	3	0	0	0	0	0	0	0	0	0	0	8660.254	8660.254	8660.254	8660.254	8660.254	8660.254	8660.254	
0	20	14	33	3	0	0	0	0	0	0	0	0	0	0	8660.254	8660.254	8660.254	8660.254	8660.254	8660.254	8660.254	
0	20	14	33	3	0	0	0	0	0	0	0	0	0	0	8660.254	8660.254	8660.254	8660.254	8660.254	8660.254	8660.254	
0	20	14	33	3	0	0	0	0	0	0	0	0	0	0	8660.254	8660.254	8660.254	8660.254	8660.254	8660.254	8660.254	
0	20	14	33	3	0	0	0	0	0	0	0	0	0	0	8660.254	8660.254	8660.254	8660.254	8660.254	8660.254	8660.254	
0	20	14	33	3	0	0	0	0	0	0	0	0	0	0	8660.254	8660.254	8660.254	8660.254	8660.254	8660.254	8660.254	
0	20	14	33	3	0	0	0	0	0	0	0	0	0	0	8660.254	8660.254	8660.254	8660.254	8660.254	8660.254	8660.254	
0	20	14	33	3	0	0	0	0	0	0	0	0	0	0	8660.254	8660.254	8660.254	8660.254	8660.254	8660.254	8660.254	
0	20	14	33	3	0	0	0	0	0	0	0	0	0	0	8660.254	8660.254	8660.254	8660.254	8660.254	8660.254	8660.254	
0	20	14	33	3	0	0	0	0	0	0	0	0	0	0	8660.254	8660.254	8660.254	8660.254	8660.254	8660.254	8660.254	
0	20	14	33	3	0	0	0	0	0	0	0	0	0	0	8660.254	8660.254	8660.254	8660.254	8660.254	8660.254	8660.254	
0	20	14	33	3	0	0	0	0	0	0	0	0	0	0	8660.254	8660.254	8660.254	8660.254	8660.254	8660.254	8660.254	
0	20	14	33	3	0	0	0	0	0	0	0	0	0	0	8660.254	8660.254	8660.254	8660.254	8660.254	8660.254	8660.254	
0	20	14	33	3	0	0	0	0	0	0	0	0	0	0	8660.254	8660.254	8660.254	8660.254	8660.254	8660.254	8660.254	
0	20	14	33	3	0	0	0	0	0	0	0	0	0	0	8660.254	8660.254	8660.254	8660.254	8660.254	8660.254	8660.254	
0	20	14	33	3	0	0	0	0	0	0	0	0	0	0	8660.254	8660.254	8660.254	8660.254	8660.254	8660.254	8660.254	
0	20	14	33	3	0	0	0	0	0	0	0	0	0	0	8660.254	8660.254	8660.254	8660.254	8660.254	8660.254	8660.254	
0	20	14	33	3	0	0	0	0	0	0	0	0	0	0	8660.254	8660.254	8660.254	8660.254	8660.254	8660.254	8660.254	
0	20	14	33	3	0	0	0	0	0	0	0	0	0	0	8660.254	8660.254	8660.254	8660.254	8660.254	8660.254	8660.254	
0	20	14	33	4	0	0	0	0	0	0	0	0	0	0	8660.254	8660.254	8660.254	8660.254	8660.254	8660.254	8660.254	
0	20	14	33	4	0	0	0	0	0	0	0	0	0	0	8660.254	8660.254	8660.254	8660.254	8660.254	8660.254	8660.254	
0	20	14	33	4	0	0	0	0	0	0	0	0	0	0	8660.254	8660.254	8660.254	8660.254	8660.254	8660.254	8660.254	
0	20	14	33	4	0	0	0	0	0	0	0	0	0	0	8660.254	8660.254	8660.254	8660.254	8660.254	8660.254	8660.254	
