time	day	hour	min	sec	vessel_a_x	vessel_a_y	vessel_a_z	vessel_b_x	vessel_b_y	vessel_b_z	vessel_c_x	vessel_c_y	vessel_c_z	vessel_d_x	vessel_d_y	vessel_d_z	vessel_e_x	vessel_e_y	vessel_e_z	vessel_f_x	vessel_f_y	vessel_f_z	vessel_g_x	vessel_g_y	vessel_g_z	suav_1_x	suav_1_y	suav_1_z	suav_2_x	suav_2_y	suav_2_z	suav_3_x	suav_3_y	suav_3_z	suav_4_x	suav_4_y	suav_4_z	suav_5_x	suav_5_y	suav_5_z	suav_6_x	suav_6_y	suav_6_z	suav_7_x	suav_7_y	suav_7_z	suav_8_x	suav_8_y	suav_8_z	suav_9_x	suav_9_y	suav_9_z	suav_10_x	suav_10_y	suav_10_z	
0	19	11	6	59	0	0	0	0	0	0	0	0	0	0	0	0	0	0	0	0	0	0	0	0	0	0	0	0	0	0	0	0	0	0	0	0	0	0	0	0	0	0	0	0	0	0	0	0	0	0	0	0	0	0	0	
0	19	11	6	59	0	0	0	0	0	0	0	0	0	0	0	0	0	0	0	0	0	0	0	0	0	0	0	0	0	0	0	0	0	0	0	0	0	0	0	0	0	0	0	0	0	0	0	0	0	0	0	0	0	0	0	
0	19	11	6	59	0	0	0	0	0	0	0	0	0	0	0	0	0	0	0	0	0	0	0	0	0	0	0	0	0	0	0	0	0	0	0	0	0	0	0	0	0	0	0	0	0	0	0	0	0	0	0	0	0	0	0	
0	19	11	6	59	0	0	0	0	0	0	0	0	0	0	0	0	0	0	0	0	0	0	0	0	0	0	0	0	0	0	0	0	0	0	0	0	0	0	0	0	0	0	0	0	0	0	0	0	0	0	0	0	0	0	0	
0	19	11	6	59	0	0	0	0	0	0	0	0	0	0	0	0	0	0	0	0	0	0	0	0	0	0	0	0	0	0	0	0	0	0	0	0	0	0	0	0	0	0	0	0	0	0	0	0	0	0	0	0	0	0	0	
0	19	11	6	59	0	0	0	0	0	0	0	0	0	0	0	0	0	0	0	0	0	0	0	0	0	0	0	0	0	0	0	0	0	0	0	0	0	0	0	0	0	0	0	0	0	0	0	0	0	0	0	0	0	0	0	
0	19	11	6	59	0	0	0	0	0	0	0	0	0	0	0	0	0	0	0	0	0	0	0	0	0	0	0	0	0	0	0	0	0	0	0	0	0	0	0	0	0	0	0	0	0	0	0	0	0	0	0	0	0	0	0	
0	19	11	6	59	0	0	0	0	0	0	0	0	0	0	0	0	0	0	0	0	0	0	0	0	0	0	0	0	0	0	0	0	0	0	0	0	0	0	0	0	0	0	0	0	0	0	0	0	0	0	0	0	0	0	0	
0	19	11	6	59	0	0	0	0	0	0	0	0	0	0	0	0	0	0	0	0	0	0	0	0	0	0	0	0	0	0	0	0	0	0	0	0	0	0	0	0	0	0	0	0	0	0	0	0	0	0	0	0	0	0	0	
0	19	11	7	0	0	0	0	0	0	0	0	0	0	0	0	0	0	0	0	0	0	0	0	0	0	0	0	0	0	0	0	0	0	0	0	0	0	0	0	0	0	0	0	0	0	0	0	0	0	0	0	0	0	0	0	
0	19	11	7	0	0	0	0	0	0	0	0	0	0	0	0	0	0	0	0	0	0	0	0	0	0	0	0	0	0	0	0	0	0	0	0	0	0	0	0	0	0	0	0	0	0	0	0	0	0	0	0	0	0	0	0	
0	19	11	7	0	0	0	0	0	0	0	0	0	0	0	0	0	0	0	0	0	0	0	0	0	0	0	0	0	0	0	0	0	0	0	0	0	0	0	0	0	0	0	0	0	0	0	0	0	0	0	0	0	0	0	0	
0	19	11	7	0	0	0	0	0	0	0	0	0	0	0	0	0	0	0	0	0	0	0	0	0	0	0	0	0	0	0	0	0	0	0	0	0	0	0	0	0	0	0	0	0	0	0	0	0	0	0	0	0	0	0	0	
0	19	11	7	0	0	0	0	0	0	0	0	0	0	0	0	0	0	0	0	0	0	0	0	0	0	0	0	0	0	0	0	0	0	0	0	0	0	0	0	0	0	0	0	0	0	0	0	0	0	0	0	0	0	0	0	
0	19	11	7	0	0	0	0	0	0	0	0	0	0	0	0	0	0	0	0	0	0	0	0	0	0	0	0	0	0	0	0	0	0	0	0	0	0	0	0	0	0	0	0	0	0	0	0	0	0	0	0	0	0	0	0	
0	19	11	7	0	0	0	0	0	0	0	0	0	0	0	0	0	0	0	0	0	0	0	0	0	0	0	0	0	0	0	0	0	0	0	0	0	0	0	0	0	0	0	0	0	0	0	0	0	0	0	0	0	0	0	0	
0	19	11	7	0	0	0	0	0	0	0	0	0	0	0	0	0	0	0	0	0	0	0	0	0	0	0	0	0	0	0	0	0	0	0	0	0	0	0	0	0	0	0	0	0	0	0	0	0	0	0	0	0	0	0	0	
0	19	11	7	0	0	0	0	0	0	0	0	0	0	0	0	0	0	0	0	0	0	0	0	0	0	0	0	0	0	0	0	0	0	0	0	0	0	0	0	0	0	0	0	0	0	0	0	0	0	0	0	0	0	0	0	
0	19	11	7	0	0	0	0	0	0	0	0	0	0	0	0	0	0	0	0	0	0	0	0	0	0	0	0	0	0	0	0	0	0	0	0	0	0	0	0	0	0	0	0	0	0	0	0	0	0	0	0	0	0	0	0	
0	19	11	7	0	0	0	0	0	0	0	0	0	0	0	0	0	0	0	0	0	0	0	0	0	0	0	0	0	0	0	0	0	0	0	0	0	0	0	0	0	0	0	0	0	0	0	0	0	0	0	0	0	0	0	0	
0	19	11	7	0	0	0	0	0	0	0	0	0	0	0	0	0	0	0	0	0	0	0	0	0	0	0	0	0	0	0	0	0	0	0	0	0	0	0	0	0	0	0	0	0	0	0	0	0	0	0	0	0	0	0	0	
0	19	11	7	0	0	0	0	0	0	0	0	0	0	0	0	0	0	0	0	0	0	0	0	0	0	0	0	0	0	0	0	0	0	0	0	0	0	0	0	0	0	0	0	0	0	0	0	0	0	0	0	0	0	0	0	
0	19	11	7	0	0	0	0	0	0	0	0	0	0	0	0	0	0	0	0	0	0	0	0	0	0	0	0	0	0	0	0	0	0	0	0	0	0	0	0	0	0	0	0	0	0	0	0	0	0	0	0	0	0	0	0	
0	19	11	7	0	0	0	0	0	0	0	0	0	0	0	0	0	0	0	0	0	0	0	0	0	0	0	0	0	0	0	0	0	0	0	0	0	0	0	0	0	0	0	0	0	0	0	0	0	0	0	0	0	0	0	0	
0	19	11	7	0	0	0	0	0	0	0	0	0	0	0	0	0	0	0	0	0	0	0	0	0	0	0	0	0	0	0	0	0	0	0	0	0	0	0	0	0	0	0	0	0	0	0	0	0	0	0	0	0	0	0	0	
0	19	11	7	0	0	0	0	0	0	0	0	0	0	0	0	0	0	0	0	0	0	0	0	0	0	0	0	0	0	0	0	0	0	0	0	0	0	0	0	0	0	0	0	0	0	0	0	0	0	0	0	0	0	0	0	
0	19	11	7	0	0	0	0	0	0	0	0	0	0	0	0	0	0	0	0	0	0	0	0	0	0	0	0	0	0	0	0	0	0	0	0	0	0	0	0	0	0	0	0	0	0	0	0	0	0	0	0	0	0	0	0	
0	19	11	7	0	0	0	0	0	0	0	0	0	0	0	0	0	0	0	0	0	0	0	0	0	0	0	0	0	0	0	0	0	0	0	0	0	0	0	0	0	0	0	0	0	0	0	0	0	0	0	0	0	0	0	0	
0	19	11	7	0	0	0	0	0	0	0	0	0	0	0	0	0	0	0	0	0	0	0	0	0	0	0	0	0	0	0	0	0	0	0	0	0	0	0	0	0	0	0	0	0	0	0	0	0	0	0	0	0	0	0	0	
0	19	11	7	1	0	0	0	0	0	0	0	0	0	0	0	0	0	0	0	0	0	0	0	0	0	0	0	0	0	0	0	0	0	0	0	0	0	0	0	0	0	0	0	0	0	0	0	0	0	0	0	0	0	0	0	
0	19	11	7	1	0	0	0	0	0	0	0	0	0	0	0	0	0	0	0	0	0	0	0	0	0	0	0	0	0	0	0	0	0	0	0	0	0	0	0	0	0	0	0	0	0	0	0	0	0	0	0	0	0	0	0	
0	19	11	7	1	0	0	0	0	0	0	0	0	0	0	0	0	0	0	0	0	0	0	0	0	0	0	0	0	0	0	0	0	0	0	0	0	0	0	0	0	0	0	0	0	0	0	0	0	0	0	0	0	0	0	0	
0	19	11	7	1	0	0	0	0	0	0	0	0	0	0	0	0	0	0	0	0	0	0	0	0	0	0	0	0	0	0	0	0	0	0	0	0	0	0	0	0	0	0	0	0	0	0	0	0	0	0	0	0	0	0	0	
0	19	11	7	1	0	0	0	0	0	0	0	0	0	0	0	0	0	0	0	0	0	0	0	0	0	0	0	0	0	0	0	0	0	0	0	0	0	0	0	0	0	0	0	0	0	0	0	0	0	0	0	0	0	0	0	
0	19	11	7	1	0	0	0	0	0	0	0	0	0	0	0	0	0	0	0	0	0	0	0	0	0	0	0	0	0	0	0	0	0	0	0	0	0	0	0	0	0	0	0	0	0	0	0	0	0	0	0	0	0	0	0	
0	19	11	7	1	0	0	0	0	0	0	0	0	0	0	0	0	0	0	0	0	0	0	0	0	0	0	0	0	0	0	0	0	0	0	0	0	0	0	0	0	0	0	0	0	0	0	0	0	0	0	0	0	0	0	0	
0	19	11	7	1	0	0	0	0	0	0	0	0	0	0	0	0	0	0	0	0	0	0	0	0	0	0	0	0	0	0	0	0	0	0	0	0	0	0	0	0	0	0	0	0	0	0	0	0	0	0	0	0	0	0	0	
0	19	11	7	1	0	0	0	0	0	0	0	0	0	0	0	0	0	0	0	0	0	0	0	0	0	0	0	0	0	0	0	0	0	0	0	0	0	0	0	0	0	0	0	0	0	0	0	0	0	0	0	0	0	0	0	
0	19	11	7	1	0	0	0	0	0	0	0	0	0	0	0	0	0	0	0	0	0	0	0	0	0	0	0	0	0	0	0	0	0	0	0	0	0	0	0	0	0	0	0	0	0	0	0	0	0	0	0	0	0	0	0	
0	19	11	7	1	0	0	0	0	0	0	0	0	0	0	0	0	0	0	0	0	0	0	0	0	0	0	0	0	0	0	0	0	0	0	0	0	0	0	0	0	0	0	0	0	0	0	0	0	0	0	0	0	0	0	0	
0	19	11	7	1	0	0	0	0	0	0	0	0	0	0	0	0	0	0	0	0	0	0	0	0	0	0	0	0	0	0	0	0	0	0	0	0	0	0	0	0	0	0	0	0	0	0	0	0	0	0	0	0	0	0	0	
0	19	11	7	1	0	0	0	0	0	0	0	0	0	0	0	0	0	0	0	0	0	0	0	0	0	0	0	0	0	0	0	0	0	0	0	0	0	0	0	0	0	0	0	0	0	0	0	0	0	0	0	0	0	0	0	
0	19	11	7	1	0	0	0	0	0	0	0	0	0	0	0	0	0	0	0	0	0	0	0	0	0	0	0	0	0	0	0	0	0	0	0	0	0	0	0	0	0	0	0	0	0	0	0	0	0	0	0	0	0	0	0	
0	19	11	7	1	0	0	0	0	0	0	0	0	0	0	0	0	0	0	0	0	0	0	0	0	0	0	0	0	0	0	0	0	0	0	0	0	0	0	0	0	0	0	0	0	0	0	0	0	0	0	0	0	0	0	0	
0	19	11	7	1	0	0	0	0	0	0	0	0	0	0	0	0	0	0	0	0	0	0	0	0	0	0	0	0	0	0	0	0	0	0	0	0	0	0	0	0	0	0	0	0	0	0	0	0	0	0	0	0	0	0	0	
0	19	11	7	1	0	0	0	0	0	0	0	0	0	0	0	0	0	0	0	0	0	0	0	0	0	0	0	0	0	0	0	0	0	0	0	0	0	0	0	0	0	0	0	0	0	0	0	0	0	0	0	0	0	0	0	
0	19	11	7	1	0	0	0	0	0	0	0	0	0	0	0	0	0	0	0	0	0	0	0	0	0	0	0	0	0	0	0	0	0	0	0	0	0	0	0	0	0	0	0	0	0	0	0	0	0	0	0	0	0	0	0	
0	19	11	7	1	0	0	0	0	0	0	0	0	0	0	0	0	0	0	0	0	0	0	0	0	0	0	0	0	0	0	0	0	0	0	0	0	0	0	0	0	0	0	0	0	0	0	0	0	0	0	0	0	0	0	0	
0	19	11	7	1	0	0	0	0	0	0	0	0	0	0	0	0	0	0	0	0	0	0	0	0	0	0	0	0	0	0	0	0	0	0	0	0	0	0	0	0	0	0	0	0	0	0	0	0	0	0	0	0	0	0	0	
0	19	11	7	2	0	0	0	0	0	0	0	0	0	0	0	0	0	0	0	0	0	0	0	0	0	0	0	0	0	0	0	0	0	0	0	0	0	0	0	0	0	0	0	0	0	0	0	0	0	0	0	0	0	0	0	
0	19	11	7	2	0	0	0	0	0	0	0	0	0	0	0	0	0	0	0	0	0	0	0	0	0	0	0	0	0	0	0	0	0	0	0	0	0	0	0	0	0	0	0	0	0	0	0	0	0	0	0	0	0	0	0	
0	19	11	7	2	0	0	0	0	0	0	0	0	0	0	0	0	0	0	0	0	0	0	0	0	0	0	0	0	0	0	0	0	0	0	0	0	0	0	0	0	0	0	0	0	0	0	0	0	0	0	0	0	0	0	0	
0	19	11	7	2	0	0	0	0	0	0	0	0	0	0	0	0	0	0	0	0	0	0	0	0	0	0	0	0	0	0	0	0	0	0	0	0	0	0	0	0	0	0	0	0	0	0	0	0	0	0	0	0	0	0	0	
0	19	11	7	2	0	0	0	0	0	0	0	0	0	0	0	0	0	0	0	0	0	0	0	0	0	0	0	0	0	0	0	0	0	0	0	0	0	0	0	0	0	0	0	0	0	0	0	0	0	0	0	0	0	0	0	
0	19	11	7	2	0	0	0	0	0	0	0	0	0	0	0	0	0	0	0	0	0	0	0	0	0	0	0	0	0	0	0	0	0	0	0	0	0	0	0	0	0	0	0	0	0	0	0	0	0	0	0	0	0	0	0	
0	19	11	7	2	0	0	0	0	0	0	0	0	0	0	0	0	0	0	0	0	0	0	0	0	0	0	0	0	0	0	0	0	0	0	0	0	0	0	0	0	0	0	0	0	0	0	0	0	0	0	0	0	0	0	0	
0	19	11	7	2	0	0	0	0	0	0	0	0	0	0	0	0	0	0	0	0	0	0	0	0	0	0	0	0	0	0	0	0	0	0	0	0	0	0	0	0	0	0	0	0	0	0	0	0	0	0	0	0	0	0	0	
0	19	11	7	2	0	0	0	0	0	0	0	0	0	0	0	0	0	0	0	0	0	0	0	0	0	0	0	0	0	0	0	0	0	0	0	0	0	0	0	0	0	0	0	0	0	0	0	0	0	0	0	0	0	0	0	
0	19	11	7	2	0	0	0	0	0	0	0	0	0	0	0	0	0	0	0	0	0	0	0	0	0	0	0	0	0	0	0	0	0	0	0	0	0	0	0	0	0	0	0	0	0	0	0	0	0	0	0	0	0	0	0	
0	19	11	7	2	0	0	0	0	0	0	0	0	0	0	0	0	0	0	0	0	0	0	0	0	0	0	0	0	0	0	0	0	0	0	0	0	0	0	0	0	0	0	0	0	0	0	0	0	0	0	0	0	0	0	0	
0	19	11	7	2	0	0	0	0	0	0	0	0	0	0	0	0	0	0	0	0	0	0	0	0	0	0	0	0	0	0	0	0	0	0	0	0	0	0	0	0	0	0	0	0	0	0	0	0	0	0	0	0	0	0	0	
0	19	11	7	2	0	0	0	0	0	0	0	0	0	0	0	0	0	0	0	0	0	0	0	0	0	0	0	0	0	0	0	0	0	0	0	0	0	0	0	0	0	0	0	0	0	0	0	0	0	0	0	0	0	0	0	
0	19	11	7	2	0	0	0	0	0	0	0	0	0	0	0	0	0	0	0	0	0	0	0	0	0	0	0	0	0	0	0	0	0	0	0	0	0	0	0	0	0	0	0	0	0	0	0	0	0	0	0	0	0	0	0	
0	19	11	7	2	0	0	0	0	0	0	0	0	0	0	0	0	0	0	0	0	0	0	0	0	0	0	0	0	0	0	0	0	0	0	0	0	0	0	0	0	0	0	0	0	0	0	0	0	0	0	0	0	0	0	0	
0	19	11	7	2	0	0	0	0	0	0	0	0	0	0	0	0	0	0	0	0	0	0	0	0	0	0	0	0	0	0	0	0	0	0	0	0	0	0	0	0	0	0	0	0	0	0	0	0	0	0	0	0	0	0	0	
0	19	11	7	2	0	0	0	0	0	0	0	0	0	0	0	0	0	0	0	0	0	0	0	0	0	0	0	0	0	0	0	0	0	0	0	0	0	0	0	0	0	0	0	0	0	0	0	0	0	0	0	0	0	0	0	
0	19	11	7	2	0	0	0	0	0	0	0	0	0	0	0	0	0	0	0	0	0	0	0	0	0	0	0	0	0	0	0	0	0	0	0	0	0	0	0	0	0	0	0	0	0	0	0	0	0	0	0	0	0	0	0	
0	19	11	7	2	0	0	0	0	0	0	0	0	0	0	0	0	0	0	0	0	0	0	0	0	0	0	0	0	0	0	0	0	0	0	0	0	0	0	0	0	0	0	0	0	0	0	0	0	0	0	0	0	0	0	0	
0	19	11	7	2	0	0	0	0	0	0	0	0	0	0	0	0	0	0	0	0	0	0	0	0	0	0	0	0	0	0	0	0	0	0	0	0	0	0	0	0	0	0	0	0	0	0	0	0	0	0	0	0	0	0	0	
0	19	11	7	3	0	0	0	0	0	0	0	0	0	0	0	0	0	0	0	0	0	0	0	0	0	0	0	0	0	0	0	0	0	0	0	0	0	0	0	0	0	0	0	0	0	0	0	0	0	0	0	0	0	0	0	
0	19	11	7	3	0	0	0	0	0	0	0	0	0	0	0	0	0	0	0	0	0	0	0	0	0	0	0	0	0	0	0	0	0	0	0	0	0	0	0	0	0	0	0	0	0	0	0	0	0	0	0	0	0	0	0	
0	19	11	7	3	0	0	0	0	0	0	0	0	0	0	0	0	0	0	0	0	0	0	0	0	0	0	0	0	0	0	0	0	0	0	0	0	0	0	0	0	0	0	0	0	0	0	0	0	0	0	0	0	0	0	0	
0	19	11	7	3	0	0	0	0	0	0	0	0	0	0	0	0	0	0	0	0	0	0	0	0	0	0	0	0	0	0	0	0	0	0	0	0	0	0	0	0	0	0	0	0	0	0	0	0	0	0	0	0	0	0	0	
0	19	11	7	3	0	0	0	0	0	0	0	0	0	0	0	0	0	0	0	0	0	0	0	0	0	0	0	0	0	0	0	0	0	0	0	0	0	0	0	0	0	0	0	0	0	0	0	0	0	0	0	0	0	0	0	
0	19	11	7	3	0	0	0	0	0	0	0	0	0	0	0	0	0	0	0	0	0	0	0	0	0	0	0	0	0	0	0	0	0	0	0	0	0	0	0	0	0	0	0	0	0	0	0	0	0	0	0	0	0	0	0	
0	19	11	7	3	0	0	0	0	0	0	0	0	0	0	0	0	0	0	0	0	0	0	0	0	0	0	0	0	0	0	0	0	0	0	0	0	0	0	0	0	0	0	0	0	0	0	0	0	0	0	0	0	0	0	0	
0	19	11	7	3	0	0	0	0	0	0	0	0	0	0	0	0	0	0	0	0	0	0	0	0	0	0	0	0	0	0	0	0	0	0	0	0	0	0	0	0	0	0	0	0	0	0	0	0	0	0	0	0	0	0	0	
0	19	11	7	3	0	0	0	0	0	0	0	0	0	0	0	0	0	0	0	0	0	0	0	0	0	0	0	0	0	0	0	0	0	0	0	0	0	0	0	0	0	0	0	0	0	0	0	0	0	0	0	0	0	0	0	
0	19	11	7	3	0	0	0	0	0	0	0	0	0	0	0	0	0	0	0	0	0	0	0	0	0	0	0	0	0	0	0	0	0	0	0	0	0	0	0	0	0	0	0	0	0	0	0	0	0	0	0	0	0	0	0	
0	19	11	7	3	0	0	0	0	0	0	0	0	0	0	0	0	0	0	0	0	0	0	0	0	0	0	0	0	0	0	0	0	0	0	0	0	0	0	0	0	0	0	0	0	0	0	0	0	0	0	0	0	0	0	0	
0	19	11	7	3	0	0	0	0	0	0	0	0	0	0	0	0	0	0	0	0	0	0	0	0	0	0	0	0	0	0	0	0	0	0	0	0	0	0	0	0	0	0	0	0	0	0	0	0	0	0	0	0	0	0	0	
0	19	11	7	3	0	0	0	0	0	0	0	0	0	0	0	0	0	0	0	0	0	0	0	0	0	0	0	0	0	0	0	0	0	0	0	0	0	0	0	0	0	0	0	0	0	0	0	0	0	0	0	0	0	0	0	
0	19	11	7	3	0	0	0	0	0	0	0	0	0	0	0	0	0	0	0	0	0	0	0	0	0	0	0	0	0	0	0	0	0	0	0	0	0	0	0	0	0	0	0	0	0	0	0	0	0	0	0	0	0	0	0	
0	19	11	7	3	0	0	0	0	0	0	0	0	0	0	0	0	0	0	0	0	0	0	0	0	0	0	0	0	0	0	0	0	0	0	0	0	0	0	0	0	0	0	0	0	0	0	0	0	0	0	0	0	0	0	0	
0	19	11	7	3	0	0	0	0	0	0	0	0	0	0	0	0	0	0	0	0	0	0	0	0	0	0	0	0	0	0	0	0	0	0	0	0	0	0	0	0	0	0	0	0	0	0	0	0	0	0	0	0	0	0	0	
0	19	11	7	3	0	0	0	0	0	0	0	0	0	0	0	0	0	0	0	0	0	0	0	0	0	0	0	0	0	0	0	0	0	0	0	0	0	0	0	0	0	0	0	0	0	0	0	0	0	0	0	0	0	0	0	
0	19	11	7	3	0	0	0	0	0	0	0	0	0	0	0	0	0	0	0	0	0	0	0	0	0	0	0	0	0	0	0	0	0	0	0	0	0	0	0	0	0	0	0	0	0	0	0	0	0	0	0	0	0	0	0	
25.584	19	11	7	3	-1075.258	-25.091	0.2691223	-599.9953	-200.0047	0.3216051	-699.9992	-100.001	0.4231919	-1187.602	150.0023	0.328863	-1000.076	-200.0235	0.2905963	-600.0702	99.99599	0.212551	-899.9984	-0.002891407	0.3790139	0	0	0	0	0	0	0	0	0	0	0	0	-1500	1.457521e-09	4.352361	0	0	0	0	0	0	0	0	0	0	0	0	0	0	0	
25.584	19	11	7	3	-1075.258	-25.091	0.2691223	-599.9953	-200.0047	0.3216051	-699.9992	-100.001	0.4231919	-1187.602	150.0023	0.328863	-1000.076	-200.0235	0.2905963	-600.0702	99.99599	0.212551	-899.9984	-0.002891407	0.3790139	0	0	0	0	0	0	0	0	0	0	0	0	-1500	1.457521e-09	4.352361	0	0	0	0	0	0	0	0	0	0	0	0	0	0	0	
25.62	19	11	7	4	-1075.258	-25.09108	0.2706245	-599.9953	-200.0048	0.3223156	-699.9991	-100.001	0.4213257	-1187.583	150.0023	0.3304253	-1000.076	-200.0236	0.2922037	-600.0703	99.99599	0.2112611	-899.9984	-0.002893644	0.3759951	0	0	0	0	0	0	0	0	0	0	0	0	-1500	2.002633e-06	4.342896	0	0	0	0	0	0	0	0	0	0	0	0	0	0	0	
25.664	19	11	7	4	-1075.258	-25.09118	0.2727738	-599.9952	-200.0048	0.3233901	-699.9991	-100.001	0.4189452	-1187.561	150.0023	0.3324022	-1000.076	-200.0236	0.2942078	-600.0705	99.996	0.2099202	-899.9985	-0.002896425	0.3723167	0	0	0	0	0	0	0	0	0	0	0	0	-1500	1.461372e-05	4.330228	0	0	0	0	0	0	0	0	0	0	0	0	0	0	0	
25.704	19	11	7	4	-1075.258	-25.09126	0.2750289	-599.9952	-200.0048	0.3245522	-699.9991	-100.001	0.4166977	-1187.54	150.0023	0.3342631	-1000.076	-200.0237	0.2960672	-600.0706	99.996	0.2089371	-899.9985	-0.002898464	0.3689912	0	0	0	0	0	0	0	0	0	0	0	0	-1500	-9.816931e-06	4.321836	0	0	0	0	0	0	0	0	0	0	0	0	0	0	0	
25.748	19	11	7	4	-1075.258	-25.09135	0.2778416	-599.9952	-200.0048	0.326018	-699.9991	-100.001	0.4141446	-1187.517	150.0023	0.3363703	-1000.076	-200.0237	0.2981593	-600.0708	99.99601	0.2081249	-899.9986	-0.002899879	0.3653634	0	0	0	0	0	0	0	0	0	0	0	0	-1500	-3.426888e-05	4.316343	0	0	0	0	0	0	0	0	0	0	0	0	0	0	0	
25.792	19	11	7	4	-1075.259	-25.09144	0.2810013	-599.9951	-200.0048	0.327669	-699.9991	-100.001	0.411516	-1187.495	150.0023	0.3385221	-1000.076	-200.0237	0.300299	-600.0709	99.99601	0.2075994	-899.9986	-0.00290075	0.3617787	0	0	0	0	0	0	0	0	0	0	0	0	-1500	-4.344802e-05	4.314796	0	0	0	0	0	0	0	0	0	0	0	0	0	0	0	
25.832	19	11	7	4	-1075.259	-25.09151	0.2841723	-599.9951	-200.0048	0.3293304	-699.9991	-100.001	0.4090692	-1187.474	150.0024	0.3404988	-1000.076	-200.0238	0.3022799	-600.071	99.99602	0.2073712	-899.9986	-0.002901619	0.3585682	0	0	0	0	0	0	0	0	0	0	0	0	-1500	-3.046405e-05	4.316816	0	0	0	0	0	0	0	0	0	0	0	0	0	0	0	
25.884	19	11	7	4	-1075.259	-25.09161	0.2887135	-599.995	-200.0048	0.3317284	-699.999	-100.001	0.4058221	-1187.448	150.0024	0.3430763	-1000.076	-200.0238	0.3048911	-600.0712	99.99603	0.2074267	-899.9987	-0.002903271	0.3544806	0	0	0	0	0	0	0	0	0	0	0	0	-1499.999	3.585186e-05	4.324309	0	0	0	0	0	0	0	0	0	0	0	0	0	0	0	
25.932	19	11	7	4	-1075.259	-25.09169	0.2933146	-599.995	-200.0048	0.3341915	-699.999	-100.001	0.4027773	-1187.423	150.0024	0.3454537	-1000.076	-200.0239	0.3073261	-600.0714	99.99603	0.2078273	-899.9988	-0.002904868	0.35081	0	0	0	0	0	0	0	0	0	0	0	0	-1499.999	0.0001475226	4.336107	0	0	0	0	0	0	0	0	0	0	0	0	0	0	0	
25.968	19	11	7	4	-1075.259	-25.09175	0.2970161	-599.995	-200.0048	0.3361981	-699.999	-100.001	0.4004764	-1187.404	150.0024	0.3472354	-1000.076	-200.0239	0.3091658	-600.0715	99.99604	0.2083454	-899.9988	-0.00290559	0.3481302	0	0	0	0	0	0	0	0	0	0	0	0	-1499.999	0.0002130488	4.348042	0	0	0	0	0	0	0	0	0	0	0	0	0	0	0	
26.02	19	11	7	4	-1075.26	-25.09184	0.3027276	-599.9949	-200.0049	0.3390821	-699.999	-100.001	0.3974014	-1187.38	150.0024	0.3496129	-1000.077	-200.0239	0.3116351	-600.0716	99.99604	0.2093244	-899.9988	-0.002905616	0.344663	0	0	0	0	0	0	0	0	0	0	0	0	-1499.999	0.0002927874	4.368081	0	0	0	0	0	0	0	0	0	0	0	0	0	0	0	
26.064	19	11	7	4	-1075.26	-25.09191	0.3078822	-599.9949	-200.0049	0.3421946	-699.999	-100.0009	0.3943334	-1187.355	150.0024	0.3519969	-1000.077	-200.024	0.3141147	-600.0717	99.99605	0.210633	-899.9989	-0.002904997	0.3413247	0	0	0	0	0	0	0	0	0	0	0	0	-1499.998	0.000308092	4.392822	0	0	0	0	0	0	0	0	0	0	0	0	0	0	0	
26.112	19	11	7	4	-1075.26	-25.09199	0.313822	-599.9948	-200.0049	0.34552	-699.999	-100.0009	0.3912843	-1187.331	150.0024	0.3543912	-1000.077	-200.024	0.3165862	-600.0719	99.99606	0.2122728	-899.999	-0.002904495	0.3381236	0	0	0	0	0	0	0	0	0	0	0	0	-1499.998	0.0002612521	4.422271	0	0	0	0	0	0	0	0	0	0	0	0	0	0	0	
26.16	19	11	7	4	-1075.26	-25.09207	0.3200691	-599.9948	-200.0049	0.3490349	-699.999	-100.0009	0.3882602	-1187.306	150.0024	0.3567996	-1000.077	-200.0241	0.3190314	-600.072	99.99606	0.2142449	-899.999	-0.002904298	0.3350689	0	0	0	0	0	0	0	0	0	0	0	0	-1499.997	0.0001128105	4.45641	0	0	0	0	0	0	0	0	0	0	0	0	0	0	0	
26.208	19	11	7	4	-1075.261	-25.09216	0.3265973	-599.9947	-200.0049	0.3527082	-699.999	-100.0009	0.3852629	-1187.281	150.0024	0.3592233	-1000.077	-200.0241	0.321443	-600.0721	99.99607	0.2165464	-899.9991	-0.002903777	0.3321712	0	0	0	0	0	0	0	0	0	0	0	0	-1499.997	-0.0001079689	4.495249	0	0	0	0	0	0	0	0	0	0	0	0	0	0	0	
26.252	19	11	7	4	-1075.261	-25.09224	0.3328037	-599.9947	-200.0049	0.3561871	-699.999	-100.0009	0.3825384	-1187.259	150.0025	0.3614516	-1000.077	-200.0242	0.3236268	-600.0722	99.99608	0.2189372	-899.9991	-0.002902394	0.3296621	0	0	0	0	0	0	0	0	0	0	0	0	-1499.996	-0.0004034192	4.53498	0	0	0	0	0	0	0	0	0	0	0	0	0	0	0	
26.292	19	11	7	4	-1075.261	-25.0923	0.338023	-599.9946	-200.0049	0.3591006	-699.999	-100.0009	0.3803247	-1187.24	150.0025	0.3632697	-1000.077	-200.0242	0.325397	-600.0723	99.99609	0.2210849	-899.9992	-0.002900592	0.3277201	0	0	0	0	0	0	0	0	0	0	0	0	-1499.996	-0.0006700953	4.570428	0	0	0	0	0	0	0	0	0	0	0	0	0	0	0	
26.34	19	11	7	4	-1075.262	-25.0924	0.3457545	-599.9946	-200.0049	0.3634089	-699.9991	-100.0009	0.3771516	-1187.214	150.0025	0.3658708	-1000.077	-200.0242	0.3279239	-600.0725	99.9961	0.2244744	-899.9992	-0.002897498	0.3251017	0	0	0	0	0	0	0	0	0	0	0	0	-1499.995	-0.001029592	4.62629	0	0	0	0	0	0	0	0	0	0	0	0	0	0	0	
26.388	19	11	7	4	-1075.262	-25.0925	0.3530594	-599.9945	-200.005	0.3674921	-699.9991	-100.0008	0.374249	-1187.189	150.0025	0.3682355	-1000.077	-200.0243	0.3302131	-600.0726	99.99611	0.2278858	-899.9993	-0.002895033	0.3228901	0	0	0	0	0	0	0	0	0	0	0	0	-1499.994	-0.001358842	4.682737	0	0	0	0	0	0	0	0	0	0	0	0	0	0	0	
26.436	19	11	7	4	-1075.262	-25.0926	0.3604878	-599.9945	-200.005	0.371675	-699.9991	-100.0008	0.3713733	-1187.164	150.0025	0.3705709	-1000.077	-200.0243	0.3324478	-600.0727	99.99611	0.2315505	-899.9993	-0.002892867	0.3208851	0	0	0	0	0	0	0	0	0	0	0	0	-1499.993	-0.00162027	4.743875	0	0	0	0	0	0	0	0	0	0	0	0	0	0	0	
26.484	19	11	7	4	-1075.263	-25.09272	0.3680008	-599.9944	-200.005	0.3759403	-699.9991	-100.0008	0.3685254	-1187.14	150.0025	0.3728948	-1000.077	-200.0243	0.3346201	-600.0729	99.99612	0.2354522	-899.9994	-0.002890265	0.3190922	0	0	0	0	0	0	0	0	0	0	0	0	-1499.993	-0.001839308	4.80971	0	0	0	0	0	0	0	0	0	0	0	0	0	0	0	
26.532	19	11	7	5	-1075.263	-25.09284	0.375558	-599.9944	-200.005	0.3802556	-699.9991	-100.0008	0.365704	-1187.115	150.0025	0.375227	-1000.077	-200.0244	0.336722	-600.073	99.99613	0.2395755	-899.9994	-0.002886651	0.3175144	0	0	0	0	0	0	0	0	0	0	0	0	-1499.992	-0.002072932	4.880245	0	0	0	0	0	0	0	0	0	0	0	0	0	0	0	
26.58	19	11	7	5	-1075.264	-25.09296	0.3831179	-599.9943	-200.005	0.3845826	-699.9992	-100.0008	0.3629062	-1187.09	150.0025	0.3775786	-1000.077	-200.0244	0.3387373	-600.0731	99.99613	0.2439044	-899.9995	-0.002882292	0.3161535	0	0	0	0	0	0	0	0	0	0	0	0	-1499.991	-0.002300927	4.955471	0	0	0	0	0	0	0	0	0	0	0	0	0	0	0	
26.628	19	11	7	5	-1075.264	-25.0931	0.3906379	-599.9943	-200.005	0.3888864	-699.9992	-100.0008	0.3601213	-1187.066	150.0026	0.3799498	-1000.077	-200.0245	0.3406426	-600.0733	99.99613	0.2484213	-899.9995	-0.002877988	0.315012	0	0	0	0	0	0	0	0	0	0	0	0	-1499.99	-0.002489624	5.035372	0	0	0	0	0	0	0	0	0	0	0	0	0	0	0	
26.676	19	11	7	5	-1075.265	-25.09324	0.3980746	-599.9942	-200.005	0.3931337	-699.9992	-100.0007	0.3573417	-1187.041	150.0026	0.3823326	-1000.077	-200.0245	0.3424185	-600.0734	99.99614	0.2531051	-899.9996	-0.002874178	0.3140936	0	0	0	0	0	0	0	0	0	0	0	0	-1499.989	-0.002687692	5.119853	0	0	0	0	0	0	0	0	0	0	0	0	0	0	0	
26.724	19	11	7	5	-1075.265	-25.09339	0.4053845	-599.9942	-200.0051	0.3972943	-699.9992	-100.0007	0.3545579	-1187.016	150.0026	0.3847145	-1000.077	-200.0245	0.34406	-600.0736	99.99614	0.2579304	-899.9996	-0.002870178	0.3134031	0	0	0	0	0	0	0	0	0	0	0	0	-1499.988	-0.002831093	5.208707	0	0	0	0	0	0	0	0	0	0	0	0	0	0	0	
26.768	19	11	7	5	-1075.266	-25.09354	0.4119362	-599.9941	-200.0051	0.4010102	-699.9992	-100.0007	0.3519948	-1186.994	150.0026	0.386883	-1000.077	-200.0246	0.3454523	-600.0737	99.99613	0.262453	-899.9997	-0.002866031	0.3129728	0	0	0	0	0	0	0	0	0	0	0	0	-1499.987	-0.002960392	5.293805	0	0	0	0	0	0	0	0	0	0	0	0	0	0	0	
26.816	19	11	7	5	-1075.266	-25.09371	0.4188805	-599.9941	-200.0051	0.4049417	-699.9993	-100.0007	0.349181	-1186.969	150.0026	0.3892158	-1000.077	-200.0246	0.3468544	-600.0739	99.99613	0.267467	-899.9997	-0.00286068	0.3127277	0	0	0	0	0	0	0	0	0	0	0	0	-1499.986	-0.003050026	5.390433	0	0	0	0	0	0	0	0	0	0	0	0	0	0	0	
26.856	19	11	7	5	-1075.267	-25.09386	0.4244753	-599.9941	-200.0051	0.4081165	-699.9993	-100.0007	0.3468204	-1186.949	150.0026	0.3911248	-1000.077	-200.0247	0.3479263	-600.0741	99.99613	0.2716898	-899.9997	-0.00285601	0.3127031	0	0	0	0	0	0	0	0	0	0	0	0	-1499.985	-0.00308576	5.473811	0	0	0	0	0	0	0	0	0	0	0	0	0	0	0	
26.908	19	11	7	5	-1075.268	-25.09405	0.4314447	-599.994	-200.0051	0.4121035	-699.9993	-100.0006	0.343732	-1186.922	150.0027	0.3935581	-1000.077	-200.0247	0.3491723	-600.0743	99.99612	0.2772152	-899.9998	-0.00285044	0.3129142	0	0	0	0	0	0	0	0	0	0	0	0	-1499.984	-0.003126267	5.585875	0	0	0	0	0	0	0	0	0	0	0	0	0	0	0	
26.956	19	11	7	5	-1075.268	-25.09424	0.4375312	-599.994	-200.0051	0.4156325	-699.9994	-100.0006	0.3408692	-1186.897	150.0027	0.3957686	-1000.078	-200.0247	0.3501531	-600.0745	99.99611	0.2823295	-899.9998	-0.002845885	0.31335	0	0	0	0	0	0	0	0	0	0	0	0	-1499.983	-0.00317228	5.692827	0	0	0	0	0	0	0	0	0	0	0	0	0	0	0	
27	19	11	7	5	-1075.269	-25.09442	0.4427831	-599.9939	-200.0051	0.4187169	-699.9994	-100.0006	0.3382461	-1186.875	150.0027	0.3977821	-1000.078	-200.0248	0.3508906	-600.0746	99.99609	0.2870106	-899.9998	-0.002841626	0.3139482	0	0	0	0	0	0	0	0	0	0	0	0	-1499.982	-0.003209199	5.793655	0	0	0	0	0	0	0	0	0	0	0	0	0	0	0	
27.044	19	11	7	5	-1075.269	-25.09459	0.4472602	-599.9939	-200.0051	0.4213706	-699.9994	-100.0006	0.3358749	-1186.854	150.0027	0.3996111	-1000.078	-200.0248	0.3514113	-600.0748	99.99608	0.2912448	-899.9999	-0.002837236	0.3146527	0	0	0	0	0	0	0	0	0	0	0	0	-1499.981	-0.003233692	5.887497	0	0	0	0	0	0	0	0	0	0	0	0	0	0	0	
27.088	19	11	7	5	-1075.27	-25.09479	0.4522281	-599.9939	-200.0052	0.4243361	-699.9994	-100.0006	0.3330668	-1186.83	150.0027	0.4018037	-1000.078	-200.0249	0.3518244	-600.0751	99.99606	0.2962773	-899.9999	-0.002831378	0.3156949	0	0	0	0	0	0	0	0	0	0	0	0	-1499.98	-0.003236682	6.002719	0	0	0	0	0	0	0	0	0	0	0	0	0	0	0	
27.132	19	11	7	5	-1075.271	-25.09498	0.4563666	-599.9938	-200.0052	0.426829	-699.9994	-100.0006	0.3305506	-1186.807	150.0028	0.4038	-1000.078	-200.0249	0.3519772	-600.0753	99.99605	0.3008219	-899.9999	-0.002826042	0.3168353	0	0	0	0	0	0	0	0	0	0	0	0	-1499.979	-0.003163074	6.110724	0	0	0	0	0	0	0	0	0	0	0	0	0	0	0	
27.18	19	11	7	5	-1075.271	-25.09519	0.4603985	-599.9938	-200.0052	0.4293001	-699.9995	-100.0005	0.3278964	-1186.783	150.0028	0.4059429	-1000.078	-200.0249	0.3518794	-600.0755	99.99603	0.3056773	-899.9999	-0.002820883	0.3182786	0	0	0	0	0	0	0	0	0	0	0	0	-1499.977	-0.003050664	6.230999	0	0	0	0	0	0	0	0	0	0	0	0	0	0	0	
27.224	19	11	7	5	-1075.272	-25.09538	0.4636272	-599.9938	-200.0052	0.4313444	-699.9995	-100.0005	0.3255715	-1186.76	150.0028	0.4078573	-1000.078	-200.025	0.3515445	-600.0757	99.99601	0.3100093	-900	-0.002816684	0.3197823	0	0	0	0	0	0	0	0	0	0	0	0	-1499.976	-0.002915073	6.343363	0	0	0	0	0	0	0	0	0	0	0	0	0	0	0	
27.272	19	11	7	5	-1075.273	-25.09557	0.4663882	-599.9938	-200.0052	0.4331852	-699.9995	-100.0005	0.3233728	-1186.737	150.0028	0.4097087	-1000.078	-200.025	0.3509822	-600.076	99.99598	0.3142043	-900	-0.002812415	0.3214558	0	0	0	0	0	0	0	0	0	0	0	0	-1499.975	-0.002741902	6.457628	0	0	0	0	0	0	0	0	0	0	0	0	0	0	0	
27.312	19	11	7	5	-1075.273	-25.09576	0.4686632	-599.9937	-200.0052	0.4348287	-699.9995	-100.0005	0.3213204	-1186.715	150.0028	0.4114865	-1000.078	-200.025	0.3501985	-600.0762	99.99596	0.3182425	-900	-0.002807639	0.3232944	0	0	0	0	0	0	0	0	0	0	0	0	-1499.974	-0.002575349	6.573674	0	0	0	0	0	0	0	0	0	0	0	0	0	0	0	
27.36	19	11	7	5	-1075.274	-25.09597	0.4705723	-599.9937	-200.0052	0.4364032	-699.9995	-100.0005	0.3192687	-1186.69	150.0029	0.4133337	-1000.078	-200.0251	0.3490858	-600.0764	99.99594	0.3224498	-900	-0.002802035	0.3254803	0	0	0	0	0	0	0	0	0	0	0	0	-1499.973	-0.002461207	6.702155	0	0	0	0	0	0	0	0	0	0	0	0	0	0	0	
27.408	19	11	7	5	-1075.274	-25.09617	0.4718674	-599.9937	-200.0052	0.4377547	-699.9996	-100.0005	0.317432	-1186.666	150.0029	0.4150822	-1000.078	-200.0251	0.3476842	-600.0767	99.99591	0.3264345	-900	-0.002796755	0.3278434	0	0	0	0	0	0	0	0	0	0	0	0	-1499.971	-0.002459199	6.832463	0	0	0	0	0	0	0	0	0	0	0	0	0	0	0	
27.456	19	11	7	6	-1075.275	-25.09638	0.472535	-599.9936	-200.0053	0.4388826	-699.9996	-100.0004	0.3158285	-1186.641	150.0029	0.4167384	-1000.078	-200.0251	0.3459685	-600.077	99.99589	0.3301823	-900.0001	-0.00279226	0.3303713	0	0	0	0	0	0	0	0	0	0	0	0	-1499.97	-0.002406658	6.964472	0	0	0	0	0	0	0	0	0	0	0	0	0	0	0	
27.5	19	11	7	6	-1075.275	-25.09656	0.4725877	-599.9936	-200.0053	0.439711	-699.9996	-100.0004	0.3145783	-1186.618	150.0029	0.4181867	-1000.078	-200.0252	0.3441022	-600.0772	99.99586	0.3333963	-900.0001	-0.002788516	0.3328217	0	0	0	0	0	0	0	0	0	0	0	0	-1499.969	-0.002347129	7.086871	0	0	0	0	0	0	0	0	0	0	0	0	0	0	0	
27.552	19	11	7	6	-1075.276	-25.09677	0.4719537	-599.9936	-200.0053	0.4404176	-699.9996	-100.0004	0.3133894	-1186.592	150.0029	0.4198219	-1000.078	-200.0252	0.3415199	-600.0775	99.99583	0.336902	-900.0001	-0.002783713	0.3358677	0	0	0	0	0	0	0	0	0	0	0	0	-1499.967	-0.002353459	7.233085	0	0	0	0	0	0	0	0	0	0	0	0	0	0	0	
27.588	19	11	7	6	-1075.277	-25.09692	0.4710717	-599.9935	-200.0053	0.4407257	-699.9996	-100.0004	0.3127584	-1186.573	150.003	0.4209028	-1000.078	-200.0252	0.3394857	-600.0777	99.99581	0.3391311	-900.0001	-0.002779936	0.3380644	0	0	0	0	0	0	0	0	0	0	0	0	-1499.967	-0.00241782	7.335232	0	0	0	0	0	0	0	0	0	0	0	0	0	0	0	
27.624	19	11	7	6	-1075.277	-25.09706	0.4698281	-599.9935	-200.0053	0.4408876	-699.9996	-100.0004	0.3122902	-1186.555	150.003	0.4219336	-1000.078	-200.0252	0.3372448	-600.0778	99.99579	0.3411888	-900.0001	-0.002776005	0.3403284	0	0	0	0	0	0	0	0	0	0	0	0	-1499.966	-0.002530696	7.438072	0	0	0	0	0	0	0	0	0	0	0	0	0	0	0	
27.668	19	11	7	6	-1075.277	-25.09724	0.46782	-599.9935	-200.0053	0.4409024	-699.9996	-100.0004	0.3119443	-1186.532	150.003	0.4231112	-1000.078	-200.0253	0.3342229	-600.0781	99.99577	0.3434605	-900.0001	-0.002771499	0.3431823	0	0	0	0	0	0	0	0	0	0	0	0	-1499.964	-0.002712726	7.564634	0	0	0	0	0	0	0	0	0	0	0	0	0	0	0	
27.712	19	11	7	6	-1075.278	-25.09741	0.4652813	-599.9935	-200.0053	0.4407426	-699.9996	-100.0004	0.3118509	-1186.51	150.003	0.4241832	-1000.078	-200.0253	0.3308955	-600.0783	99.99575	0.3454536	-900.0002	-0.002767662	0.3461266	0	0	0	0	0	0	0	0	0	0	0	0	-1499.963	-0.002907564	7.692075	0	0	0	0	0	0	0	0	0	0	0	0	0	0	0	
27.752	19	11	7	6	-1075.278	-25.09757	0.4625207	-599.9934	-200.0053	0.4404697	-699.9996	-100.0004	0.3119861	-1186.489	150.003	0.4250584	-1000.078	-200.0253	0.3276199	-600.0785	99.99573	0.347016	-900.0002	-0.002764568	0.3488762	0	0	0	0	0	0	0	0	0	0	0	0	-1499.962	-0.003073594	7.808628	0	0	0	0	0	0	0	0	0	0	0	0	0	0	0	
27.8	19	11	7	6	-1075.279	-25.09776	0.4586521	-599.9934	-200.0053	0.4400026	-699.9996	-100.0003	0.3124233	-1186.464	150.0031	0.4259822	-1000.078	-200.0253	0.3233978	-600.0787	99.99571	0.348572	-900.0002	-0.002760681	0.3522584	0	0	0	0	0	0	0	0	0	0	0	0	-1499.961	-0.003246751	7.949286	0	0	0	0	0	0	0	0	0	0	0	0	0	0	0	
27.844	19	11	7	6	-1075.279	-25.09794	0.4541952	-599.9933	-200.0054	0.4393905	-699.9996	-100.0003	0.3131564	-1186.44	150.0031	0.4267722	-1000.078	-200.0253	0.3188777	-600.0789	99.99569	0.3497729	-900.0002	-0.002756132	0.3557177	0	0	0	0	0	0	0	0	0	0	0	0	-1499.96	-0.003366959	8.090745	0	0	0	0	0	0	0	0	0	0	0	0	0	0	0	
27.896	19	11	7	6	-1075.28	-25.09813	0.4491732	-599.9933	-200.0054	0.4386288	-699.9996	-100.0003	0.3141785	-1186.415	150.0031	0.4274366	-1000.078	-200.0254	0.3140647	-600.0792	99.99567	0.3506205	-900.0002	-0.002751211	0.3592377	0	0	0	0	0	0	0	0	0	0	0	0	-1499.959	-0.00352734	8.232907	0	0	0	0	0	0	0	0	0	0	0	0	0	0	0	
27.944	19	11	7	6	-1075.28	-25.09832	0.4436127	-599.9933	-200.0054	0.4377072	-699.9996	-100.0003	0.3154813	-1186.39	150.0031	0.4279845	-1000.078	-200.0254	0.3089553	-600.0794	99.99566	0.3511155	-900.0003	-0.002746628	0.3628012	0	0	0	0	0	0	0	0	0	0	0	0	-1499.958	-0.003689286	8.375691	0	0	0	0	0	0	0	0	0	0	0	0	0	0	0	
27.992	19	11	7	6	-1075.281	-25.09852	0.4375438	-599.9932	-200.0054	0.436614	-699.9996	-100.0003	0.3170556	-1186.366	150.0032	0.4284266	-1000.078	-200.0254	0.3035547	-600.0796	99.99564	0.3512568	-900.0003	-0.002742619	0.3663913	0	0	0	0	0	0	0	0	0	0	0	0	-1499.956	-0.003771277	8.51902	0	0	0	0	0	0	0	0	0	0	0	0	0	0	0	
28.044	19	11	7	6	-1075.282	-25.09873	0.4304343	-599.9932	-200.0054	0.4352243	-699.9996	-100.0003	0.3190547	-1186.339	150.0032	0.428797	-1000.078	-200.0254	0.2974046	-600.0798	99.99562	0.3510061	-900.0003	-0.00273827	0.3702926	0	0	0	0	0	0	0	0	0	0	0	0	-1499.955	-0.003908991	8.674802	0	0	0	0	0	0	0	0	0	0	0	0	0	0	0	
28.092	19	11	7	6	-1075.282	-25.09893	0.4234172	-599.9931	-200.0054	0.4337497	-699.9996	-100.0002	0.3211565	-1186.315	150.0032	0.4290389	-1000.078	-200.0255	0.291494	-600.08	99.99561	0.3503996	-900.0003	-0.002733498	0.3738909	0	0	0	0	0	0	0	0	0	0	0	0	-1499.954	-0.004069803	8.818954	0	0	0	0	0	0	0	0	0	0	0	0	0	0	0	
28.14	19	11	7	6	-1075.283	-25.09915	0.4160046	-599.9931	-200.0054	0.4321056	-699.9996	-100.0002	0.3234872	-1186.29	150.0032	0.4291717	-1000.078	-200.0255	0.2854032	-600.0802	99.99559	0.3494344	-900.0004	-0.002728	0.3774757	0	0	0	0	0	0	0	0	0	0	0	0	-1499.952	-0.004230916	8.963352	0	0	0	0	0	0	0	0	0	0	0	0	0	0	0	
28.188	19	11	7	6	-1075.283	-25.09936	0.4082388	-599.993	-200.0054	0.4303226	-699.9996	-100.0002	0.3260263	-1186.265	150.0033	0.4291777	-1000.079	-200.0255	0.2791702	-600.0804	99.99558	0.3481173	-900.0004	-0.00272248	0.3810388	0	0	0	0	0	0	0	0	0	0	0	0	-1499.951	-0.004424096	9.107937	0	0	0	0	0	0	0	0	0	0	0	0	0	0	0	
28.24	19	11	7	6	-1075.284	-25.09961	0.3994792	-599.993	-200.0055	0.4282754	-699.9996	-100.0002	0.3289855	-1186.239	150.0033	0.4290292	-1000.079	-200.0255	0.2723004	-600.0806	99.99556	0.3463067	-900.0004	-0.002717096	0.3848653	0	0	0	0	0	0	0	0	0	0	0	0	-1499.95	-0.004595968	9.264704	0	0	0	0	0	0	0	0	0	0	0	0	0	0	0	
28.28	19	11	7	6	-1075.285	-25.09981	0.3925319	-599.9929	-200.0055	0.4266368	-699.9996	-100.0002	0.3313904	-1186.218	150.0033	0.4288092	-1000.079	-200.0256	0.2669632	-600.0807	99.99555	0.3446535	-900.0004	-0.002713177	0.3877774	0	0	0	0	0	0	0	0	0	0	0	0	-1499.949	-0.004658525	9.385369	0	0	0	0	0	0	0	0	0	0	0	0	0	0	0	
28.32	19	11	7	6	-1075.285	-25.10001	0.3854337	-599.9929	-200.0055	0.4249439	-699.9996	-100.0002	0.3338913	-1186.198	150.0033	0.4285085	-1000.079	-200.0256	0.261605	-600.0809	99.99554	0.3427837	-900.0005	-0.002708944	0.3906542	0	0	0	0	0	0	0	0	0	0	0	0	-1499.948	-0.004722005	9.50606	0	0	0	0	0	0	0	0	0	0	0	0	0	0	0	
28.368	19	11	7	7	-1075.286	-25.10026	0.376757	-599.9928	-200.0055	0.4228276	-699.9996	-100.0002	0.3369993	-1186.173	150.0033	0.4280589	-1000.079	-200.0256	0.2551735	-600.0811	99.99552	0.3402664	-900.0005	-0.00270302	0.3940475	0	0	0	0	0	0	0	0	0	0	0	0	-1499.947	-0.004786443	9.650839	0	0	0	0	0	0	0	0	0	0	0	0	0	0	0	
28.412	19	11	7	7	-1075.287	-25.10051	0.3686922	-599.9928	-200.0055	0.4207896	-699.9996	-100.0001	0.339933	-1186.15	150.0034	0.4275758	-1000.079	-200.0257	0.2492956	-600.0812	99.99551	0.3377083	-900.0005	-0.002696963	0.3970888	0	0	0	0	0	0	0	0	0	0	0	0	-1499.946	-0.004911686	9.783455	0	0	0	0	0	0	0	0	0	0	0	0	0	0	0	
28.444	19	11	7	7	-1075.287	-25.10069	0.3627835	-599.9927	-200.0055	0.4192414	-699.9996	-100.0001	0.3421084	-1186.134	150.0034	0.4271859	-1000.079	-200.0257	0.245041	-600.0814	99.9955	0.335703	-900.0005	-0.002692511	0.3992521	0	0	0	0	0	0	0	0	0	0	0	0	-1499.945	-0.005033327	9.879824	0	0	0	0	0	0	0	0	0	0	0	0	0	0	0	
28.492	19	11	7	7	-1075.288	-25.10097	0.3538893	-599.9927	-200.0055	0.4168119	-699.9996	-100.0001	0.3454244	-1186.109	150.0034	0.4265408	-1000.08	-200.0257	0.2387125	-600.0816	99.99548	0.3324741	-900.0006	-0.002686128	0.4024104	0	0	0	0	0	0	0	0	0	0	0	0	-1499.944	-0.005192344	10.02422	0	0	0	0	0	0	0	0	0	0	0	0	0	0	0	
28.54	19	11	7	7	-1075.289	-25.10126	0.3450042	-599.9926	-200.0055	0.4142565	-699.9996	-100.0001	0.3487897	-1186.085	150.0034	0.4258183	-1000.08	-200.0258	0.2324866	-600.0817	99.99545	0.3289902	-900.0006	-0.00267992	0.4054543	0	0	0	0	0	0	0	0	0	0	0	0	-1499.942	-0.005384511	10.16838	0	0	0	0	0	0	0	0	0	0	0	0	0	0	0	
28.588	19	11	7	7	-1075.29	-25.10157	0.3361801	-599.9926	-200.0055	0.4115849	-699.9996	-100.0001	0.3521896	-1186.06	150.0035	0.4250065	-1000.08	-200.0258	0.2264161	-600.082	99.99543	0.3252661	-900.0006	-0.002673173	0.4083744	0	0	0	0	0	0	0	0	0	0	0	0	-1499.941	-0.005548646	10.31224	0	0	0	0	0	0	0	0	0	0	0	0	0	0	0	
28.64	19	11	7	7	-1075.291	-25.10191	0.3267493	-599.9925	-200.0056	0.4085795	-699.9996	-100.0001	0.3558966	-1186.033	150.0035	0.4240055	-1000.08	-200.0259	0.2200717	-600.0822	99.9954	0.3209853	-900.0006	-0.002664761	0.4113901	0	0	0	0	0	0	0	0	0	0	0	0	-1499.94	-0.005752963	10.46771	0	0	0	0	0	0	0	0	0	0	0	0	0	0	0	
28.684	19	11	7	7	-1075.292	-25.10221	0.3189202	-599.9925	-200.0056	0.4059688	-699.9996	-100.0001	0.3590422	-1186.011	150.0035	0.4230433	-1000.081	-200.0259	0.2149243	-600.0824	99.99537	0.3171882	-900.0007	-0.002657102	0.4138171	0	0	0	0	0	0	0	0	0	0	0	0	-1499.939	-0.00589956	10.59892	0	0	0	0	0	0	0	0	0	0	0	0	0	0	0	
28.724	19	11	7	7	-1075.293	-25.10248	0.311957	-599.9924	-200.0056	0.4035605	-699.9996	-100	0.3619028	-1185.99	150.0035	0.4220709	-1000.081	-200.026	0.2104372	-600.0826	99.99535	0.3136181	-900.0007	-0.002650253	0.4159214	0	0	0	0	0	0	0	0	0	0	0	0	-1499.938	-0.00603307	10.71789	0	0	0	0	0	0	0	0	0	0	0	0	0	0	0	
28.772	19	11	7	7	-1075.294	-25.10282	0.3038354	-599.9924	-200.0056	0.4006434	-699.9996	-100	0.3653319	-1185.966	150.0036	0.4207866	-1000.081	-200.0261	0.2053123	-600.0828	99.99531	0.3092103	-900.0007	-0.002642477	0.4183138	0	0	0	0	0	0	0	0	0	0	0	0	-1499.937	-0.006246521	10.86024	0	0	0	0	0	0	0	0	0	0	0	0	0	0	0	
28.82	19	11	7	7	-1075.295	-25.10316	0.2960132	-599.9923	-200.0056	0.3976995	-699.9996	-100	0.3687547	-1185.941	150.0036	0.4193943	-1000.081	-200.0261	0.2004927	-600.083	99.99528	0.3046927	-900.0007	-0.002634768	0.4205544	0	0	0	0	0	0	0	0	0	0	0	0	-1499.936	-0.006518571	11.00209	0	0	0	0	0	0	0	0	0	0	0	0	0	0	0	
28.868	19	11	7	7	-1075.296	-25.10351	0.288535	-599.9923	-200.0056	0.3947146	-699.9996	-99.99999	0.3721719	-1185.916	150.0036	0.4179191	-1000.082	-200.0262	0.1960011	-600.0833	99.99524	0.3000876	-900.0008	-0.002626382	0.4226339	0	0	0	0	0	0	0	0	0	0	0	0	-1499.935	-0.006773271	11.14338	0	0	0	0	0	0	0	0	0	0	0	0	0	0	0	
28.916	19	11	7	7	-1075.297	-25.10387	0.2814428	-599.9922	-200.0056	0.3916688	-699.9996	-99.99998	0.3755862	-1185.892	150.0036	0.416377	-1000.082	-200.0263	0.1918556	-600.0835	99.9952	0.2954134	-900.0008	-0.002617114	0.4245424	0	0	0	0	0	0	0	0	0	0	0	0	-1499.934	-0.007050932	11.28409	0	0	0	0	0	0	0	0	0	0	0	0	0	0	0	
28.964	19	11	7	7	-1075.298	-25.10422	0.2747763	-599.9922	-200.0056	0.3885572	-699.9996	-99.99996	0.3790009	-1185.867	150.0037	0.4147676	-1000.082	-200.0263	0.1880647	-600.0838	99.99516	0.2906867	-900.0008	-0.002607546	0.4262714	0	0	0	0	0	0	0	0	0	0	0	0	-1499.933	-0.007324149	11.42419	0	0	0	0	0	0	0	0	0	0	0	0	0	0	0	
29.008	19	11	7	7	-1075.299	-25.10455	0.2690705	-599.9921	-200.0056	0.3856633	-699.9996	-99.99995	0.3821337	-1185.844	150.0037	0.4132223	-1000.082	-200.0264	0.1849177	-600.0841	99.99512	0.2863218	-900.0008	-0.002599115	0.4276935	0	0	0	0	0	0	0	0	0	0	0	0	-1499.932	-0.007401942	11.55205	0	0	0	0	0	0	0	0	0	0	0	0	0	0	0	
29.06	19	11	7	7	-1075.3	-25.10491	0.2633194	-599.9921	-200.0057	0.3824947	-699.9996	-99.99993	0.3855549	-1185.82	150.0037	0.4114427	-1000.083	-200.0265	0.1818662	-600.0844	99.99507	0.2815432	-900.0008	-0.002590336	0.4290638	0	0	0	0	0	0	0	0	0	0	0	0	-1499.931	-0.007425952	11.69088	0	0	0	0	0	0	0	0	0	0	0	0	0	0	0	
29.108	19	11	7	7	-1075.301	-25.1053	0.2576818	-599.9921	-200.0057	0.379093	-699.9996	-99.99992	0.3889785	-1185.795	150.0037	0.4095478	-1000.083	-200.0266	0.1792399	-600.0846	99.99502	0.2767711	-900.0008	-0.002581386	0.4302436	0	0	0	0	0	0	0	0	0	0	0	0	-1499.93	-0.007540466	11.82901	0	0	0	0	0	0	0	0	0	0	0	0	0	0	0	
29.152	19	11	7	7	-1075.302	-25.10562	0.2534154	-599.992	-200.0057	0.376269	-699.9996	-99.9999	0.3924004	-1185.771	150.0038	0.4075224	-1000.083	-200.0266	0.1770569	-600.0849	99.99497	0.2720355	-900.0009	-0.002571726	0.4312329	0	0	0	0	0	0	0	0	0	0	0	0	-1499.929	-0.007640796	11.96641	0	0	0	0	0	0	0	0	0	0	0	0	0	0	0	
29.2	19	11	7	7	-1075.303	-25.10597	0.2493115	-599.992	-200.0057	0.3732641	-699.9996	-99.99989	0.3958148	-1185.746	150.0038	0.4053572	-1000.084	-200.0267	0.175319	-600.0853	99.99492	0.2673685	-900.0009	-0.002561575	0.4320323	0	0	0	0	0	0	0	0	0	0	0	0	-1499.928	-0.007682767	12.10306	0	0	0	0	0	0	0	0	0	0	0	0	0	0	0	
29.248	19	11	7	7	-1075.305	-25.10632	0.2458007	-599.992	-200.0057	0.3703462	-699.9996	-99.99987	0.3992149	-1185.721	150.0038	0.4030528	-1000.084	-200.0268	0.1740181	-600.0856	99.99487	0.2628006	-900.0009	-0.002551744	0.432643	0	0	0	0	0	0	0	0	0	0	0	0	-1499.928	-0.007742845	12.23894	0	0	0	0	0	0	0	0	0	0	0	0	0	0	0	
29.296	19	11	7	8	-1075.306	-25.10667	0.2428988	-599.992	-200.0057	0.3675093	-699.9996	-99.99986	0.4025943	-1185.697	150.0039	0.4006232	-1000.084	-200.0269	0.1731494	-600.0859	99.99481	0.2583556	-900.0009	-0.002542604	0.4330644	0	0	0	0	0	0	0	0	0	0	0	0	-1499.927	-0.007871372	12.37402	0	0	0	0	0	0	0	0	0	0	0	0	0	0	0	
29.34	19	11	7	8	-1075.306	-25.10698	0.2407834	-599.9919	-200.0057	0.3649667	-699.9996	-99.99985	0.4056686	-1185.674	150.0039	0.3983074	-1000.084	-200.027	0.1727357	-600.0862	99.99477	0.2544041	-900.0009	-0.002534576	0.4332831	0	0	0	0	0	0	0	0	0	0	0	0	-1499.926	-0.007925363	12.49715	0	0	0	0	0	0	0	0	0	0	0	0	0	0	0	
29.388	19	11	7	8	-1075.307	-25.10731	0.2390771	-599.9919	-200.0057	0.3622372	-699.9996	-99.99983	0.4089906	-1185.649	150.0039	0.3957089	-1000.085	-200.027	0.1727071	-600.0865	99.99472	0.2502397	-900.0009	-0.002525365	0.4333372	0	0	0	0	0	0	0	0	0	0	0	0	-1499.925	-0.007952523	12.63067	0	0	0	0	0	0	0	0	0	0	0	0	0	0	0	
29.432	19	11	7	8	-1075.308	-25.10762	0.238067	-599.9919	-200.0057	0.3597659	-699.9996	-99.99982	0.4120002	-1185.627	150.0039	0.3932729	-1000.085	-200.0271	0.1730679	-600.0868	99.99467	0.2465656	-900.0009	-0.002516567	0.4332157	0	0	0	0	0	0	0	0	0	0	0	0	-1499.925	-0.008004239	12.75232	0	0	0	0	0	0	0	0	0	0	0	0	0	0	0	
29.48	19	11	7	8	-1075.309	-25.10794	0.2375697	-599.9919	-200.0057	0.3571135	-699.9996	-99.99981	0.4152346	-1185.602	150.004	0.3905545	-1000.085	-200.0272	0.173877	-600.0871	99.99462	0.2427242	-900.0009	-0.002506814	0.432898	0	0	0	0	0	0	0	0	0	0	0	0	-1499.924	-0.008169079	12.88418	0	0	0	0	0	0	0	0	0	0	0	0	0	0	0	
29.524	19	11	7	8	-1075.31	-25.10824	0.2376649	-599.9919	-200.0057	0.3547505	-699.9996	-99.99979	0.4181435	-1185.58	150.004	0.3879972	-1000.085	-200.0273	0.1749949	-600.0874	99.99458	0.2393664	-900.0009	-0.002498536	0.4324394	0	0	0	0	0	0	0	0	0	0	0	0	-1499.923	-0.008352095	13.00427	0	0	0	0	0	0	0	0	0	0	0	0	0	0	0	
29.568	19	11	7	8	-1075.311	-25.10853	0.2382813	-599.9919	-200.0057	0.352488	-699.9996	-99.99978	0.4209862	-1185.557	150.004	0.3853678	-1000.086	-200.0273	0.1764751	-600.0877	99.99454	0.2361774	-900.0009	-0.002491019	0.4318249	0	0	0	0	0	0	0	0	0	0	0	0	-1499.922	-0.008470707	13.12362	0	0	0	0	0	0	0	0	0	0	0	0	0	0	0	
29.616	19	11	7	8	-1075.312	-25.10885	0.2395381	-599.9919	-200.0057	0.3501665	-699.9996	-99.99977	0.4239959	-1185.533	150.0041	0.3824131	-1000.086	-200.0274	0.1785111	-600.088	99.99449	0.2329075	-900.0009	-0.002483216	0.4309818	0	0	0	0	0	0	0	0	0	0	0	0	-1499.921	-0.008516508	13.25294	0	0	0	0	0	0	0	0	0	0	0	0	0	0	0	
29.664	19	11	7	8	-1075.313	-25.10916	0.2413901	-599.9919	-200.0057	0.3480102	-699.9996	-99.99976	0.4268925	-1185.508	150.0041	0.3793735	-1000.086	-200.0275	0.1809893	-600.0883	99.99445	0.2298748	-900.0009	-0.002475157	0.4299643	0	0	0	0	0	0	0	0	0	0	0	0	-1499.92	-0.008611854	13.38132	0	0	0	0	0	0	0	0	0	0	0	0	0	0	0	
29.7	19	11	7	8	-1075.313	-25.10939	0.2431589	-599.9919	-200.0057	0.3464952	-699.9996	-99.99975	0.4289797	-1185.489	150.0041	0.3770457	-1000.086	-200.0275	0.1831309	-600.0885	99.99442	0.2277664	-900.0009	-0.00246887	0.4290902	0	0	0	0	0	0	0	0	0	0	0	0	-1499.92	-0.008711165	13.47698	0	0	0	0	0	0	0	0	0	0	0	0	0	0	0	
29.74	19	11	7	8	-1075.314	-25.10965	0.245494	-599.9919	-200.0057	0.3449007	-699.9996	-99.99974	0.431203	-1185.469	150.0041	0.374421	-1000.086	-200.0276	0.1857811	-600.0888	99.99439	0.2255983	-900.0009	-0.002461973	0.4280105	0	0	0	0	0	0	0	0	0	0	0	0	-1499.919	-0.008798979	13.58267	0	0	0	0	0	0	0	0	0	0	0	0	0	0	0	
29.788	19	11	7	8	-1075.315	-25.10996	0.2487909	-599.9919	-200.0057	0.3430868	-699.9996	-99.99972	0.4337246	-1185.444	150.0042	0.3712368	-1000.087	-200.0277	0.1893182	-600.089	99.99435	0.2232442	-900.0009	-0.002454395	0.426568	0	0	0	0	0	0	0	0	0	0	0	0	-1499.919	-0.008822649	13.7086	0	0	0	0	0	0	0	0	0	0	0	0	0	0	0	
29.836	19	11	7	8	-1075.316	-25.11027	0.2526018	-599.9919	-200.0057	0.3413539	-699.9996	-99.99971	0.436071	-1185.42	150.0042	0.3680413	-1000.087	-200.0278	0.1932312	-600.0893	99.99432	0.2211635	-900.0009	-0.002447742	0.4249694	0	0	0	0	0	0	0	0	0	0	0	0	-1499.918	-0.008790953	13.83358	0	0	0	0	0	0	0	0	0	0	0	0	0	0	0	
29.88	19	11	7	8	-1075.316	-25.11055	0.2565212	-599.9919	-200.0057	0.3398157	-699.9996	-99.9997	0.4380541	-1185.397	150.0042	0.3651293	-1000.087	-200.0279	0.1971479	-600.0896	99.99429	0.2194926	-900.0009	-0.002441976	0.4233707	0	0	0	0	0	0	0	0	0	0	0	0	-1499.917	-0.008758396	13.94728	0	0	0	0	0	0	0	0	0	0	0	0	0	0	0	
29.928	19	11	7	8	-1075.317	-25.11086	0.2612313	-599.9919	-200.0057	0.3381818	-699.9996	-99.99969	0.4400193	-1185.372	150.0042	0.3619945	-1000.087	-200.0279	0.2017833	-600.0898	99.99427	0.2179299	-900.0009	-0.002435408	0.4214862	0	0	0	0	0	0	0	0	0	0	0	0	-1499.917	-0.008691265	14.07035	0	0	0	0	0	0	0	0	0	0	0	0	0	0	0	
29.98	19	11	7	8	-1075.318	-25.1112	0.2668056	-599.9919	-200.0057	0.3364728	-699.9996	-99.99967	0.4418962	-1185.346	150.0043	0.3586592	-1000.087	-200.028	0.2072273	-600.0901	99.99424	0.2165448	-900.0009	-0.002428522	0.4194625	0	0	0	0	0	0	0	0	0	0	0	0	-1499.916	-0.008688597	14.19241	0	0	0	0	0	0	0	0	0	0	0	0	0	0	0	
30.024	19	11	7	8	-1075.319	-25.11149	0.2718712	-599.992	-200.0057	0.3351008	-699.9996	-99.99966	0.4432641	-1185.323	150.0043	0.3558846	-1000.088	-200.0281	0.2121633	-600.0903	99.99422	0.2156251	-900.0009	-0.002421987	0.4173091	0	0	0	0	0	0	0	0	0	0	0	0	-1499.915	-0.008744231	14.31345	0	0	0	0	0	0	0	0	0	0	0	0	0	0	0	
30.072	19	11	7	8	-1075.32	-25.11182	0.2777242	-599.992	-200.0057	0.333713	-699.9996	-99.99965	0.4445118	-1185.299	150.0043	0.352905	-1000.088	-200.0282	0.2178728	-600.0906	99.9942	0.2148882	-900.0009	-0.002416418	0.4150367	0	0	0	0	0	0	0	0	0	0	0	0	-1499.915	-0.008790396	14.43348	0	0	0	0	0	0	0	0	0	0	0	0	0	0	0	
30.116	19	11	7	8	-1075.32	-25.11212	0.2833551	-599.992	-200.0057	0.3325581	-699.9996	-99.99964	0.4454215	-1185.276	150.0044	0.3502228	-1000.088	-200.0283	0.2233843	-600.0908	99.99418	0.2144584	-900.0009	-0.002412042	0.4128582	0	0	0	0	0	0	0	0	0	0	0	0	-1499.914	-0.008815451	14.54263	0	0	0	0	0	0	0	0	0	0	0	0	0	0	0	
30.16	19	11	7	8	-1075.321	-25.11242	0.2892063	-599.992	-200.0057	0.3315127	-699.9996	-99.99963	0.4461009	-1185.253	150.0044	0.3476027	-1000.088	-200.0284	0.2291371	-600.091	99.99417	0.2142638	-900.0009	-0.002407759	0.4105962	0	0	0	0	0	0	0	0	0	0	0	0	-1499.914	-0.008881306	14.65094	0	0	0	0	0	0	0	0	0	0	0	0	0	0	0	
30.208	19	11	7	9	-1075.322	-25.11276	0.2958012	-599.992	-200.0057	0.3304728	-699.9996	-99.99962	0.4465765	-1185.229	150.0044	0.3448395	-1000.089	-200.0284	0.2356503	-600.0912	99.99415	0.2143172	-900.0009	-0.002402667	0.4080411	0	0	0	0	0	0	0	0	0	0	0	0	-1499.913	-0.008979458	14.7584	0	0	0	0	0	0	0	0	0	0	0	0	0	0	0	
30.252	19	11	7	9	-1075.323	-25.11307	0.3020039	-599.992	-200.0057	0.3295815	-699.9996	-99.99961	0.4467699	-1185.206	150.0044	0.3424161	-1000.089	-200.0285	0.241798	-600.0914	99.99414	0.2146031	-900.0009	-0.002397745	0.4056257	0	0	0	0	0	0	0	0	0	0	0	0	-1499.912	-0.00910004	14.87464	0	0	0	0	0	0	0	0	0	0	0	0	0	0	0	
30.3	19	11	7	9	-1075.324	-25.11342	0.3089002	-599.992	-200.0057	0.3286496	-699.9996	-99.9996	0.4467209	-1185.182	150.0045	0.339913	-1000.089	-200.0286	0.2486574	-600.0916	99.99413	0.215164	-900.0009	-0.002392727	0.4029183	0	0	0	0	0	0	0	0	0	0	0	0	-1499.912	-0.009234356	14.98981	0	0	0	0	0	0	0	0	0	0	0	0	0	0	0	
30.344	19	11	7	9	-1075.325	-25.11375	0.3153033	-599.992	-200.0057	0.3278203	-699.9995	-99.99959	0.4464456	-1185.159	150.0045	0.3377623	-1000.089	-200.0287	0.2550622	-600.0918	99.99412	0.2158966	-900.0009	-0.002388782	0.4003766	0	0	0	0	0	0	0	0	0	0	0	0	-1499.911	-0.009364164	15.09448	0	0	0	0	0	0	0	0	0	0	0	0	0	0	0	
30.392	19	11	7	9	-1075.325	-25.11411	0.3223352	-599.992	-200.0057	0.3269418	-699.9995	-99.99957	0.4459015	-1185.134	150.0045	0.3355861	-1000.09	-200.0288	0.2621652	-600.0919	99.99411	0.2169243	-900.0009	-0.00238486	0.3975466	0	0	0	0	0	0	0	0	0	0	0	0	-1499.911	-0.009595109	15.20768	0	0	0	0	0	0	0	0	0	0	0	0	0	0	0	
30.44	19	11	7	9	-1075.326	-25.11447	0.3293724	-599.992	-200.0057	0.3261008	-699.9995	-99.99956	0.4451174	-1185.11	150.0045	0.3335936	-1000.09	-200.0289	0.2693791	-600.0921	99.9941	0.2181825	-900.001	-0.002380601	0.3946664	0	0	0	0	0	0	0	0	0	0	0	0	-1499.91	-0.009916258	15.31986	0	0	0	0	0	0	0	0	0	0	0	0	0	0	0	
30.488	19	11	7	9	-1075.327	-25.11484	0.3363705	-599.992	-200.0057	0.3253183	-699.9995	-99.99955	0.4441076	-1185.085	150.0046	0.3317835	-1000.091	-200.0291	0.2766818	-600.0923	99.99409	0.2196646	-900.001	-0.002375683	0.3917474	0	0	0	0	0	0	0	0	0	0	0	0	-1499.91	-0.01016856	15.43101	0	0	0	0	0	0	0	0	0	0	0	0	0	0	0	
30.536	19	11	7	9	-1075.328	-25.11521	0.3432864	-599.992	-200.0057	0.3246232	-699.9995	-99.99954	0.4428867	-1185.06	150.0046	0.3301488	-1000.091	-200.0292	0.2840344	-600.0925	99.99409	0.2213634	-900.001	-0.002370582	0.3888022	0	0	0	0	0	0	0	0	0	0	0	0	-1499.909	-0.01033636	15.53196	0	0	0	0	0	0	0	0	0	0	0	0	0	0	0	
30.58	19	11	7	9	-1075.329	-25.11555	0.349518	-599.992	-200.0057	0.324088	-699.9995	-99.99953	0.441595	-1185.038	150.0046	0.3288015	-1000.091	-200.0293	0.2907763	-600.0926	99.99408	0.223103	-900.001	-0.002366353	0.3860906	0	0	0	0	0	0	0	0	0	0	0	0	-1499.908	-0.01054996	15.64108	0	0	0	0	0	0	0	0	0	0	0	0	0	0	0	
30.624	19	11	7	9	-1075.33	-25.1159	0.3556142	-599.992	-200.0057	0.3236642	-699.9994	-99.99952	0.440151	-1185.015	150.0046	0.3276043	-1000.092	-200.0294	0.2974782	-600.0928	99.99407	0.2250078	-900.001	-0.002362668	0.3833769	0	0	0	0	0	0	0	0	0	0	0	0	-1499.908	-0.01085455	15.74017	0	0	0	0	0	0	0	0	0	0	0	0	0	0	0	
30.672	19	11	7	9	-1075.331	-25.11627	0.3620751	-599.992	-200.0057	0.3233265	-699.9994	-99.99951	0.4384174	-1184.991	150.0046	0.3264862	-1000.092	-200.0295	0.3046937	-600.093	99.99406	0.2272616	-900.001	-0.0023587	0.3804232	0	0	0	0	0	0	0	0	0	0	0	0	-1499.908	-0.01116616	15.84728	0	0	0	0	0	0	0	0	0	0	0	0	0	0	0	
30.72	19	11	7	9	-1075.332	-25.11665	0.3683027	-599.992	-200.0057	0.3230981	-699.9994	-99.9995	0.4365358	-1184.966	150.0047	0.3255855	-1000.092	-200.0297	0.311753	-600.0931	99.99406	0.229684	-900.001	-0.002354044	0.3774851	0	0	0	0	0	0	0	0	0	0	0	0	-1499.907	-0.01148027	15.95334	0	0	0	0	0	0	0	0	0	0	0	0	0	0	0	
30.76	19	11	7	9	-1075.333	-25.11697	0.3732892	-599.992	-200.0057	0.3229735	-699.9994	-99.99949	0.434867	-1184.945	150.0047	0.3250115	-1000.093	-200.0298	0.3174766	-600.0933	99.99405	0.2318196	-900.001	-0.002349522	0.3750545	0	0	0	0	0	0	0	0	0	0	0	0	-1499.907	-0.01165227	16.04092	0	0	0	0	0	0	0	0	0	0	0	0	0	0	0	
30.808	19	11	7	9	-1075.334	-25.11734	0.3790015	-599.992	-200.0057	0.3228947	-699.9993	-99.99948	0.4327569	-1184.921	150.0047	0.3245377	-1000.093	-200.0299	0.3241176	-600.0934	99.99404	0.2345086	-900.001	-0.002343808	0.3721664	0	0	0	0	0	0	0	0	0	0	0	0	-1499.906	-0.01179138	16.14503	0	0	0	0	0	0	0	0	0	0	0	0	0	0	0	
30.852	19	11	7	9	-1075.335	-25.11768	0.383954	-599.992	-200.0057	0.3229018	-699.9993	-99.99947	0.4307306	-1184.898	150.0047	0.3243046	-1000.094	-200.03	0.3299688	-600.0936	99.99404	0.2370828	-900.001	-0.002338795	0.3695532	0	0	0	0	0	0	0	0	0	0	0	0	-1499.906	-0.01200267	16.23958	0	0	0	0	0	0	0	0	0	0	0	0	0	0	0	
30.892	19	11	7	9	-1075.335	-25.11799	0.3882026	-599.992	-200.0057	0.3229953	-699.9993	-99.99947	0.4288202	-1184.878	150.0047	0.3242536	-1000.094	-200.0301	0.3350864	-600.0937	99.99403	0.2395061	-900.001	-0.002334439	0.3672122	0	0	0	0	0	0	0	0	0	0	0	0	-1499.906	-0.0122847	16.3248	0	0	0	0	0	0	0	0	0	0	0	0	0	0	0	
30.944	19	11	7	9	-1075.337	-25.11838	0.3933415	-599.992	-200.0057	0.3232774	-699.9993	-99.99946	0.4262497	-1184.851	150.0048	0.3244062	-1000.094	-200.0303	0.3414436	-600.0939	99.99402	0.2427655	-900.001	-0.002328928	0.3644551	0	0	0	0	0	0	0	0	0	0	0	0	-1499.905	-0.01260519	16.42608	0	0	0	0	0	0	0	0	0	0	0	0	0	0	0	
30.992	19	11	7	9	-1075.337	-25.11875	0.397678	-599.992	-200.0057	0.32373	-699.9992	-99.99945	0.4237986	-1184.826	150.0048	0.3247547	-1000.095	-200.0304	0.3469915	-600.094	99.99402	0.2458744	-900.0011	-0.002321928	0.3615441	0	0	0	0	0	0	0	0	0	0	0	0	-1499.905	-0.01290173	16.53462	0	0	0	0	0	0	0	0	0	0	0	0	0	0	0	
31.036	19	11	7	9	-1075.338	-25.11907	0.4012942	-599.9919	-200.0057	0.3243234	-699.9992	-99.99944	0.4214923	-1184.804	150.0048	0.3252388	-1000.095	-200.0306	0.3517716	-600.0942	99.99401	0.2487989	-900.0011	-0.002315232	0.3591526	0	0	0	0	0	0	0	0	0	0	0	0	-1499.904	-0.0131025	16.6255	0	0	0	0	0	0	0	0	0	0	0	0	0	0	0	
31.076	19	11	7	9	-1075.339	-25.11934	0.4039894	-599.9919	-200.0057	0.3249394	-699.9992	-99.99943	0.4195665	-1184.785	150.0048	0.3257465	-1000.096	-200.0307	0.3554388	-600.0943	99.994	0.2512371	-900.0011	-0.002309626	0.3572507	0	0	0	0	0	0	0	0	0	0	0	0	-1499.904	-0.01326204	16.6992	0	0	0	0	0	0	0	0	0	0	0	0	0	0	0	
31.124	19	11	7	10	-1075.34	-25.11971	0.4074532	-599.9919	-200.0057	0.3260302	-699.9992	-99.99942	0.4167281	-1184.761	150.0049	0.3265772	-1000.096	-200.0308	0.3599537	-600.0944	99.994	0.2545401	-900.0011	-0.002302446	0.3547987	0	0	0	0	0	0	0	0	0	0	0	0	-1499.903	-0.01347655	16.79656	0	0	0	0	0	0	0	0	0	0	0	0	0	0	0	
31.172	19	11	7	10	-1075.341	-25.12005	0.410192	-599.9919	-200.0057	0.3272293	-699.9991	-99.99941	0.4140532	-1184.734	150.0049	0.327682	-1000.097	-200.031	0.3643268	-600.0946	99.99399	0.2581694	-900.0011	-0.002294914	0.3522578	0	0	0	0	0	0	0	0	0	0	0	0	-1499.903	-0.01382007	16.90083	0	0	0	0	0	0	0	0	0	0	0	0	0	0	0	
31.216	19	11	7	10	-1075.342	-25.12036	0.4123111	-599.9919	-200.0057	0.3284671	-699.9991	-99.99941	0.4115579	-1184.711	150.0049	0.3287933	-1000.097	-200.0311	0.3675829	-600.0947	99.99399	0.2612692	-900.0011	-0.002288083	0.3502066	0	0	0	0	0	0	0	0	0	0	0	0	-1499.902	-0.0141848	16.98809	0	0	0	0	0	0	0	0	0	0	0	0	0	0	0	
31.256	19	11	7	10	-1075.342	-25.12063	0.4139113	-599.9919	-200.0057	0.3296927	-699.9991	-99.9994	0.4092547	-1184.691	150.0049	0.3299485	-1000.097	-200.0312	0.3701757	-600.0949	99.99398	0.2641018	-900.0011	-0.002281113	0.348424	0	0	0	0	0	0	0	0	0	0	0	0	-1499.902	-0.01453287	17.06668	0	0	0	0	0	0	0	0	0	0	0	0	0	0	0	
31.304	19	11	7	10	-1075.343	-25.12095	0.4154225	-599.9919	-200.0057	0.3312856	-699.999	-99.99939	0.4064467	-1184.666	150.0049	0.331511	-1000.098	-200.0313	0.3728152	-600.095	99.99398	0.2675105	-900.0011	-0.002271949	0.3463927	0	0	0	0	0	0	0	0	0	0	0	0	-1499.901	-0.01488738	17.16004	0	0	0	0	0	0	0	0	0	0	0	0	0	0	0	
31.352	19	11	7	10	-1075.344	-25.12127	0.4164913	-599.9918	-200.0057	0.3330297	-699.999	-99.99939	0.4035877	-1184.641	150.005	0.33325	-1000.098	-200.0315	0.3749429	-600.0952	99.99398	0.2709212	-900.0011	-0.002262597	0.3444849	0	0	0	0	0	0	0	0	0	0	0	0	-1499.901	-0.01527903	17.25236	0	0	0	0	0	0	0	0	0	0	0	0	0	0	0	
31.4	19	11	7	10	-1075.345	-25.12158	0.4171248	-599.9918	-200.0057	0.3349575	-699.999	-99.99938	0.4006734	-1184.617	150.005	0.335145	-1000.099	-200.0316	0.376578	-600.0953	99.99398	0.2743265	-900.0011	-0.002253548	0.3427068	0	0	0	0	0	0	0	0	0	0	0	0	-1499.9	-0.01567283	17.34368	0	0	0	0	0	0	0	0	0	0	0	0	0	0	0	
31.44	19	11	7	10	-1075.346	-25.12184	0.4173273	-599.9918	-200.0057	0.3367257	-699.999	-99.99937	0.3981986	-1184.596	150.005	0.3368318	-1000.099	-200.0317	0.377582	-600.0954	99.99398	0.2771551	-900.0011	-0.002246052	0.3413288	0	0	0	0	0	0	0	0	0	0	0	0	-1499.9	-0.01599322	17.41901	0	0	0	0	0	0	0	0	0	0	0	0	0	0	0	
31.48	19	11	7	10	-1075.346	-25.12209	0.4172417	-599.9918	-200.0057	0.3386478	-699.9989	-99.99937	0.3956786	-1184.576	150.005	0.3386097	-1000.099	-200.0318	0.37827	-600.0955	99.99398	0.2799703	-900.0012	-0.002238161	0.3400487	0	0	0	0	0	0	0	0	0	0	0	0	-1499.9	-0.01632065	17.49364	0	0	0	0	0	0	0	0	0	0	0	0	0	0	0	
31.528	19	11	7	10	-1075.347	-25.1224	0.416771	-599.9918	-200.0057	0.341149	-699.9989	-99.99936	0.3925908	-1184.551	150.005	0.3408581	-1000.1	-200.032	0.378679	-600.0957	99.99399	0.2833222	-900.0012	-0.002227843	0.3386463	0	0	0	0	0	0	0	0	0	0	0	0	-1499.899	-0.01665693	17.58228	0	0	0	0	0	0	0	0	0	0	0	0	0	0	0	
31.58	19	11	7	10	-1075.348	-25.12272	0.415827	-599.9918	-200.0057	0.3440687	-699.9989	-99.99935	0.3891625	-1184.524	150.0051	0.3434296	-1000.1	-200.0321	0.3786003	-600.0958	99.99399	0.2869086	-900.0012	-0.002216001	0.3372961	0	0	0	0	0	0	0	0	0	0	0	0	-1499.899	-0.01696944	17.6772	0	0	0	0	0	0	0	0	0	0	0	0	0	0	0	
31.624	19	11	7	10	-1075.348	-25.12299	0.4146936	-599.9918	-200.0057	0.346679	-699.9989	-99.99934	0.3861912	-1184.502	150.0051	0.3457124	-1000.1	-200.0322	0.3781075	-600.096	99.994	0.2898972	-900.0012	-0.002206128	0.3362934	0	0	0	0	0	0	0	0	0	0	0	0	-1499.898	-0.01728261	17.7566	0	0	0	0	0	0	0	0	0	0	0	0	0	0	0	
31.668	19	11	7	10	-1075.349	-25.12326	0.413271	-599.9918	-200.0057	0.3493889	-699.9988	-99.99934	0.3831544	-1184.479	150.0051	0.3480929	-1000.101	-200.0324	0.3772356	-600.0961	99.994	0.2928371	-900.0012	-0.002196673	0.3354193	0	0	0	0	0	0	0	0	0	0	0	0	-1499.898	-0.01756738	17.83517	0	0	0	0	0	0	0	0	0	0	0	0	0	0	0	
31.712	19	11	7	10	-1075.35	-25.12353	0.4115773	-599.9918	-200.0057	0.3521736	-699.9988	-99.99933	0.3800528	-1184.457	150.0051	0.3505742	-1000.101	-200.0325	0.3760073	-600.0962	99.99401	0.295725	-900.0012	-0.00218731	0.3346735	0	0	0	0	0	0	0	0	0	0	0	0	-1499.897	-0.01783281	17.91294	0	0	0	0	0	0	0	0	0	0	0	0	0	0	0	
31.76	19	11	7	10	-1075.35	-25.12382	0.409443	-599.9917	-200.0057	0.3552752	-699.9988	-99.99932	0.3765986	-1184.432	150.0051	0.3533978	-1000.101	-200.0326	0.3742919	-600.0963	99.99403	0.298814	-900.0012	-0.002176559	0.3340058	0	0	0	0	0	0	0	0	0	0	0	0	-1499.897	-0.01823829	17.99686	0	0	0	0	0	0	0	0	0	0	0	0	0	0	0	
31.808	19	11	7	10	-1075.351	-25.12411	0.407035	-599.9917	-200.0057	0.3584358	-699.9988	-99.99932	0.3730774	-1184.407	150.0052	0.3563349	-1000.102	-200.0328	0.3722147	-600.0965	99.99404	0.301837	-900.0012	-0.002165088	0.3334911	0	0	0	0	0	0	0	0	0	0	0	0	-1499.896	-0.01863789	18.07984	0	0	0	0	0	0	0	0	0	0	0	0	0	0	0	
31.856	19	11	7	10	-1075.352	-25.1244	0.4043808	-599.9917	-200.0057	0.3616666	-699.9987	-99.99931	0.3694994	-1184.383	150.0052	0.3593657	-1000.102	-200.0329	0.3698035	-600.0966	99.99406	0.3047908	-900.0012	-0.002153367	0.3331304	0	0	0	0	0	0	0	0	0	0	0	0	-1499.896	-0.01902117	18.16187	0	0	0	0	0	0	0	0	0	0	0	0	0	0	0	
31.9	19	11	7	10	-1075.352	-25.12467	0.4017556	-599.9917	-200.0057	0.3647081	-699.9987	-99.9993	0.3661823	-1184.36	150.0052	0.3622065	-1000.102	-200.033	0.3673243	-600.0967	99.99407	0.3074344	-900.0012	-0.002143072	0.3329368	0	0	0	0	0	0	0	0	0	0	0	0	-1499.895	-0.01944653	18.23623	0	0	0	0	0	0	0	0	0	0	0	0	0	0	0	
31.948	19	11	7	10	-1075.353	-25.12496	0.3987091	-599.9917	-200.0057	0.3681277	-699.9987	-99.99929	0.3625416	-1184.335	150.0052	0.3653575	-1000.103	-200.0332	0.364354	-600.0968	99.99409	0.3102431	-900.0012	-0.002132445	0.3328759	0	0	0	0	0	0	0	0	0	0	0	0	-1499.895	-0.01986218	18.31644	0	0	0	0	0	0	0	0	0	0	0	0	0	0	0	
31.984	19	11	7	10	-1075.354	-25.12518	0.3963163	-599.9917	-200.0057	0.3707594	-699.9987	-99.99929	0.3598107	-1184.317	150.0052	0.3677515	-1000.103	-200.0333	0.3619593	-600.0969	99.99411	0.3122938	-900.0012	-0.00212456	0.3329327	0	0	0	0	0	0	0	0	0	0	0	0	-1499.894	-0.02012647	18.37599	0	0	0	0	0	0	0	0	0	0	0	0	0	0	0	
32.032	19	11	7	11	-1075.354	-25.12547	0.3930054	-599.9918	-200.0057	0.3743351	-699.9987	-99.99928	0.3561926	-1184.292	150.0052	0.3709834	-1000.103	-200.0334	0.3585579	-600.097	99.99413	0.3149473	-900.0011	-0.00211364	0.3331434	0	0	0	0	0	0	0	0	0	0	0	0	-1499.894	-0.02050753	18.45458	0	0	0	0	0	0	0	0	0	0	0	0	0	0	0	
32.08	19	11	7	11	-1075.355	-25.12576	0.389584	-599.9918	-200.0057	0.3779492	-699.9987	-99.99927	0.3526292	-1184.268	150.0053	0.3742591	-1000.104	-200.0336	0.3549297	-600.0971	99.99415	0.3175018	-900.0011	-0.002102226	0.3335051	0	0	0	0	0	0	0	0	0	0	0	0	-1499.894	-0.02095831	18.53224	0	0	0	0	0	0	0	0	0	0	0	0	0	0	0	
32.124	19	11	7	11	-1075.355	-25.12603	0.3863753	-599.9918	-200.0057	0.3812616	-699.9987	-99.99926	0.3494371	-1184.245	150.0053	0.3772956	-1000.104	-200.0337	0.351419	-600.0972	99.99417	0.319753	-900.0011	-0.00209185	0.3339651	0	0	0	0	0	0	0	0	0	0	0	0	-1499.894	-0.02130188	18.60264	0	0	0	0	0	0	0	0	0	0	0	0	0	0	0	
32.172	19	11	7	11	-1075.356	-25.12632	0.3828228	-599.9918	-200.0057	0.384848	-699.9987	-99.99925	0.3460623	-1184.22	150.0053	0.3806362	-1000.104	-200.0338	0.3474145	-600.0973	99.9942	0.3221106	-900.0011	-0.002081202	0.3346016	0	0	0	0	0	0	0	0	0	0	0	0	-1499.894	-0.02160249	18.67859	0	0	0	0	0	0	0	0	0	0	0	0	0	0	0	
32.216	19	11	7	11	-1075.357	-25.12659	0.3795414	-599.9918	-200.0057	0.3880988	-699.9987	-99.99925	0.3430885	-1184.198	150.0053	0.3837143	-1000.104	-200.034	0.3436152	-600.0974	99.99422	0.3241843	-900.0011	-0.002072021	0.3353031	0	0	0	0	0	0	0	0	0	0	0	0	-1499.893	-0.02189844	18.74742	0	0	0	0	0	0	0	0	0	0	0	0	0	0	0	
32.236	19	11	7	11	-1075.357	-25.12671	0.3780479	-599.9918	-200.0057	0.3895633	-699.9987	-99.99924	0.3417795	-1184.187	150.0053	0.3851156	-1000.105	-200.034	0.3418559	-600.0974	99.99423	0.3251	-900.0011	-0.002067898	0.3356581	0	0	0	0	0	0	0	0	0	0	0	0	-1499.893	-0.02203107	18.77846	0	0	0	0	0	0	0	0	0	0	0	0	0	0	0	
32.28	19	11	7	11	-1075.357	-25.12698	0.3747697	-599.9918	-200.0057	0.3927572	-699.9987	-99.99923	0.3390039	-1184.165	150.0053	0.3881949	-1000.105	-200.0342	0.3379281	-600.0975	99.99426	0.3270563	-900.0011	-0.002058627	0.3365165	0	0	0	0	0	0	0	0	0	0	0	0	-1499.893	-0.02225499	18.84621	0	0	0	0	0	0	0	0	0	0	0	0	0	0	0	
32.328	19	11	7	11	-1075.358	-25.12727	0.371224	-599.9918	-200.0057	0.3962031	-699.9987	-99.99922	0.3361534	-1184.14	150.0053	0.3915308	-1000.105	-200.0343	0.3335685	-600.0976	99.99428	0.3290983	-900.0011	-0.002047932	0.3375723	0	0	0	0	0	0	0	0	0	0	0	0	-1499.893	-0.02244199	18.91927	0	0	0	0	0	0	0	0	0	0	0	0	0	0	0	
32.368	19	11	7	11	-1075.359	-25.12751	0.3683104	-599.9918	-200.0057	0.3990537	-699.9987	-99.99922	0.3339327	-1184.12	150.0054	0.3942732	-1000.106	-200.0345	0.329887	-600.0977	99.99431	0.3307242	-900.0011	-0.002039153	0.3385448	0	0	0	0	0	0	0	0	0	0	0	0	-1499.893	-0.02259383	18.9795	0	0	0	0	0	0	0	0	0	0	0	0	0	0	0	
32.412	19	11	7	11	-1075.359	-25.12778	0.3651651	-599.9918	-200.0057	0.4021776	-699.9987	-99.99921	0.3316658	-1184.097	150.0054	0.3972318	-1000.106	-200.0346	0.3257985	-600.0978	99.99434	0.332429	-900.001	-0.002030045	0.3397105	0	0	0	0	0	0	0	0	0	0	0	0	-1499.893	-0.02277581	19.04507	0	0	0	0	0	0	0	0	0	0	0	0	0	0	0	
32.448	19	11	7	11	-1075.36	-25.12799	0.3626491	-599.9918	-200.0057	0.4047271	-699.9987	-99.9992	0.3299577	-1184.079	150.0054	0.3995987	-1000.106	-200.0347	0.3224335	-600.0978	99.99436	0.3337551	-900.001	-0.002023195	0.3407368	0	0	0	0	0	0	0	0	0	0	0	0	-1499.893	-0.02296359	19.09818	0	0	0	0	0	0	0	0	0	0	0	0	0	0	0	
32.496	19	11	7	11	-1075.36	-25.12828	0.3593901	-599.9918	-200.0057	0.4081083	-699.9987	-99.99919	0.3279	-1184.054	150.0054	0.4026743	-1000.106	-200.0349	0.3179345	-600.0979	99.99439	0.3354219	-900.001	-0.002014589	0.3422022	0	0	0	0	0	0	0	0	0	0	0	0	-1499.893	-0.02325902	19.16825	0	0	0	0	0	0	0	0	0	0	0	0	0	0	0	
32.532	19	11	7	11	-1075.361	-25.12849	0.3570274	-599.9918	-200.0057	0.4106138	-699.9987	-99.99918	0.3265308	-1184.036	150.0054	0.4049205	-1000.107	-200.035	0.31456	-600.098	99.99441	0.3365926	-900.001	-0.002008114	0.3433696	0	0	0	0	0	0	0	0	0	0	0	0	-1499.892	-0.02347787	19.22027	0	0	0	0	0	0	0	0	0	0	0	0	0	0	0	
32.56	19	11	7	11	-1075.361	-25.12865	0.3552428	-599.9918	-200.0057	0.4125323	-699.9987	-99.99917	0.3255735	-1184.021	150.0054	0.4066311	-1000.107	-200.0351	0.3119371	-600.098	99.99442	0.3374549	-900.001	-0.002002905	0.3443153	0	0	0	0	0	0	0	0	0	0	0	0	-1499.892	-0.02365803	19.26039	0	0	0	0	0	0	0	0	0	0	0	0	0	0	0	
32.608	19	11	7	11	-1075.361	-25.12893	0.3523007	-599.9918	-200.0057	0.415736	-699.9987	-99.99916	0.3241584	-1183.996	150.0054	0.4094835	-1000.107	-200.0353	0.3074511	-600.0981	99.99445	0.3388348	-900.001	-0.001993709	0.3460077	0	0	0	0	0	0	0	0	0	0	0	0	-1499.892	-0.02397862	19.32851	0	0	0	0	0	0	0	0	0	0	0	0	0	0	0	
32.656	19	11	7	11	-1075.362	-25.1292	0.3495181	-599.9918	-200.0057	0.4188122	-699.9987	-99.99915	0.3230343	-1183.972	150.0054	0.4122198	-1000.108	-200.0354	0.3029915	-600.0982	99.99448	0.3399896	-900.001	-0.001985453	0.3476306	0	0	0	0	0	0	0	0	0	0	0	0	-1499.892	-0.02432325	19.39025	0	0	0	0	0	0	0	0	0	0	0	0	0	0	0	
32.7	19	11	7	11	-1075.363	-25.12945	0.3471154	-599.9918	-200.0057	0.4215169	-699.9987	-99.99914	0.3222608	-1183.949	150.0054	0.4146075	-1000.108	-200.0356	0.298947	-600.0982	99.99451	0.3411341	-900.0009	-0.001977153	0.34947	0	0	0	0	0	0	0	0	0	0	0	0	-1499.892	-0.0248535	19.45681	0	0	0	0	0	0	0	0	0	0	0	0	0	0	0	
32.748	19	11	7	11	-1075.363	-25.12971	0.3446646	-599.9918	-200.0057	0.4243517	-699.9987	-99.99913	0.3216953	-1183.925	150.0055	0.4170602	-1000.108	-200.0358	0.2946078	-600.0983	99.99454	0.3421592	-900.0009	-0.001969474	0.3513732	0	0	0	0	0	0	0	0	0	0	0	0	-1499.892	-0.02541816	19.52256	0	0	0	0	0	0	0	0	0	0	0	0	0	0	0	
32.796	19	11	7	11	-1075.364	-25.12997	0.3423976	-599.9918	-200.0057	0.4270773	-699.9987	-99.99912	0.321415	-1183.9	150.0055	0.4193341	-1000.109	-200.0359	0.2903643	-600.0984	99.99457	0.3430651	-900.0009	-0.001961762	0.3533333	0	0	0	0	0	0	0	0	0	0	0	0	-1499.892	-0.02597163	19.58749	0	0	0	0	0	0	0	0	0	0	0	0	0	0	0	
32.844	19	11	7	11	-1075.364	-25.13022	0.3403186	-599.9918	-200.0057	0.4296987	-699.9987	-99.99911	0.3214131	-1183.875	150.0055	0.421409	-1000.109	-200.0361	0.2862221	-600.0984	99.99459	0.343847	-900.0009	-0.001953589	0.3553454	0	0	0	0	0	0	0	0	0	0	0	0	-1499.891	-0.02654598	19.65159	0	0	0	0	0	0	0	0	0	0	0	0	0	0	0	
32.892	19	11	7	12	-1075.365	-25.13047	0.3384293	-599.9918	-200.0057	0.4322105	-699.9987	-99.9991	0.3216818	-1183.851	150.0055	0.4232652	-1000.109	-200.0362	0.2821849	-600.0985	99.99462	0.3444976	-900.0009	-0.001945276	0.3574056	0	0	0	0	0	0	0	0	0	0	0	0	-1499.891	-0.02716978	19.71489	0	0	0	0	0	0	0	0	0	0	0	0	0	0	0	
32.94	19	11	7	12	-1075.365	-25.13072	0.3367292	-599.9918	-200.0057	0.4345973	-699.9987	-99.99909	0.3222117	-1183.826	150.0055	0.4248879	-1000.11	-200.0364	0.2782605	-600.0986	99.99465	0.3450093	-900.0008	-0.001937519	0.3595093	0	0	0	0	0	0	0	0	0	0	0	0	-1499.891	-0.02780236	19.77744	0	0	0	0	0	0	0	0	0	0	0	0	0	0	0	
32.988	19	11	7	12	-1075.366	-25.13095	0.3352159	-599.9918	-200.0057	0.4368329	-699.9987	-99.99908	0.3229916	-1183.801	150.0055	0.4262715	-1000.11	-200.0366	0.274465	-600.0986	99.99468	0.3453758	-900.0008	-0.001930567	0.3616495	0	0	0	0	0	0	0	0	0	0	0	0	-1499.89	-0.0284334	19.83921	0	0	0	0	0	0	0	0	0	0	0	0	0	0	0	
33.036	19	11	7	12	-1075.366	-25.13119	0.3338844	-599.9918	-200.0057	0.4388809	-699.9987	-99.99907	0.3240081	-1183.777	150.0055	0.4274201	-1000.11	-200.0367	0.2708157	-600.0987	99.99471	0.3455924	-900.0008	-0.0019239	0.3638168	0	0	0	0	0	0	0	0	0	0	0	0	-1499.89	-0.02897944	19.90021	0	0	0	0	0	0	0	0	0	0	0	0	0	0	0	
33.08	19	11	7	12	-1075.367	-25.1314	0.3328181	-599.9918	-200.0057	0.4405611	-699.9986	-99.99906	0.3251306	-1183.754	150.0055	0.4282714	-1000.111	-200.0369	0.2676094	-600.0987	99.99473	0.3456574	-900.0008	-0.001917411	0.3658186	0	0	0	0	0	0	0	0	0	0	0	0	-1499.89	-0.02938414	19.95544	0	0	0	0	0	0	0	0	0	0	0	0	0	0	0	
33.128	19	11	7	12	-1075.367	-25.13162	0.3318153	-599.9918	-200.0057	0.4421548	-699.9986	-99.99905	0.3265439	-1183.729	150.0055	0.4289777	-1000.111	-200.037	0.2642703	-600.0988	99.99476	0.3455811	-900.0007	-0.001909763	0.3680096	0	0	0	0	0	0	0	0	0	0	0	0	-1499.889	-0.02975107	20.01498	0	0	0	0	0	0	0	0	0	0	0	0	0	0	0	
33.176	19	11	7	12	-1075.368	-25.13184	0.3309702	-599.9918	-200.0057	0.4434946	-699.9986	-99.99905	0.3281273	-1183.705	150.0055	0.4294396	-1000.111	-200.0372	0.2611071	-600.0988	99.99478	0.3453517	-900.0007	-0.001902033	0.3701988	0	0	0	0	0	0	0	0	0	0	0	0	-1499.889	-0.0300916	20.07376	0	0	0	0	0	0	0	0	0	0	0	0	0	0	0	
33.22	19	11	7	12	-1075.368	-25.13204	0.3303245	-599.9918	-200.0057	0.4445117	-699.9986	-99.99904	0.3297032	-1183.682	150.0056	0.4296352	-1000.112	-200.0373	0.2583768	-600.0988	99.99481	0.3450066	-900.0007	-0.00189538	0.3721967	0	0	0	0	0	0	0	0	0	0	0	0	-1499.888	-0.03034594	20.12701	0	0	0	0	0	0	0	0	0	0	0	0	0	0	0	
33.264	19	11	7	12	-1075.368	-25.13223	0.3297911	-599.9918	-200.0057	0.4453413	-699.9986	-99.99903	0.3313731	-1183.66	150.0056	0.4296054	-1000.112	-200.0374	0.2558232	-600.0989	99.99483	0.3445299	-900.0007	-0.001889127	0.3741807	0	0	0	0	0	0	0	0	0	0	0	0	-1499.888	-0.03054511	20.17964	0	0	0	0	0	0	0	0	0	0	0	0	0	0	0	
33.312	19	11	7	12	-1075.369	-25.13244	0.3293249	-599.9917	-200.0057	0.4460392	-699.9986	-99.99902	0.3332735	-1183.635	150.0056	0.4293143	-1000.112	-200.0376	0.253247	-600.0989	99.99486	0.3438542	-900.0007	-0.001882206	0.3763244	0	0	0	0	0	0	0	0	0	0	0	0	-1499.887	-0.03076647	20.23636	0	0	0	0	0	0	0	0	0	0	0	0	0	0	0	
33.356	19	11	7	12	-1075.369	-25.13263	0.3289912	-599.9917	-200.0057	0.4464803	-699.9986	-99.99901	0.3350631	-1183.612	150.0056	0.4288148	-1000.113	-200.0377	0.2510752	-600.0989	99.99489	0.343086	-900.0006	-0.00187532	0.3782675	0	0	0	0	0	0	0	0	0	0	0	0	-1499.887	-0.03085697	20.28771	0	0	0	0	0	0	0	0	0	0	0	0	0	0	0	
33.404	19	11	7	12	-1075.369	-25.13283	0.3287143	-599.9917	-200.0057	0.4467228	-699.9986	-99.999	0.3370427	-1183.588	150.0056	0.4280226	-1000.113	-200.0379	0.2489048	-600.099	99.99492	0.3420796	-900.0006	-0.001867339	0.3803606	0	0	0	0	0	0	0	0	0	0	0	0	-1499.886	-0.03084215	20.34305	0	0	0	0	0	0	0	0	0	0	0	0	0	0	0	
33.452	19	11	7	12	-1075.37	-25.13302	0.3285119	-599.9917	-200.0057	0.4466893	-699.9986	-99.999	0.33903	-1183.563	150.0056	0.4269805	-1000.113	-200.038	0.246939	-600.099	99.99495	0.3408938	-900.0006	-0.001859514	0.3824221	0	0	0	0	0	0	0	0	0	0	0	0	-1499.886	-0.03081425	20.39771	0	0	0	0	0	0	0	0	0	0	0	0	0	0	0	
33.5	19	11	7	12	-1075.37	-25.13322	0.3283668	-599.9917	-200.0057	0.4463548	-699.9985	-99.99899	0.3410107	-1183.538	150.0056	0.4257001	-1000.113	-200.0381	0.2451853	-600.099	99.99499	0.3395274	-900.0006	-0.001852289	0.384446	0	0	0	0	0	0	0	0	0	0	0	0	-1499.885	-0.03084061	20.45167	0	0	0	0	0	0	0	0	0	0	0	0	0	0	0	
33.548	19	11	7	12	-1075.371	-25.13341	0.3282612	-599.9916	-200.0057	0.4456975	-699.9985	-99.99898	0.3429792	-1183.514	150.0056	0.4241985	-1000.114	-200.0383	0.2436557	-600.099	99.99502	0.3379804	-900.0005	-0.001845353	0.3864248	0	0	0	0	0	0	0	0	0	0	0	0	-1499.885	-0.03094513	20.50496	0	0	0	0	0	0	0	0	0	0	0	0	0	0	0	
33.568	19	11	7	12	-1075.371	-25.13349	0.3282247	-599.9916	-200.0057	0.4453244	-699.9985	-99.99898	0.3437966	-1183.503	150.0056	0.4235121	-1000.114	-200.0383	0.2430863	-600.099	99.99503	0.3372826	-900.0005	-0.001842369	0.387234	0	0	0	0	0	0	0	0	0	0	0	0	-1499.885	-0.03097488	20.52697	0	0	0	0	0	0	0	0	0	0	0	0	0	0	0	
33.616	19	11	7	12	-1075.371	-25.13367	0.328145	-599.9916	-200.0057	0.4441877	-699.9985	-99.99897	0.3457586	-1183.479	150.0056	0.4217274	-1000.114	-200.0385	0.2418826	-600.0991	99.99507	0.3354802	-900.0005	-0.001834672	0.3891351	0	0	0	0	0	0	0	0	0	0	0	0	-1499.884	-0.03100271	20.57934	0	0	0	0	0	0	0	0	0	0	0	0	0	0	0	
33.664	19	11	7	12	-1075.371	-25.13385	0.3280625	-599.9916	-200.0057	0.4427179	-699.9985	-99.99896	0.3477359	-1183.454	150.0056	0.419754	-1000.114	-200.0386	0.2409041	-600.0991	99.99511	0.3334971	-900.0005	-0.001826318	0.390973	0	0	0	0	0	0	0	0	0	0	0	0	-1499.884	-0.03104082	20.63104	0	0	0	0	0	0	0	0	0	0	0	0	0	0	0	
33.712	19	11	7	12	-1075.372	-25.13403	0.3279601	-599.9916	-200.0057	0.4409401	-699.9985	-99.99895	0.3497503	-1183.43	150.0056	0.4175934	-1000.115	-200.0387	0.2401427	-600.0991	99.99515	0.3313326	-900.0005	-0.001817948	0.3927422	0	0	0	0	0	0	0	0	0	0	0	0	-1499.883	-0.03122248	20.68207	0	0	0	0	0	0	0	0	0	0	0	0	0	0	0	
33.76	19	11	7	12	-1075.372	-25.13421	0.3278217	-599.9916	-200.0057	0.4388885	-699.9985	-99.99895	0.351824	-1183.405	150.0057	0.4152495	-1000.115	-200.0389	0.2395885	-600.0991	99.99519	0.3289848	-900.0004	-0.001810075	0.3944385	0	0	0	0	0	0	0	0	0	0	0	0	-1499.883	-0.03151078	20.73242	0	0	0	0	0	0	0	0	0	0	0	0	0	0	0	
33.792	19	11	7	13	-1075.372	-25.13432	0.3277018	-599.9915	-200.0057	0.4373827	-699.9985	-99.99894	0.3532492	-1183.388	150.0057	0.4135915	-1000.115	-200.0389	0.2393266	-600.0991	99.99522	0.3273165	-900.0004	-0.001805034	0.3955274	0	0	0	0	0	0	0	0	0	0	0	0	-1499.883	-0.03164175	20.76562	0	0	0	0	0	0	0	0	0	0	0	0	0	0	0	
33.824	19	11	7	13	-1075.373	-25.13444	0.3275546	-599.9915	-200.0057	0.4357714	-699.9985	-99.99894	0.3547146	-1183.372	150.0057	0.4118648	-1000.115	-200.039	0.2391427	-600.0991	99.99525	0.3255653	-900.0004	-0.001799933	0.3965819	0	0	0	0	0	0	0	0	0	0	0	0	-1499.883	-0.03173999	20.79854	0	0	0	0	0	0	0	0	0	0	0	0	0	0	0	
33.872	19	11	7	13	-1075.373	-25.13461	0.3272741	-599.9915	-200.0058	0.4331544	-699.9984	-99.99893	0.3569969	-1183.347	150.0057	0.4091616	-1000.115	-200.0392	0.2389957	-600.0991	99.9953	0.322783	-900.0004	-0.001791794	0.3980986	0	0	0	0	0	0	0	0	0	0	0	0	-1499.883	-0.03191573	20.84739	0	0	0	0	0	0	0	0	0	0	0	0	0	0	0	
33.912	19	11	7	13	-1075.373	-25.13475	0.3269775	-599.9915	-200.0058	0.4307827	-699.9984	-99.99892	0.3589822	-1183.327	150.0057	0.4068214	-1000.116	-200.0393	0.2389764	-600.099	99.99534	0.320324	-900.0003	-0.001784546	0.3993022	0	0	0	0	0	0	0	0	0	0	0	0	-1499.882	-0.03197067	20.88762	0	0	0	0	0	0	0	0	0	0	0	0	0	0	0	
33.96	19	11	7	13	-1075.373	-25.13491	0.3265367	-599.9915	-200.0058	0.4277004	-699.9984	-99.99892	0.3614699	-1183.302	150.0057	0.4039247	-1000.116	-200.0394	0.2390666	-600.099	99.99539	0.3172097	-900.0003	-0.001775786	0.4006726	0	0	0	0	0	0	0	0	0	0	0	0	-1499.882	-0.03196803	20.93532	0	0	0	0	0	0	0	0	0	0	0	0	0	0	0	
34.012	19	11	7	13	-1075.374	-25.13507	0.3259939	-599.9914	-200.0058	0.4243656	-699.9984	-99.99891	0.3640741	-1183.277	150.0057	0.4009455	-1000.116	-200.0395	0.2392809	-600.099	99.99544	0.3139243	-900.0003	-0.001767548	0.4019594	0	0	0	0	0	0	0	0	0	0	0	0	-1499.882	-0.03202901	20.98239	0	0	0	0	0	0	0	0	0	0	0	0	0	0	0	
34.06	19	11	7	13	-1075.374	-25.13524	0.3252815	-599.9914	-200.0058	0.420491	-699.9984	-99.9989	0.3670266	-1183.251	150.0057	0.397641	-1000.116	-200.0396	0.2396567	-600.099	99.9955	0.3101798	-900.0002	-0.0017592	0.4032536	0	0	0	0	0	0	0	0	0	0	0	0	-1499.882	-0.03203686	21.03271	0	0	0	0	0	0	0	0	0	0	0	0	0	0	0	
34.108	19	11	7	13	-1075.374	-25.13539	0.3245029	-599.9914	-200.0058	0.4167043	-699.9984	-99.99889	0.3698727	-1183.226	150.0057	0.3945349	-1000.116	-200.0398	0.2401299	-600.099	99.99556	0.3065586	-900.0002	-0.00175136	0.4043515	0	0	0	0	0	0	0	0	0	0	0	0	-1499.882	-0.0320823	21.07855	0	0	0	0	0	0	0	0	0	0	0	0	0	0	0	
34.144	19	11	7	13	-1075.374	-25.13551	0.3238401	-599.9914	-200.0058	0.4137532	-699.9984	-99.99889	0.3720833	-1183.208	150.0057	0.3921775	-1000.116	-200.0399	0.2405534	-600.099	99.9956	0.3037422	-900.0002	-0.001745081	0.405112	0	0	0	0	0	0	0	0	0	0	0	0	-1499.882	-0.03216892	21.11255	0	0	0	0	0	0	0	0	0	0	0	0	0	0	0	
34.176	19	11	7	13	-1075.375	-25.13561	0.3231934	-599.9914	-200.0058	0.4110645	-699.9984	-99.99888	0.3741027	-1183.191	150.0057	0.3900649	-1000.117	-200.0399	0.24097	-600.099	99.99564	0.3011688	-900.0002	-0.001739266	0.405742	0	0	0	0	0	0	0	0	0	0	0	0	-1499.882	-0.03224004	21.14249	0	0	0	0	0	0	0	0	0	0	0	0	0	0	0	
34.224	19	11	7	13	-1075.375	-25.13576	0.3221215	-599.9914	-200.0058	0.4069426	-699.9984	-99.99888	0.377226	-1183.167	150.0057	0.3868699	-1000.117	-200.0401	0.24165	-600.099	99.9957	0.2971899	-900.0001	-0.0017306	0.406605	0	0	0	0	0	0	0	0	0	0	0	0	-1499.882	-0.03234669	21.18691	0	0	0	0	0	0	0	0	0	0	0	0	0	0	0	
34.272	19	11	7	13	-1075.375	-25.1359	0.3209285	-599.9914	-200.0058	0.4027478	-699.9984	-99.99887	0.3804571	-1183.142	150.0057	0.3836519	-1000.117	-200.0402	0.2423763	-600.099	99.99576	0.2930761	-900.0001	-0.001722575	0.4073692	0	0	0	0	0	0	0	0	0	0	0	0	-1499.881	-0.03253046	21.23073	0	0	0	0	0	0	0	0	0	0	0	0	0	0	0	
34.316	19	11	7	13	-1075.375	-25.13603	0.3197315	-599.9913	-200.0058	0.3988634	-699.9984	-99.99886	0.3835051	-1183.119	150.0057	0.3806964	-1000.117	-200.0403	0.2430639	-600.099	99.99582	0.2891951	-900.0001	-0.001715813	0.4079828	0	0	0	0	0	0	0	0	0	0	0	0	-1499.881	-0.03277326	21.27038	0	0	0	0	0	0	0	0	0	0	0	0	0	0	0	
34.364	19	11	7	13	-1075.376	-25.13617	0.318318	-599.9913	-200.0058	0.3945959	-699.9984	-99.99885	0.3869114	-1183.095	150.0057	0.377487	-1000.117	-200.0404	0.243816	-600.099	99.99589	0.2848525	-900	-0.001708526	0.4085577	0	0	0	0	0	0	0	0	0	0	0	0	-1499.881	-0.03296041	21.31306	0	0	0	0	0	0	0	0	0	0	0	0	0	0	0	
34.412	19	11	7	13	-1075.376	-25.13631	0.3167998	-599.9913	-200.0058	0.3902986	-699.9984	-99.99885	0.390387	-1183.07	150.0057	0.3743153	-1000.117	-200.0405	0.2445523	-600.099	99.99595	0.2804103	-900	-0.001700817	0.4090352	0	0	0	0	0	0	0	0	0	0	0	0	-1499.881	-0.03309322	21.35517	0	0	0	0	0	0	0	0	0	0	0	0	0	0	0	
34.46	19	11	7	13	-1075.376	-25.13645	0.3151867	-599.9913	-200.0058	0.3859743	-699.9984	-99.99884	0.3939143	-1183.045	150.0057	0.3711947	-1000.118	-200.0406	0.2452671	-600.099	99.99602	0.2758843	-900	-0.001693495	0.409388	0	0	0	0	0	0	0	0	0	0	0	0	-1499.881	-0.03331981	21.39328	0	0	0	0	0	0	0	0	0	0	0	0	0	0	0	
34.504	19	11	7	13	-1075.376	-25.13658	0.3136348	-599.9913	-200.0058	0.382001	-699.9984	-99.99883	0.3971775	-1183.023	150.0057	0.3683827	-1000.118	-200.0407	0.2459106	-600.099	99.99608	0.2716748	-899.9999	-0.00168585	0.4096801	0	0	0	0	0	0	0	0	0	0	0	0	-1499.881	-0.03365034	21.43432	0	0	0	0	0	0	0	0	0	0	0	0	0	0	0	
34.552	19	11	7	13	-1075.376	-25.13672	0.3118748	-599.9912	-200.0059	0.3776876	-699.9984	-99.99882	0.4007521	-1182.998	150.0057	0.3653694	-1000.118	-200.0409	0.2466117	-600.099	99.99614	0.2670293	-899.9999	-0.001678994	0.4098742	0	0	0	0	0	0	0	0	0	0	0	0	-1499.881	-0.03392992	21.47482	0	0	0	0	0	0	0	0	0	0	0	0	0	0	0	
34.6	19	11	7	13	-1075.377	-25.13685	0.31006	-599.9912	-200.0059	0.3734358	-699.9984	-99.99882	0.4043222	-1182.973	150.0057	0.3624174	-1000.118	-200.041	0.2473162	-600.099	99.99621	0.2623404	-899.9999	-0.001672664	0.4099695	0	0	0	0	0	0	0	0	0	0	0	0	-1499.881	-0.03422833	21.51478	0	0	0	0	0	0	0	0	0	0	0	0	0	0	0	
34.644	19	11	7	13	-1075.377	-25.13698	0.3083632	-599.9912	-200.0059	0.3696236	-699.9984	-99.99881	0.4075717	-1182.951	150.0057	0.3597727	-1000.118	-200.0411	0.2479581	-600.0991	99.99626	0.2580157	-899.9998	-0.001666769	0.4099703	0	0	0	0	0	0	0	0	0	0	0	0	-1499.881	-0.03451604	21.55095	0	0	0	0	0	0	0	0	0	0	0	0	0	0	0	
34.696	19	11	7	14	-1075.377	-25.13713	0.3063376	-599.9912	-200.0059	0.3652509	-699.9984	-99.9988	0.4113563	-1182.924	150.0057	0.3567325	-1000.118	-200.0412	0.2486973	-600.0991	99.99632	0.2528897	-899.9998	-0.001659418	0.4098661	0	0	0	0	0	0	0	0	0	0	0	0	-1499.882	-0.03486593	21.5931	0	0	0	0	0	0	0	0	0	0	0	0	0	0	0	
34.74	19	11	7	14	-1075.377	-25.13725	0.3046246	-599.9912	-200.0059	0.3616779	-699.9984	-99.9988	0.4144857	-1182.901	150.0057	0.3542391	-1000.119	-200.0413	0.2492992	-600.0992	99.99638	0.2485572	-899.9998	-0.00165333	0.4096914	0	0	0	0	0	0	0	0	0	0	0	0	-1499.882	-0.03509805	21.62829	0	0	0	0	0	0	0	0	0	0	0	0	0	0	0	
34.792	19	11	7	14	-1075.377	-25.13739	0.3027778	-599.9912	-200.0059	0.3579234	-699.9984	-99.99879	0.4177925	-1182.877	150.0057	0.3516087	-1000.119	-200.0414	0.2499317	-600.0993	99.99643	0.243857	-899.9997	-0.001647389	0.409412	0	0	0	0	0	0	0	0	0	0	0	0	-1499.882	-0.03532688	21.66619	0	0	0	0	0	0	0	0	0	0	0	0	0	0	0	
34.836	19	11	7	14	-1075.378	-25.13753	0.3009759	-599.9911	-200.0059	0.3543241	-699.9985	-99.99878	0.4209537	-1182.852	150.0057	0.3490826	-1000.119	-200.0415	0.2505439	-600.0993	99.99649	0.239206	-899.9997	-0.00164236	0.4090426	0	0	0	0	0	0	0	0	0	0	0	0	-1499.882	-0.03551345	21.70359	0	0	0	0	0	0	0	0	0	0	0	0	0	0	0	
34.884	19	11	7	14	-1075.378	-25.13767	0.2992425	-599.9911	-200.006	0.3508794	-699.9985	-99.99877	0.4239322	-1182.827	150.0057	0.3466756	-1000.119	-200.0416	0.2511404	-600.0994	99.99654	0.2346259	-899.9996	-0.001637677	0.4085854	0	0	0	0	0	0	0	0	0	0	0	0	-1499.883	-0.03569138	21.74051	0	0	0	0	0	0	0	0	0	0	0	0	0	0	0	
34.932	19	11	7	14	-1075.378	-25.13779	0.2977345	-599.9911	-200.006	0.3478557	-699.9985	-99.99877	0.4264692	-1182.805	150.0057	0.3445847	-1000.119	-200.0417	0.2516793	-600.0995	99.99658	0.2305072	-899.9996	-0.001633139	0.4080918	0	0	0	0	0	0	0	0	0	0	0	0	-1499.883	-0.03584513	21.77391	0	0	0	0	0	0	0	0	0	0	0	0	0	0	0	
34.976	19	11	7	14	-1075.378	-25.13793	0.2962007	-599.9911	-200.006	0.3447073	-699.9985	-99.99876	0.4289895	-1182.78	150.0057	0.3424324	-1000.119	-200.0418	0.2522719	-600.0996	99.99663	0.2261181	-899.9996	-0.001627897	0.4074748	0	0	0	0	0	0	0	0	0	0	0	0	-1499.883	-0.03600468	21.80989	0	0	0	0	0	0	0	0	0	0	0	0	0	0	0	
35.024	19	11	7	14	-1075.378	-25.13807	0.2948073	-599.991	-200.006	0.3417333	-699.9985	-99.99875	0.4312141	-1182.756	150.0057	0.3404093	-1000.119	-200.0419	0.2528899	-600.0997	99.99667	0.2218529	-899.9995	-0.001622927	0.4067779	0	0	0	0	0	0	0	0	0	0	0	0	-1499.883	-0.03614691	21.84538	0	0	0	0	0	0	0	0	0	0	0	0	0	0	0	
